0	0	0	0	0	0	0	0	0	0	0	0	0	0	0	0	0	0	0	0	0	0	0	0	0	0	0	0	0	0	0	0	0	0	0	0	0	0	0	0	0	0	0	0	0	0	0	0	0	0	0	0	0	0	0	0	0	0	0	0	0	0	0	0	0	0	0	0	0	0	0	0	0	0	0	0	0	0	0	0	0	0	0	0	0	0	0	0	0	0	0	0	0	0	0	0	0	0	0	0	0	0	0	0	0	0	0	0	0	0	0	0	0	0	0	0	0	0	0	0	0	0	0	0	0	0	0	0
0	0	0	0	0	0	0	0	0	0	0	0	0	0	0	0	0	0	0	0	0	0	0	0	0	0	0	0	0	0	0	0	0	0	0	0	0	0	0	0	0	0	0	0	0	0	0	0	0	0	0	0	0	0	0	0	0	0	0	0	0	0	0	0	0	0	0	0	0	0	0	0	0	0	0	0	0	0	0	0	0	0	0	0	0	0	0	0	0	0	0	0	0	0	0	0	0	0	0	0	0	0	0	0	0	0	0	0	0	0	0	0	0	0	0	0	0	0	0	0	0	0	0	0	0	0	0	0
0	0	0	0	0	0	0	0	0	0	0	0	0	0	0	0	0	0	0	0	0	0	0	0	0	0	0	0	0	0	0	0	0	0	0	0	0	0	0	0	0	0	0	0	0	0	0	0	0	0	0	0	0	0	0	0	0	0	0	0	0	0	0	0	0	0	0	0	0	0	0	0	0	0	0	0	0	0	0	0	0	0	0	0	0	0	0	0	0	0	0	0	0	0	0	0	0	0	0	0	0	0	0	0	0	0	0	0	0	0	0	0	0	0	0	0	0	0	0	0	0	0	0	0	0	0	0	0
0	0	0	0	0	0	0	0	0	0	0	0	0	0	0	0	0	0	0	0	0	0	0	0	0	0	0	0	0	0	0	0	0	0	0	0	0	0	0	0	0	0	0	0	0	0	0	0	0	0	0	0	0	0	0	0	0	0	0	0	0	0	0	0	0	0	0	0	0	0	0	0	0	0	0	0	0	0	0	0	0	0	0	0	0	0	0	0	0	0	0	0	0	0	0	0	0	0	0	0	0	0	0	0	0	0	0	0	0	0	0	0	0	0	0	0	0	0	0	0	0	0	0	0	0	0	0	0
0	0	0	0	0	0	0	0	0	0	0	0	0	0	0	0	0	0	0	0	0	0	0	0	0	0	0	0	0	0	0	0	0	0	0	0	0	0	0	0	0	0	0	0	0	0	0	0	5.61225000000000	11.2245000000000	30.6122500000000	50	50	50	50	50	50	50	50	50	50	50	39.2290000000000	28.4580000000000	14.2290000000000	0	0	0	0	0	0	0	0	0	0	0	0	0	0	0	0	0	0	0	0	0	0	0	0	0	0	0	0	0	0	0	0	0	0	0	0	0	0	0	0	0	0	0	0	0	0	0	0	0	0	0	0	0	0	0	0	0	0	0	0	0	0	0
0	0	0	0	0	0	0	0	0	0	0	0	0	0	0	0	0	0	0	0	0	0	0	0	0	0	0	0	0	0	0	0	0	0	0	0	0	0	0	0	0	0	0	0	0	0	0	0	11.2245000000000	22.4490000000000	61.2245000000000	100	100	100	100	100	100	100	100	100	100	100	78.4580000000000	56.9160000000000	28.4580000000000	0	0	0	0	0	0	0	0	0	0	0	0	0	0	0	0	0	0	0	0	0	0	0	0	0	0	0	0	0	0	0	0	0	0	0	0	0	0	0	0	0	0	0	0	0	0	0	0	0	0	0	0	0	0	0	0	0	0	0	0	0	0	0
0	0	0	0	0	0	0	0	0	0	0	0	0	0	0	0	0	0	0	0	0	0	0	0	0	0	0	0	0	0	0	0	0	0	0	0	0	0	0	0	0	0	0	0	0	0	25	50	55.6122500000000	61.2245000000000	80.6122500000000	100	100	100	100	100	100	100	100	100	100	100	89.2290000000000	78.4580000000000	64.2290000000000	50	27.0407500000000	4.08150000000000	27.0407500000000	50	50	50	50	50	50	50	50	50	50	50	50	50	25	0	0	0	0	0	0	0	0	0	0	0	0	0	0	0	0	0	0	0	0	0	0	0	0	0	0	0	0	0	0	0	0	0	0	0	0	0	0	0	0	0	0	0	0	0
0	0	0	0	0	0	0	0	0	0	0	0	0	0	0	0	0	0	0	0	0	0	0	0	0	0	0	0	0	0	0	0	0	0	0	0	0	0	0	0	0	0	0	0	0	0	50	100	100	100	100	100	100	100	100	100	100	100	100	100	100	100	100	100	100	100	54.0815000000000	8.16300000000000	54.0815000000000	100	100	100	100	100	100	100	100	100	100	100	100	100	50	0	0	0	0	0	0	0	0	0	0	0	0	0	0	0	0	0	0	0	0	0	0	0	0	0	0	0	0	0	0	0	0	0	0	0	0	0	0	0	0	0	0	0	0	0
0	0	0	0	0	0	0	0	0	0	0	0	0	0	0	0	0	0	0	0	0	0	0	0	0	0	0	0	0	0	0	0	0	0	0	0	0	0	0	0	0	0	0	0	25	50	75	100	100	100	100	100	100	100	100	100	100	100	100	100	100	100	100	100	100	100	77.0407500000000	54.0815000000000	77.0407500000000	100	100	100	100	100	100	100	100	100	100	100	100	100	75	50	25	0	0	0	0	0	0	0	0	0	0	0	0	0	0	0	0	0	0	0	0	0	0	0	0	0	0	0	0	0	0	0	0	0	0	0	0	0	0	0	0	0	0	0
0	0	0	0	0	0	0	0	0	0	0	0	0	0	0	0	0	0	0	0	0	0	0	0	0	0	0	0	0	0	0	0	0	0	0	0	0	0	0	0	0	0	0	0	50	100	100	100	100	100	100	100	100	100	100	100	100	100	100	100	100	100	100	100	100	100	100	100	100	100	100	100	100	100	100	100	100	100	100	100	100	100	100	100	50	0	0	0	0	0	0	0	0	0	0	0	0	0	0	0	0	0	0	0	0	0	0	0	0	0	0	0	0	0	0	0	0	0	0	0	0	0	0	0	0	0	0	0
0	0	0	0	0	0	0	0	0	0	0	0	0	0	0	0	0	0	0	0	0	0	0	0	0	0	0	0	0	0	0	0	0	0	0	0	0	0	0	0	0	0	0	0	50	100	100	100	100	100	100	100	100	100	100	100	98.2142500000000	96.4285000000000	75.7142500000000	55	74.4387500000000	93.8775000000000	96.9387500000000	100	100	100	100	100	100	100	100	100	100	100	100	100	100	100	95.4082500000000	90.8165000000000	95.4082500000000	100	100	100	75	50	25	0	0	0	0	0	0	0	0	0	0	0	0	0	0	0	0	0	0	0	0	0	0	0	0	0	0	0	0	0	0	0	0	0	0	0	0	0	0	0	0	0
0	0	0	0	0	0	0	0	0	0	0	0	0	0	0	0	0	0	0	0	0	0	0	0	0	0	0	0	0	0	0	0	0	0	0	0	0	0	0	0	0	0	0	0	50	100	100	100	100	100	100	100	100	100	100	100	96.4285000000000	92.8570000000000	51.4285000000000	10	48.8775000000000	87.7550000000000	93.8775000000000	100	100	100	100	100	100	100	100	100	100	100	100	100	100	100	90.8165000000000	81.6330000000000	90.8165000000000	100	100	100	100	100	50	0	0	0	0	0	0	0	0	0	0	0	0	0	0	0	0	0	0	0	0	0	0	0	0	0	0	0	0	0	0	0	0	0	0	0	0	0	0	0	0	0
0	0	0	0	0	0	0	0	0	0	0	0	0	0	0	0	0	0	0	0	0	0	0	0	0	0	0	0	0	0	0	0	0	0	0	0	0	0	0	0	7.14275000000000	14.2855000000000	7.14275000000000	0	50	100	100	100	100	100	100	100	100	100	100	100	75.7142500000000	51.4285000000000	30.7142500000000	10	39.0815000000000	68.1630000000000	84.0815000000000	100	100	100	100	100	100	100	77.5000000000000	55	55	55	71.0715000000000	87.1430000000000	74.1327500000000	61.1225000000000	53.4695000000000	45.8165000000000	72.9082500000000	100	100	100	100	100	57.1427500000000	14.2855000000000	13.6052500000000	12.9250000000000	6.46250000000000	0	0	0	0	0	0	0	0	0	0	0	0	0	0	0	0	0	0	0	0	0	0	0	0	0	0	0	0	0	0	0	0	0	0	0	0	0
0	0	0	0	0	0	0	0	0	0	0	0	0	0	0	0	0	0	0	0	0	0	0	0	0	0	0	0	0	0	0	0	0	0	0	0	0	0	0	0	14.2855000000000	28.5710000000000	14.2855000000000	0	50	100	100	100	100	100	100	100	100	100	100	100	55	10	10	10	29.2855000000000	48.5710000000000	74.2855000000000	100	100	100	100	100	100	100	55	10	10	10	42.1430000000000	74.2860000000000	48.2655000000000	22.2450000000000	16.1225000000000	10	55	100	100	100	100	100	64.2855000000000	28.5710000000000	27.2105000000000	25.8500000000000	12.9250000000000	0	0	0	0	0	0	0	0	0	0	0	0	0	0	0	0	0	0	0	0	0	0	0	0	0	0	0	0	0	0	0	0	0	0	0	0	0
0	0	0	0	0	0	0	0	0	0	0	0	0	0	0	0	0	0	0	0	0	0	0	0	0	0	0	0	0	0	0	0	0	0	0	0	8.33325000000000	16.6665000000000	31.7460000000000	46.8255000000000	55.5555000000000	64.2855000000000	57.1427500000000	50	75	100	100	100	100	100	100	100	100	100	100	100	55	10	10	10	19.6427500000000	29.2855000000000	64.6427500000000	100	100	100	100	100	100	100	55	10	10	10	26.0715000000000	42.1430000000000	29.1327500000000	16.1225000000000	13.0612500000000	10	55	100	100	100	100	100	82.1427500000000	64.2855000000000	63.6052500000000	62.9250000000000	38.6052500000000	14.2855000000000	7.14275000000000	0	0	0	0	0	0	0	0	0	0	0	0	0	0	0	0	0	0	0	0	0	0	0	0	0	0	0	0	0	0	0	0	0	0	0
0	0	0	0	0	0	0	0	0	0	0	0	0	0	0	0	0	0	0	0	0	0	0	0	0	0	0	0	0	0	0	0	0	0	0	0	16.6665000000000	33.3330000000000	63.4920000000000	93.6510000000000	96.8255000000000	100	100	100	100	100	100	100	100	100	100	100	100	100	100	100	55	10	10	10	10	10	55	100	100	100	100	100	100	100	55	10	10	10	10	10	10	10	10	10	55	100	100	100	100	100	100	100	100	100	64.2855000000000	28.5710000000000	14.2855000000000	0	0	0	0	0	0	0	0	0	0	0	0	0	0	0	0	0	0	0	0	0	0	0	0	0	0	0	0	0	0	0	0	0	0	0
0	0	0	0	0	0	0	0	0	0	0	0	0	0	0	0	0	0	0	0	0	0	0	0	0	0	0	0	0	0	0	0	0	0	20.2380000000000	40.4760000000000	53.5712500000000	66.6665000000000	81.7460000000000	96.8255000000000	98.4127500000000	100	100	100	100	100	100	100	100	100	100	100	100	100	100	100	60.7142500000000	21.4285000000000	15.7142500000000	10	10	10	55	100	100	100	100	100	100	100	77.5000000000000	55	32.5000000000000	10	10	10	10	10	32.5000000000000	55	77.5000000000000	100	100	100	100	100	100	100	100	100	82.1427500000000	64.2855000000000	32.1427500000000	0	0	0	0	0	0	0	0	0	0	0	0	0	0	0	0	0	0	0	0	0	0	0	0	0	0	0	0	0	0	0	0	0	0	0
0	0	0	0	0	0	0	0	0	0	0	0	0	0	0	0	0	0	0	0	0	0	0	0	0	0	0	0	0	0	0	0	0	0	40.4760000000000	80.9520000000000	90.4760000000000	100	100	100	100	100	100	100	100	100	100	100	100	100	100	100	100	100	100	100	66.4285000000000	32.8570000000000	21.4285000000000	10	10	10	55	100	100	100	100	100	100	100	100	100	55	10	10	10	10	10	55	100	100	100	100	100	100	100	100	100	100	100	100	100	50	0	0	0	0	0	0	0	0	0	0	0	0	0	0	0	0	0	0	0	0	0	0	0	0	0	0	0	0	0	0	0	0	0	0	0
0	0	0	0	0	0	0	0	0	0	0	0	0	0	0	0	0	0	0	0	0	0	0	0	0	0	0	0	0	0	0	0	0	0	45.2380000000000	90.4760000000000	95.2380000000000	100	100	100	100	100	100	100	100	100	100	100	100	100	100	100	100	100	100	100	75.7142500000000	51.4285000000000	30.7142500000000	10	10	10	55	100	100	100	100	100	100	100	100	100	61.4285000000000	22.8570000000000	16.4285000000000	10	10	10	55	100	100	100	100	100	100	100	100	100	100	100	100	100	52.0407500000000	4.08150000000000	2.04075000000000	0	0	0	0	0	0	0	0	0	0	0	0	0	0	0	0	0	0	0	0	0	0	0	0	0	0	0	0	0	0	0	0	0
0	0	0	0	0	0	0	0	0	0	0	0	0	0	0	0	0	0	0	0	0	0	0	0	0	0	0	0	0	0	0	0	0	0	50	100	100	100	100	100	100	100	100	100	100	100	100	100	100	100	100	100	100	100	100	100	85	70	40	10	10	10	55	100	100	100	100	100	100	100	100	100	67.8570000000000	35.7140000000000	22.8570000000000	10	10	10	55	100	100	100	100	100	100	100	100	100	100	100	100	100	54.0815000000000	8.16300000000000	4.08150000000000	0	0	0	0	0	0	0	0	0	0	0	0	0	0	0	0	0	0	0	0	0	0	0	0	0	0	0	0	0	0	0	0	0
0	0	0	0	0	0	0	0	0	0	0	0	0	0	0	0	0	0	0	0	0	0	0	0	0	0	0	0	0	0	0	0	0	0	50	100	100	100	100	100	100	100	100	100	100	100	100	100	100	100	100	100	100	100	100	100	70	40	25	10	10	10	55	100	100	100	100	100	100	100	100	100	67.8570000000000	35.7140000000000	22.8570000000000	10	10	10	55	100	100	100	100	100	100	100	100	100	100	100	100	100	77.0407500000000	54.0815000000000	52.0407500000000	50	46.2585000000000	42.5170000000000	21.2585000000000	0	0	0	0	0	0	0	0	0	0	0	0	0	0	0	0	0	0	0	0	0	0	0	0	0	0	0	0	0
0	0	0	0	0	0	0	0	0	0	0	0	0	0	0	0	0	0	0	0	0	0	0	0	0	0	0	0	0	0	0	0	0	0	50	100	100	100	100	100	100	100	100	100	100	100	100	100	100	100	100	100	100	100	100	100	55	10	10	10	10	10	55	100	100	100	100	100	100	100	100	100	67.8570000000000	35.7140000000000	22.8570000000000	10	10	10	55	100	100	100	100	100	100	100	100	100	100	100	100	100	100	100	100	100	92.5170000000000	85.0340000000000	42.5170000000000	0	0	0	0	0	0	0	0	0	0	0	0	0	0	0	0	0	0	0	0	0	0	0	0	0	0	0	0	0
0	0	0	0	0	0	0	0	0	0	0	0	0	0	0	0	0	0	0	0	0	0	0	0	0	0	0	0	0	0	0	0	9.97725000000000	19.9545000000000	59.9772500000000	100	100	100	100	100	100	100	100	100	100	100	100	100	100	100	100	100	100	100	100	100	55	10	10	10	19.6427500000000	29.2855000000000	64.6427500000000	100	100	100	100	100	100	100	100	100	61.4285000000000	22.8570000000000	16.4285000000000	10	10	10	55	100	100	100	100	100	100	100	100	100	100	100	100	100	100	100	100	100	96.2585000000000	92.5170000000000	62.9252500000000	33.3335000000000	16.6667500000000	0	0	0	0	0	0	0	0	0	0	0	0	0	0	0	0	0	0	0	0	0	0	0	0	0	0	0
0	0	0	0	0	0	0	0	0	0	0	0	0	0	0	0	0	0	0	0	0	0	0	0	0	0	0	0	0	0	0	0	19.9545000000000	39.9090000000000	69.9545000000000	100	100	100	100	100	100	100	100	100	100	100	100	100	100	100	100	100	100	100	100	100	55	10	10	10	29.2855000000000	48.5710000000000	74.2855000000000	100	100	100	100	100	100	100	100	100	55	10	10	10	10	10	55	100	100	100	100	100	100	100	100	100	100	100	100	100	100	100	100	100	100	100	83.3335000000000	66.6670000000000	33.3335000000000	0	0	0	0	0	0	0	0	0	0	0	0	0	0	0	0	0	0	0	0	0	0	0	0	0	0	0
0	0	0	0	0	0	0	0	0	0	0	0	0	0	0	0	0	0	0	0	0	0	0	0	0	0	0	0	0	0	0	0	34.9772500000000	69.9545000000000	84.9772500000000	100	100	100	100	100	100	100	100	100	100	100	100	100	100	100	100	100	100	100	100	100	55	10	10	10	42.1427500000000	74.2855000000000	87.1427500000000	100	100	100	100	100	100	100	100	100	61.4285000000000	22.8570000000000	16.4285000000000	10	10	10	55	100	100	100	100	100	100	100	100	100	100	100	100	100	100	100	100	100	100	100	91.6667500000000	83.3335000000000	41.6667500000000	0	0	0	0	0	0	0	0	0	0	0	0	0	0	0	0	0	0	0	0	0	0	0	0	0	0	0
0	0	0	0	0	0	0	0	0	0	0	0	0	0	0	0	0	0	0	0	0	0	0	0	0	0	0	0	0	0	0	0	50	100	100	100	100	100	100	100	100	100	100	100	100	100	100	100	100	100	100	100	100	100	100	100	55	10	10	10	55	100	100	100	100	100	100	100	100	100	100	100	67.8570000000000	35.7140000000000	22.8570000000000	10	10	10	55	100	100	100	100	100	100	100	100	100	100	100	100	100	100	100	100	100	100	100	100	100	50	0	0	0	0	0	0	0	0	0	0	0	0	0	0	0	0	0	0	0	0	0	0	0	0	0	0	0
0	0	0	0	0	0	0	0	0	0	0	0	0	0	0	0	0	0	0	0	0	0	0	0	0	0	0	0	0	0	0	0	50	100	100	100	100	100	100	100	100	100	100	100	100	100	100	100	100	100	97.3470000000000	94.6940000000000	97.3470000000000	100	96.0205000000000	92.0410000000000	51.0205000000000	10	10	10	55	100	100	100	100	100	100	100	100	100	100	100	61.4285000000000	22.8570000000000	16.4285000000000	10	10	10	51.7857500000000	93.5715000000000	96.7857500000000	100	100	100	100	100	100	100	100	100	100	100	100	100	100	100	100	100	100	100	65.4762500000000	30.9525000000000	15.4762500000000	0	0	0	0	0	0	0	0	0	0	0	0	0	0	0	0	0	0	0	0	0	0	0	0	0
0	0	0	0	0	0	0	0	0	0	0	0	0	0	0	0	0	0	0	0	0	0	0	0	0	0	0	0	0	0	0	0	50	100	100	100	100	100	100	100	100	100	100	100	100	100	100	100	100	100	94.6940000000000	89.3880000000000	94.6940000000000	100	92.0410000000000	84.0820000000000	47.0410000000000	10	10	10	55	100	100	100	100	100	100	100	100	100	100	100	55	10	10	10	10	10	48.5715000000000	87.1430000000000	93.5715000000000	100	100	100	100	100	100	100	100	100	100	100	100	100	100	100	100	100	100	100	80.9525000000000	61.9050000000000	30.9525000000000	0	0	0	0	0	0	0	0	0	0	0	0	0	0	0	0	0	0	0	0	0	0	0	0	0
0	0	0	0	0	0	0	0	0	0	0	0	0	0	0	0	0	0	0	0	0	0	0	0	0	0	0	0	0	0	0	0	50	100	100	100	100	100	100	100	100	100	100	100	100	100	100	100	100	100	74.8470000000000	49.6940000000000	52.3470000000000	55	51.0205000000000	47.0410000000000	28.5205000000000	10	10	10	55	100	100	100	100	100	100	100	100	100	100	100	55	10	10	10	10	10	48.5715000000000	87.1430000000000	93.5715000000000	100	100	100	100	100	100	100	100	100	100	100	100	100	100	100	100	100	100	100	90.4762500000000	80.9525000000000	40.4762500000000	0	0	0	0	0	0	0	0	0	0	0	0	0	0	0	0	0	0	0	0	0	0	0	0	0
0	0	0	0	0	0	0	0	0	0	0	0	0	0	0	0	0	0	0	0	0	0	0	0	0	0	0	0	0	0	0	0	50	100	100	100	100	100	100	100	100	100	100	100	100	100	100	100	100	100	55	10	10	10	10	10	10	10	10	10	55	100	100	100	100	100	100	100	100	100	100	100	55	10	10	10	10	10	48.5715000000000	87.1430000000000	93.5715000000000	100	100	100	100	100	100	100	100	100	100	100	100	100	100	100	100	100	100	100	100	100	50	0	0	0	0	0	0	0	0	0	0	0	0	0	0	0	0	0	0	0	0	0	0	0	0	0
0	0	0	0	0	0	0	0	0	0	0	0	0	0	0	0	0	0	0	0	0	0	0	0	0	0	0	0	0	0	0	0	45.7482500000000	91.4965000000000	95.7482500000000	100	100	100	100	100	83.9285000000000	67.8570000000000	61.4285000000000	55	55.3060000000000	55.6120000000000	63.2652500000000	70.9185000000000	85.4592500000000	100	68.0102500000000	36.0205000000000	23.0102500000000	10	10	10	10	10	10	10	45.8162500000000	81.6325000000000	90.8162500000000	100	100	100	100	100	100	100	100	100	55	10	10	10	10	10	48.5715000000000	87.1430000000000	93.5715000000000	100	100	100	100	100	100	100	100	100	100	100	100	100	100	100	100	100	100	100	100	100	50	0	0	0	0	0	0	0	0	0	0	0	0	0	0	0	0	0	0	0	0	0	0	0	0	0
0	0	0	0	0	0	0	0	0	0	0	0	0	0	0	0	0	0	0	0	0	0	0	0	0	0	0	0	0	0	0	0	41.4965000000000	82.9930000000000	91.4965000000000	100	100	100	100	100	67.8570000000000	35.7140000000000	22.8570000000000	10	10.6120000000000	11.2240000000000	26.5305000000000	41.8370000000000	70.9185000000000	100	81.0205000000000	62.0410000000000	36.0205000000000	10	10	10	10	10	10	10	36.6325000000000	63.2650000000000	81.6325000000000	100	100	100	100	100	100	100	100	100	55	10	10	10	10	10	48.5715000000000	87.1430000000000	93.5715000000000	100	100	100	100	100	100	100	100	100	100	100	100	100	100	100	100	100	100	100	100	100	50	0	0	0	0	0	0	0	0	0	0	0	0	0	0	0	0	0	0	0	0	0	0	0	0	0
0	0	0	0	0	0	0	0	0	0	0	0	0	0	0	0	0	0	0	0	0	0	0	0	0	0	0	0	0	0	0	0	20.7482500000000	41.4965000000000	51.7007500000000	61.9050000000000	80.9525000000000	100	100	100	61.4285000000000	22.8570000000000	16.4285000000000	10	10.3060000000000	10.6120000000000	18.2652500000000	25.9185000000000	41.2245000000000	56.5305000000000	68.7755000000000	81.0205000000000	66.7347500000000	52.4490000000000	31.2245000000000	10	10	10	10	10	32.9590000000000	55.9180000000000	77.9590000000000	100	100	100	100	100	100	100	88.5715000000000	77.1430000000000	43.5715000000000	10	10	10	10	10	48.5715000000000	87.1430000000000	93.5715000000000	100	100	100	100	100	77.5000000000000	55	61.9897500000000	68.9795000000000	84.4897500000000	100	100	100	100	100	100	100	100	100	75	50	25	0	0	0	0	0	0	0	0	0	0	0	0	0	0	0	0	0	0	0	0	0	0	0	0	0
0	0	0	0	0	0	0	0	0	0	0	0	0	0	0	0	0	0	0	0	0	0	0	0	0	0	0	0	0	0	0	0	0	0	11.9050000000000	23.8100000000000	61.9050000000000	100	100	100	55	10	10	10	10	10	10	10	11.5305000000000	13.0610000000000	56.5305000000000	100	97.4490000000000	94.8980000000000	52.4490000000000	10	10	10	10	10	29.2855000000000	48.5710000000000	74.2855000000000	100	100	100	100	100	100	100	77.1430000000000	54.2860000000000	32.1430000000000	10	10	10	10	10	48.5715000000000	87.1430000000000	93.5715000000000	100	100	100	100	100	55	10	23.9795000000000	37.9590000000000	68.9795000000000	100	100	100	100	100	100	100	100	100	50	0	0	0	0	0	0	0	0	0	0	0	0	0	0	0	0	0	0	0	0	0	0	0	0	0	0	0
0	0	0	0	0	0	0	0	0	0	0	0	0	0	0	0	0	0	0	0	0	0	0	0	0	0	0	0	0	0	0	0	0	0	5.95250000000000	11.9050000000000	55.9525000000000	100	100	100	73.2142500000000	46.4285000000000	50.7142500000000	55	55	55	32.5000000000000	10	10.7652500000000	11.5305000000000	37.5510000000000	63.5715000000000	80.5102500000000	97.4490000000000	53.7245000000000	10	16.0715000000000	22.1430000000000	16.0715000000000	10	19.6427500000000	29.2855000000000	64.6427500000000	100	100	100	100	100	100	100	73.5715000000000	47.1430000000000	28.5715000000000	10	10	10	10	10	51.7857500000000	93.5715000000000	96.7857500000000	100	82.6530000000000	65.3060000000000	60.1530000000000	55	32.5000000000000	10	16.9897500000000	23.9795000000000	61.9897500000000	100	100	100	100	100	100	100	75	50	25	0	0	0	0	0	0	0	0	0	0	0	0	0	0	0	0	0	0	0	0	0	0	0	0	0	0	0
0	0	0	0	0	0	0	0	0	0	0	0	0	0	0	0	0	0	0	0	0	0	0	0	0	0	0	0	0	0	0	0	0	0	0	0	50	100	100	100	91.4285000000000	82.8570000000000	91.4285000000000	100	100	100	55	10	10	10	18.5715000000000	27.1430000000000	63.5715000000000	100	55	10	22.1430000000000	34.2860000000000	22.1430000000000	10	10	10	55	100	100	100	100	100	100	100	70	40	25	10	10	10	10	10	55	100	100	100	65.3060000000000	30.6120000000000	20.3060000000000	10	10	10	10	10	55	100	100	100	100	100	100	100	50	0	0	0	0	0	0	0	0	0	0	0	0	0	0	0	0	0	0	0	0	0	0	0	0	0	0	0	0	0
0	0	0	0	0	0	0	0	0	0	0	0	0	0	0	0	0	0	0	0	0	0	0	0	0	0	0	0	0	0	0	0	0	0	17.3470000000000	34.6940000000000	67.3470000000000	100	100	100	95.7142500000000	91.4285000000000	95.7142500000000	100	100	100	77.5000000000000	55	32.5000000000000	10	14.2857500000000	18.5715000000000	59.2857500000000	100	71.0715000000000	42.1430000000000	54.6430000000000	67.1430000000000	61.0715000000000	55	32.5000000000000	10	43.2142500000000	76.4285000000000	88.2142500000000	100	100	100	100	100	70	40	25	10	31.7347500000000	53.4695000000000	31.7347500000000	10	55	100	100	100	60.1530000000000	20.3060000000000	15.1530000000000	10	10	10	10	10	38.4695000000000	66.9390000000000	83.4695000000000	100	100	100	100	100	50	0	0	0	0	0	0	0	0	0	0	0	0	0	0	0	0	0	0	0	0	0	0	0	0	0	0	0	0	0
0	0	0	0	0	0	0	0	0	0	0	0	0	0	0	0	0	0	0	0	0	0	0	0	0	0	0	0	0	0	0	0	0	0	34.6940000000000	69.3880000000000	84.6940000000000	100	100	100	100	100	100	100	100	100	100	100	55	10	10	10	55	100	87.1430000000000	74.2860000000000	87.1430000000000	100	100	100	55	10	31.4285000000000	52.8570000000000	76.4285000000000	100	100	100	100	100	70	40	25	10	53.4695000000000	96.9390000000000	53.4695000000000	10	55	100	100	100	55	10	10	10	10	10	10	10	21.9390000000000	33.8780000000000	66.9390000000000	100	100	100	100	100	50	0	0	0	0	0	0	0	0	0	0	0	0	0	0	0	0	0	0	0	0	0	0	0	0	0	0	0	0	0
0	0	0	0	0	0	0	0	0	0	0	0	0	0	0	0	0	0	0	0	0	0	0	0	0	0	0	0	0	0	0	0	24.4330000000000	48.8660000000000	66.7800000000000	84.6940000000000	92.3470000000000	100	100	100	100	100	100	100	100	100	100	100	77.5000000000000	55	32.5000000000000	10	34.6427500000000	59.2855000000000	52.2447500000000	45.2040000000000	72.6020000000000	100	100	100	66.6327500000000	33.2655000000000	32.3470000000000	31.4285000000000	56.0202500000000	80.6120000000000	78.6732500000000	76.7345000000000	68.0100000000000	59.2855000000000	42.1427500000000	25	33.5715000000000	42.1430000000000	70.3062500000000	98.4695000000000	54.2347500000000	10	55	100	77.7040000000000	55.4080000000000	32.7040000000000	10	10	10	10	10	10	10	15.9695000000000	21.9390000000000	44.4900000000000	67.0410000000000	83.5205000000000	100	100	100	75	50	49.0930000000000	48.1860000000000	24.0930000000000	0	0	0	0	0	0	0	0	0	0	0	0	0	0	0	0	0	0	0	0	0	0	0	0	0
0	0	0	0	0	0	0	0	0	0	0	0	0	0	0	0	0	0	0	0	0	0	0	0	0	0	0	0	0	0	0	0	48.8660000000000	97.7320000000000	98.8660000000000	100	100	100	100	100	100	100	100	100	100	100	100	100	100	100	55	10	14.2855000000000	18.5710000000000	17.3465000000000	16.1220000000000	58.0610000000000	100	100	100	78.2655000000000	56.5310000000000	33.2655000000000	10	35.6120000000000	61.2240000000000	57.3465000000000	53.4690000000000	36.0200000000000	18.5710000000000	14.2855000000000	10	42.1430000000000	74.2860000000000	87.1430000000000	100	55	10	55	100	55.4080000000000	10.8160000000000	10.4080000000000	10	10	10	10	10	10	10	10	10	22.0410000000000	34.0820000000000	67.0410000000000	100	100	100	100	100	98.1860000000000	96.3720000000000	48.1860000000000	0	0	0	0	0	0	0	0	0	0	0	0	0	0	0	0	0	0	0	0	0	0	0	0	0
0	0	0	0	0	0	0	0	0	0	0	0	0	0	0	0	0	0	0	0	0	0	0	0	0	0	0	0	0	0	17.0067500000000	34.0135000000000	66.4397500000000	98.8660000000000	99.4330000000000	100	100	100	100	100	100	100	100	100	100	100	100	100	100	100	73.2142500000000	46.4285000000000	30.3570000000000	14.2855000000000	13.6732500000000	13.0610000000000	56.5305000000000	100	100	100	89.1327500000000	78.2655000000000	44.1327500000000	10	22.8060000000000	35.6120000000000	33.6732500000000	31.7345000000000	23.0100000000000	14.2855000000000	12.1427500000000	10	48.5715000000000	87.1430000000000	93.5715000000000	100	59.2857500000000	18.5715000000000	36.7857500000000	55	32.7040000000000	10.4080000000000	10.2040000000000	10	10	10	10	10	10	10	10	10	16.2245000000000	22.4490000000000	61.2245000000000	100	100	100	100	100	99.0930000000000	98.1860000000000	49.0930000000000	0	0	0	0	0	0	0	0	0	0	0	0	0	0	0	0	0	0	0	0	0	0	0	0	0
0	0	0	0	0	0	0	0	0	0	0	0	0	0	0	0	0	0	0	0	0	0	0	0	0	0	0	0	0	0	34.0135000000000	68.0270000000000	84.0135000000000	100	100	100	100	100	100	100	100	100	100	100	100	100	100	100	100	100	91.4285000000000	82.8570000000000	46.4285000000000	10	10	10	55	100	100	100	100	100	55	10	10	10	10	10	10	10	10	10	55	100	100	100	63.5715000000000	27.1430000000000	18.5715000000000	10	10	10	10	10	10	10	10	10	10	10	10	10	10.4080000000000	10.8160000000000	55.4080000000000	100	100	100	100	100	100	100	50	0	0	0	0	0	0	0	0	0	0	0	0	0	0	0	0	0	0	0	0	0	0	0	0	0
0	0	0	0	0	0	0	0	0	0	0	0	0	0	0	0	0	0	0	0	0	0	0	0	0	0	0	0	0	0	42.0067500000000	84.0135000000000	92.0067500000000	100	100	100	100	100	100	100	100	100	100	100	100	100	100	100	100	100	95.7142500000000	91.4285000000000	50.7142500000000	10	16.4285000000000	22.8570000000000	61.4285000000000	100	100	100	100	100	55	10	10	10	7.50000000000000	5	7.50000000000000	10	10	10	55	100	100	100	81.7857500000000	63.5715000000000	36.7857500000000	10	10	10	10	10	32.5000000000000	55	32.5000000000000	10	10	10	10	10	14.4897500000000	18.9795000000000	59.4897500000000	100	100	100	100	100	100	100	64.2857500000000	28.5715000000000	14.2857500000000	0	0	0	0	0	0	0	0	0	0	0	0	0	0	0	0	0	0	0	0	0	0	0
0	0	0	0	0	0	0	0	0	0	0	0	0	0	0	0	0	0	0	0	0	0	0	0	0	0	0	0	0	0	50	100	100	100	100	100	100	100	100	100	100	100	100	100	100	100	100	100	100	100	100	100	55	10	22.8570000000000	35.7140000000000	67.8570000000000	100	100	100	100	100	55	10	10	10	5	0	5	10	10	10	55	100	100	100	100	100	55	10	10	10	10	10	55	100	55	10	10	10	10	10	18.5715000000000	27.1430000000000	63.5715000000000	100	100	100	100	100	100	100	78.5715000000000	57.1430000000000	28.5715000000000	0	0	0	0	0	0	0	0	0	0	0	0	0	0	0	0	0	0	0	0	0	0	0
0	0	0	0	0	0	0	0	0	0	0	0	0	0	0	0	0	0	0	0	0	0	0	0	0	0	0	0	0.793750000000000	1.58750000000000	50.7937500000000	100	100	100	100	100	100	100	100	100	100	100	75	50	50	50	73.8095000000000	97.6190000000000	98.8095000000000	100	99.7960000000000	99.5920000000000	54.7960000000000	10	38.9285000000000	67.8570000000000	83.9285000000000	100	100	100	100	100	77.5000000000000	55	30	5	2.50000000000000	0	2.50000000000000	5	30	55	77.5000000000000	100	100	100	100	100	55.1530000000000	10.3060000000000	10.1530000000000	10	31.4795000000000	52.9590000000000	76.4795000000000	100	55	10	10	10	14.1327500000000	18.2655000000000	40.9185000000000	63.5715000000000	81.7857500000000	100	100	100	100	100	100	100	89.2857500000000	78.5715000000000	39.2857500000000	0	0	0	0	0	0	0	0	0	0	0	0	0	0	0	0	0	0	0	0	0	0	0
0	0	0	0	0	0	0	0	0	0	0	0	0	0	0	0	0	0	0	0	0	0	0	0	0	0	0	0	1.58750000000000	3.17500000000000	51.5875000000000	100	100	100	100	100	100	100	100	100	100	100	50	0	0	0	47.6190000000000	95.2380000000000	97.6190000000000	100	99.5920000000000	99.1840000000000	54.5920000000000	10	55	100	100	100	100	100	100	100	100	100	50	0	0	0	0	0	50	100	100	100	100	100	100	100	55.3060000000000	10.6120000000000	10.3060000000000	10	52.9590000000000	95.9180000000000	97.9590000000000	100	55	10	10	10	18.2655000000000	26.5310000000000	63.2655000000000	100	100	100	100	100	100	100	100	100	100	100	50	0	0	0	0	0	0	0	0	0	0	0	0	0	0	0	0	0	0	0	0	0	0	0
0	0	0	0	0	0	0	0	0	0	0	0	0	0	0	0	0	0	0	0	0	0	0	0	0	0	0	0	17.4605000000000	34.9210000000000	67.4605000000000	100	100	100	97.8572500000000	95.7145000000000	75.3572500000000	55	77.5000000000000	100	100	100	52.3810000000000	4.76200000000000	2.38100000000000	0	23.8095000000000	47.6190000000000	48.8095000000000	50	52.0580000000000	54.1160000000000	32.0580000000000	10	55	100	100	100	100	100	100	100	100	100	50	0	0	0	0	0	50	100	100	100	100	100	100	100	77.6530000000000	55.3060000000000	55.1530000000000	55	76.4795000000000	97.9590000000000	98.9795000000000	100	52.5000000000000	5	5	5	32.0920000000000	59.1840000000000	79.5920000000000	100	100	100	92.0407500000000	84.0815000000000	69.5407500000000	55	77.5000000000000	100	100	100	63.0952500000000	26.1905000000000	13.0952500000000	0	0	0	0	0	0	0	0	0	0	0	0	0	0	0	0	0	0	0	0	0
0	0	0	0	0	0	0	0	0	0	0	0	0	0	0	0	0	0	0	0	0	0	0	0	0	0	0	0	33.3335000000000	66.6670000000000	83.3335000000000	100	100	100	95.7145000000000	91.4290000000000	50.7145000000000	10	55	100	100	100	54.7620000000000	9.52400000000000	4.76200000000000	0	0	0	0	0	4.52400000000000	9.04800000000000	9.52400000000000	10	55	100	100	100	100	100	100	100	100	100	50	0	0	0	0	0	50	100	100	100	100	100	100	100	100	100	100	100	100	100	100	100	50	0	0	0	45.9185000000000	91.8370000000000	95.9185000000000	100	100	100	84.0815000000000	68.1630000000000	39.0815000000000	10	55	100	100	100	76.1905000000000	52.3810000000000	26.1905000000000	0	0	0	0	0	0	0	0	0	0	0	0	0	0	0	0	0	0	0	0	0
0	0	0	0	0	0	0	0	0	0	0	0	0	0	0	0	0	0	0	0	0	0	0	0	0	0	0	0	33.3335000000000	66.6670000000000	83.3335000000000	100	100	100	75.3572500000000	50.7145000000000	30.3572500000000	10	54.6940000000000	99.3880000000000	99.6940000000000	100	77.3810000000000	54.7620000000000	29.8810000000000	5	5	5	5.56125000000000	6.12250000000000	5.32325000000000	4.52400000000000	4.76200000000000	5	27.5000000000000	50	71.4285000000000	92.8570000000000	92.8570000000000	92.8570000000000	71.4285000000000	50	50	50	25	0	0	0	0	0	25	50	50	50	74.1497500000000	98.2995000000000	99.1497500000000	100	100	100	100	100	100	100	75	50	25	0	0	0	22.9592500000000	45.9185000000000	70.0680000000000	94.2175000000000	97.1087500000000	100	69.5407500000000	39.0815000000000	25.6122500000000	12.1430000000000	56.0715000000000	100	100	100	76.1905000000000	52.3810000000000	26.1905000000000	0	0	0	0	0	0	0	0	0	0	0	0	0	0	0	0	0	0	0	0	0
0	0	0	0	0	0	0	0	0	0	0	0	0	0	0	0	0	0	0	0	0	0	0	0	0	0	0	0	33.3335000000000	66.6670000000000	83.3335000000000	100	100	100	55	10	10	10	54.3880000000000	98.7760000000000	99.3880000000000	100	100	100	55	10	10	10	11.1225000000000	12.2450000000000	6.12250000000000	0	0	0	0	0	42.8570000000000	85.7140000000000	85.7140000000000	85.7140000000000	42.8570000000000	0	0	0	0	0	0	0	0	0	0	0	0	0	48.2995000000000	96.5990000000000	98.2995000000000	100	100	100	100	100	100	100	50	0	0	0	0	0	0	0	44.2175000000000	88.4350000000000	94.2175000000000	100	55	10	12.1430000000000	14.2860000000000	57.1430000000000	100	100	100	76.1905000000000	52.3810000000000	26.1905000000000	0	0	0	0	0	0	0	0	0	0	0	0	0	0	0	0	0	0	0	0	0
0	0	0	0	0	0	0	0	0	0	0	0	0	0	0	0	0	0	0	0	0	0	0	0	0	0	0	0	41.6667500000000	83.3335000000000	91.6667500000000	100	100	100	77.5000000000000	55	33.1122500000000	11.2245000000000	49.2857500000000	87.3470000000000	93.6735000000000	100	100	100	55	10	12.1427500000000	14.2855000000000	35.2040000000000	56.1225000000000	53.0612500000000	50	50	50	28.4012500000000	6.80250000000000	24.8297500000000	42.8570000000000	42.8570000000000	42.8570000000000	21.4285000000000	0	0	0	0	0	0	0	0	0	0	0	0	0	24.1497500000000	48.2995000000000	49.1497500000000	50	50	50	50	50	50	50	25	0	2.50000000000000	5	27.5000000000000	50	25	0	30.7255000000000	61.4510000000000	80.7255000000000	100	55	10	33.5715000000000	57.1430000000000	78.5715000000000	100	100	100	88.0952500000000	76.1905000000000	38.0952500000000	0	0	0	0	0	0	0	0	0	0	0	0	0	0	0	0	0	0	0	0	0
0	0	0	0	0	0	0	0	0	0	0	0	0	0	0	0	0	0	0	0	0	0	0	0	0	0	0	0	50	100	100	100	100	100	100	100	56.2245000000000	12.4490000000000	44.1835000000000	75.9180000000000	87.9590000000000	100	100	100	55	10	14.2855000000000	18.5710000000000	59.2855000000000	100	100	100	100	100	56.8025000000000	13.6050000000000	6.80250000000000	0	0	0	0	0	0	0	0	0	0	0	0	0	0	0	0	0	0	0	0	0	0	0	0	0	0	0	0	0	5	10	55	100	50	0	17.2335000000000	34.4670000000000	67.2335000000000	100	55	10	55	100	100	100	100	100	100	100	50	0	0	0	0	0	0	0	0	0	0	0	0	0	0	0	0	0	0	0	0	0
0	0	0	0	0	0	0	0	0	0	0	0	0	0	0	0	0	0	0	0	0	0	0	0	0	0	15.4762500000000	30.9525000000000	65.4762500000000	100	100	100	100	100	100	100	78.1122500000000	56.2245000000000	49.5917500000000	42.9590000000000	71.4795000000000	100	100	100	55	10	13.7755000000000	17.5510000000000	58.7755000000000	100	100	100	100	100	78.4012500000000	56.8025000000000	53.4012500000000	50	50	50	25	0	0	0	0	0	0	0	0	0	0	0	25	50	50	50	50	50	50	50	50	50	50	50	32.8572500000000	15.7145000000000	12.8572500000000	10	32.5000000000000	55	52.5000000000000	50	58.6167500000000	67.2335000000000	78.2595000000000	89.2855000000000	49.6427500000000	10	38.2142500000000	66.4285000000000	77.8570000000000	89.2855000000000	94.6427500000000	100	100	100	50	0	0	0	0	0	0	0	0	0	0	0	0	0	0	0	0	0	0	0	0	0
0	0	0	0	0	0	0	0	0	0	0	0	0	0	0	0	0	0	0	0	0	0	0	0	0	0	30.9525000000000	61.9050000000000	80.9525000000000	100	100	100	100	100	100	100	100	100	55	10	55	100	100	100	55	10	13.2655000000000	16.5310000000000	58.2655000000000	100	100	100	100	100	100	100	100	100	100	100	50	0	0	0	0	0	0	0	0	0	0	0	50	100	100	100	100	100	100	100	100	100	100	100	65.7145000000000	31.4290000000000	20.7145000000000	10	10	10	55	100	100	100	89.2855000000000	78.5710000000000	44.2855000000000	10	21.4285000000000	32.8570000000000	55.7140000000000	78.5710000000000	89.2855000000000	100	100	100	50	0	0	0	0	0	0	0	0	0	0	0	0	0	0	0	0	0	0	0	0	0
0	0	0	0	0	0	0	0	0	0	0	0	0	0	0	0	0	0	0	0	0	0	0	0	0	0	40.4762500000000	80.9525000000000	90.4762500000000	100	100	100	100	100	100	100	100	100	55	10	32.5000000000000	55	55	55	32.5000000000000	10	11.6327500000000	13.2655000000000	36.4287500000000	59.5920000000000	79.7960000000000	100	100	100	100	100	100	100	100	100	50	0	0	0	0	0	0	0	0	0	0	0	50	100	100	100	100	100	100	100	100	100	100	100	82.8572500000000	65.7145000000000	37.8572500000000	10	10	10	55	100	100	100	72.1427500000000	44.2855000000000	27.1427500000000	10	15.7142500000000	21.4285000000000	35.3060000000000	49.1835000000000	74.5917500000000	100	100	100	50	0	0	0	0	0	0	0	0	0	0	0	0	0	0	0	0	0	0	0	0	0
0	0	0	0	0	0	0	0	0	0	0	0	0	0	0	0	0	0	0	0	0	0	0	0	0	0	50	100	100	100	100	100	100	100	100	100	100	100	55	10	10	10	10	10	10	10	10	10	14.5920000000000	19.1840000000000	59.5920000000000	100	100	100	100	100	100	100	100	100	50	0	0	0	0	0	0	0	0	0	0	0	50	100	100	100	100	100	100	100	100	100	100	100	100	100	55	10	10	10	55	100	100	100	55	10	10	10	10	10	14.8980000000000	19.7960000000000	59.8980000000000	100	100	100	50	0	0	0	0	0	0	0	0	0	0	0	0	0	0	0	0	0	0	0	0	0
0	0	0	0	0	0	0	0	0	0	0	0	0	0	0	0	0	0	0	0	0	0	0	0	0	0	50	100	100	100	100	100	100	100	100	100	100	100	57.1427500000000	14.2855000000000	12.1427500000000	10	10	10	10	10	12.1427500000000	14.2855000000000	36.9387500000000	59.5920000000000	79.7960000000000	100	100	100	100	100	100	100	100	100	50	0	0	0	0	0	0	0	0	0	0	0	42.8572500000000	85.7145000000000	92.8572500000000	100	100	100	100	100	100	100	100	100	77.5000000000000	55	32.5000000000000	10	10	10	34.6427500000000	59.2855000000000	69.2855000000000	79.2855000000000	44.6427500000000	10	10	10	22.5000000000000	35	47.4490000000000	59.8980000000000	79.9490000000000	100	100	100	61.9047500000000	23.8095000000000	11.9047500000000	0	0	0	0	0	0	0	0	0	0	0	0	0	0	0	0	0	0	0
0	0	0	0	0	0	0	0	0	0	0	0	0	0	0	0	0	0	0	0	0	0	0	0	0	0	50	100	100	100	100	100	100	100	100	100	100	100	59.2855000000000	18.5710000000000	14.2855000000000	10	10	10	10	10	14.2855000000000	18.5710000000000	59.2855000000000	100	100	100	100	100	100	100	100	100	100	100	50	0	0	0	0	0	0	0	0	0	0	0	35.7145000000000	71.4290000000000	85.7145000000000	100	100	100	100	100	100	100	100	100	55	10	10	10	10	10	14.2855000000000	18.5710000000000	38.5710000000000	58.5710000000000	34.2855000000000	10	10	10	35	60	80	100	100	100	100	100	73.8095000000000	47.6190000000000	23.8095000000000	0	0	0	0	0	0	0	0	0	0	0	0	0	0	0	0	0	0	0
0	0	0	0	0	0	0	0	0	0	0	0	0	0	0	0	0	0	0	0	0	0	0	0	14.2857500000000	28.5715000000000	64.2857500000000	100	100	100	100	100	100	100	100	100	100	100	59.2855000000000	18.5710000000000	14.2855000000000	10	10	10	10	10	34.6427500000000	59.2855000000000	79.6427500000000	100	100	100	100	100	100	100	100	100	100	100	50	0	0	0	0	0	0	0	0	0	0	0	35.7145000000000	71.4290000000000	85.7145000000000	100	100	100	100	100	100	100	100	100	63.5715000000000	27.1430000000000	18.5715000000000	10	10	10	12.1427500000000	14.2855000000000	24.2855000000000	34.2855000000000	22.1427500000000	10	22.5510000000000	35.1020000000000	57.5510000000000	80	90	100	100	100	100	100	73.8095000000000	47.6190000000000	23.8095000000000	0	0	0	0	0	0	0	0	0	0	0	0	0	0	0	0	0	0	0
0	0	0	0	0	0	0	0	0	0	0	0	0	0	0	0	0	0	0	0	0	0	0	0	28.5715000000000	57.1430000000000	78.5715000000000	100	100	100	100	100	100	100	100	100	100	100	59.2855000000000	18.5710000000000	14.2855000000000	10	10	10	10	10	55	100	100	100	100	100	100	100	100	100	100	100	100	100	50	0	0	0	0	0	0	0	0	0	0	0	35.7145000000000	71.4290000000000	85.7145000000000	100	100	100	100	100	100	100	100	100	72.1430000000000	44.2860000000000	27.1430000000000	10	10	10	10	10	10	10	10	10	35.1020000000000	60.2040000000000	80.1020000000000	100	100	100	100	100	100	100	73.8095000000000	47.6190000000000	23.8095000000000	0	0	0	0	0	0	0	0	0	0	0	0	0	0	0	0	0	0	0
0	0	0	0	0	0	0	0	0	0	0	0	0	0	0	0	0	0	0	0	0	0	0	0	33.1632500000000	66.3265000000000	83.1632500000000	100	100	100	77.5000000000000	55	77.5000000000000	100	100	100	100	100	58.3672500000000	16.7345000000000	13.3672500000000	10	10	10	32.5000000000000	55	77.5000000000000	100	100	100	100	100	100	100	100	100	100	100	75	50	25	0	0	0	0	0	0	0	0	0	0	0	17.8572500000000	35.7145000000000	67.8572500000000	100	100	100	100	100	100	100	100	100	86.0715000000000	72.1430000000000	41.0715000000000	10	10	10	10	10	10	10	25.1530000000000	40.3060000000000	60.2040000000000	80.1020000000000	80.4082500000000	80.7145000000000	67.8572500000000	55	71.9897500000000	88.9795000000000	94.4897500000000	100	73.8095000000000	47.6190000000000	23.8095000000000	0	0	0	0	0	0	0	0	0	0	0	0	0	0	0	0	0	0	0
0	0	0	0	0	0	0	0	0	0	0	0	0	0	0	0	0	0	0	0	0	0	0	0	37.7550000000000	75.5100000000000	87.7550000000000	100	100	100	55	10	55	100	100	100	100	100	57.4490000000000	14.8980000000000	12.4490000000000	10	10	10	55	100	100	100	100	100	100	100	100	100	100	100	100	100	50	0	0	0	0	0	0	0	0	0	0	0	0	0	0	0	50	100	100	100	100	100	100	100	100	100	100	100	55	10	10	10	10	10	10	10	40.3060000000000	70.6120000000000	85.3060000000000	100	80.7145000000000	61.4290000000000	35.7145000000000	10	43.9795000000000	77.9590000000000	88.9795000000000	100	73.8095000000000	47.6190000000000	23.8095000000000	0	0	0	0	0	0	0	0	0	0	0	0	0	0	0	0	0	0	0
0	0	0	0	0	0	0	0	0	0	0	0	0	0	0	0	0	0	0	0	0	0	0	0	43.8775000000000	87.7550000000000	93.8775000000000	100	100	100	55	10	32.5000000000000	55	66.7857500000000	78.5715000000000	78.5715000000000	78.5715000000000	45.5102500000000	12.4490000000000	11.2245000000000	10	10	10	55	100	100	100	100	100	100	100	100	100	100	100	75	50	25	0	11.9047500000000	23.8095000000000	18.1405000000000	12.4715000000000	6.23575000000000	0	0	0	25	50	50	50	28.4012500000000	6.80250000000000	50.5667500000000	94.3310000000000	97.1655000000000	100	100	100	100	100	100	100	100	100	65.2040000000000	30.4080000000000	20.2040000000000	10	10	10	10	10	27.9590000000000	45.9180000000000	58.8772500000000	71.8365000000000	53.7755000000000	35.7145000000000	22.8572500000000	10	36.6325000000000	63.2650000000000	81.6325000000000	100	73.8095000000000	47.6190000000000	23.8095000000000	0	0	0	0	0	0	0	0	0	0	0	0	0	0	0	0	0	0	0
0	0	0	0	0	0	0	0	0	0	0	0	0	0	0	0	0	0	0	0	0	0	0	0	50	100	100	100	100	100	55	10	10	10	33.5715000000000	57.1430000000000	57.1430000000000	57.1430000000000	33.5715000000000	10	10	10	10	10	55	100	100	100	100	100	100	100	100	100	100	100	50	0	0	0	23.8095000000000	47.6190000000000	36.2810000000000	24.9430000000000	12.4715000000000	0	0	0	50	100	100	100	56.8025000000000	13.6050000000000	51.1335000000000	88.6620000000000	94.3310000000000	100	100	100	100	100	100	100	100	100	75.4080000000000	50.8160000000000	30.4080000000000	10	10	10	10	10	15.6120000000000	21.2240000000000	32.4485000000000	43.6730000000000	26.8365000000000	10	10	10	29.2855000000000	48.5710000000000	74.2855000000000	100	73.8095000000000	47.6190000000000	23.8095000000000	0	0	0	0	0	0	0	0	0	0	0	0	0	0	0	0	0	0	0
0	0	0	0	0	0	0	0	0	0	0	0	0	0	0	0	0	0	0	0	0	0	0	0	50	100	100	100	100	100	58.3672500000000	16.7345000000000	13.3672500000000	10	21.7857500000000	33.5715000000000	33.5715000000000	33.5715000000000	21.7857500000000	10	10	10	10	10	55	100	100	100	100	100	100	100	100	100	92.8572500000000	85.7145000000000	42.8572500000000	0	9.52375000000000	19.0475000000000	46.4285000000000	73.8095000000000	68.1405000000000	62.4715000000000	56.2357500000000	50	50	50	75	100	100	100	78.4012500000000	56.8025000000000	69.6142500000000	82.4260000000000	91.2130000000000	100	100	100	100	100	100	100	100	100	86.6325000000000	73.2650000000000	41.6325000000000	10	10	10	10	10	12.8060000000000	15.6120000000000	21.2242500000000	26.8365000000000	18.4182500000000	10	10	10	29.2855000000000	48.5710000000000	74.2855000000000	100	73.8095000000000	47.6190000000000	23.8095000000000	0	0	0	0	0	0	0	0	0	0	0	0	0	0	0	0	0	0	0
0	0	0	0	0	0	0	0	0	0	0	0	0	0	0	0	0	0	0	0	0	0	0	0	50	100	100	100	100	100	61.7345000000000	23.4690000000000	16.7345000000000	10	10	10	10	10	10	10	10	10	10	10	55	100	100	100	100	100	100	100	100	100	85.7145000000000	71.4290000000000	35.7145000000000	0	19.0475000000000	38.0950000000000	69.0475000000000	100	100	100	100	100	100	100	100	100	100	100	100	100	88.0950000000000	76.1900000000000	88.0950000000000	100	100	100	100	100	100	100	100	100	97.8570000000000	95.7140000000000	52.8570000000000	10	10	10	10	10	10	10	10	10	10	10	10	10	29.2855000000000	48.5710000000000	74.2855000000000	100	73.8095000000000	47.6190000000000	23.8095000000000	0	0	0	0	0	0	0	0	0	0	0	0	0	0	0	0	0	0	0
0	0	0	0	0	0	0	0	0	0	0	0	0	0	0	0	0	0	0	0	0	0	0	0	50	100	100	100	100	100	80.8672500000000	61.7345000000000	35.8672500000000	10	10	10	10	10	10	10	10	10	10	10	55	100	100	100	100	100	100	100	100	100	85.7145000000000	71.4290000000000	35.7145000000000	0	19.0475000000000	38.0950000000000	69.0475000000000	100	100	100	100	100	100	100	100	100	100	100	100	100	69.0475000000000	38.0950000000000	69.0475000000000	100	100	100	100	100	100	100	100	100	76.4285000000000	52.8570000000000	53.9285000000000	55	51.7857500000000	48.5715000000000	29.2857500000000	10	10	10	10	10	10	10	10	10	29.2855000000000	48.5710000000000	74.2855000000000	100	73.8095000000000	47.6190000000000	23.8095000000000	0	0	0	0	0	0	0	0	0	0	0	0	0	0	0	0	0	0	0
0	0	0	0	0	0	0	0	0	0	0	0	0	0	0	0	0	0	0	0	0	0	0	0	50	100	100	100	100	100	100	100	55	10	10	10	10	10	10	10	10	10	10	10	55	100	100	100	100	100	100	100	100	100	85.7145000000000	71.4290000000000	35.7145000000000	0	19.0475000000000	38.0950000000000	69.0475000000000	100	100	100	100	100	100	100	100	100	100	100	100	100	50	0	50	100	100	100	100	100	100	100	100	100	55	10	55	100	93.5715000000000	87.1430000000000	48.5715000000000	10	10	10	10	10	10	10	10	10	29.2855000000000	48.5710000000000	74.2855000000000	100	73.8095000000000	47.6190000000000	23.8095000000000	0	0	0	0	0	0	0	0	0	0	0	0	0	0	0	0	0	0	0
0	0	0	0	0	0	0	0	0	0	0	0	0	0	0	0	0	0	0	0	0	0	0	0	50	100	100	100	100	100	100	100	55	10	10	10	10	10	11.3265000000000	12.6530000000000	11.3265000000000	10	10	10	32.9082500000000	55.8165000000000	63.9797500000000	72.1430000000000	63.5715000000000	55	55	55	55	55	47.5852500000000	40.1705000000000	20.0852500000000	0	19.0475000000000	38.0950000000000	69.0475000000000	100	100	100	100	100	100	100	100	100	100	100	100	100	50	0	35.7767500000000	71.5535000000000	85.7767500000000	100	100	100	100	100	100	100	55	10	55	100	96.7857500000000	93.5715000000000	51.7857500000000	10	10	10	10	10	10	10	10	10	29.2855000000000	48.5710000000000	74.2855000000000	100	73.8095000000000	47.6190000000000	23.8095000000000	0	0	0	0	0	0	0	0	0	0	0	0	0	0	0	0	0	0	0
0	0	0	0	0	0	0	0	0	0	0	0	0	0	0	0	0	0	0	0	0	0	0	0	50	100	100	100	100	100	100	100	55	10	10	10	10	10	12.6530000000000	15.3060000000000	12.6530000000000	10	10	10	10.8165000000000	11.6330000000000	27.9595000000000	44.2860000000000	27.1430000000000	10	10	10	10	10	9.45600000000000	8.91200000000000	4.45600000000000	0	19.0475000000000	38.0950000000000	69.0475000000000	100	100	100	100	100	100	100	100	100	100	100	100	100	50	0	21.5535000000000	43.1070000000000	71.5535000000000	100	100	100	100	100	100	100	55	10	55	100	100	100	55	10	10	10	10	10	10	10	10	10	29.2855000000000	48.5710000000000	74.2855000000000	100	73.8095000000000	47.6190000000000	23.8095000000000	0	0	0	0	0	0	0	0	0	0	0	0	0	0	0	0	0	0	0
0	0	0	0	0	0	0	0	0	0	0	0	0	0	0	0	0	0	0	0	0	0	0	0	50	100	100	100	100	100	100	100	55	10	10	10	32.5000000000000	55	42.7550000000000	30.5100000000000	20.2550000000000	10	10	10	10.4082500000000	10.8165000000000	18.9797500000000	27.1430000000000	18.5715000000000	10	10	10	10	10	9.72800000000000	9.45600000000000	4.72800000000000	0	9.52375000000000	19.0475000000000	59.5237500000000	100	100	100	100	100	100	100	100	100	100	100	77.3810000000000	54.7620000000000	27.3810000000000	0	12.8005000000000	25.6010000000000	40.3005000000000	55	55	55	76.7857500000000	98.5715000000000	76.7857500000000	55	32.5000000000000	10	55	100	100	100	67.1427500000000	34.2855000000000	22.1427500000000	10	10	10	10	10	10	10	37.8570000000000	65.7140000000000	82.8570000000000	100	61.9047500000000	23.8095000000000	11.9047500000000	0	0	0	0	0	0	0	0	0	0	0	0	0	0	0	0	0	0	0
0	0	0	0	0	0	0	0	0	0	0	0	0	0	0	0	0	0	0	0	0	0	0	0	50	100	100	100	100	100	100	100	55	10	10	10	55	100	72.8570000000000	45.7140000000000	27.8570000000000	10	10	10	10	10	10	10	10	10	10	10	10	10	10	10	5	0	0	0	50	100	100	100	100	100	100	100	100	100	100	100	54.7620000000000	9.52400000000000	4.76200000000000	0	4.04750000000000	8.09500000000000	9.04750000000000	10	10	10	53.5715000000000	97.1430000000000	53.5715000000000	10	10	10	55	100	100	100	79.2855000000000	58.5710000000000	34.2855000000000	10	10	10	10	10	10	10	46.4285000000000	82.8570000000000	91.4285000000000	100	50	0	0	0	0	0	0	0	0	0	0	0	0	0	0	0	0	0	0	0	0	0
0	0	0	0	0	0	0	0	0	0	0	0	0	0	0	0	0	0	0	0	0	0	0	0	50	100	100	100	100	100	100	100	55	10	10	10	55	100	63.9285000000000	27.8570000000000	18.9285000000000	10	10	10	26.3775000000000	42.7550000000000	42.4490000000000	42.1430000000000	42.1430000000000	42.1430000000000	42.1430000000000	42.1430000000000	42.1430000000000	42.1430000000000	26.0715000000000	10	6.19050000000000	2.38100000000000	1.19050000000000	0	50	100	100	100	100	100	100	100	100	100	100	100	52.3810000000000	4.76200000000000	2.38100000000000	0	4.04750000000000	8.09500000000000	9.04750000000000	10	10	10	31.7857500000000	53.5715000000000	31.7857500000000	10	10	10	55	100	100	100	85.3570000000000	70.7140000000000	40.3570000000000	10	10	10	10	10	10	10	50.7142500000000	91.4285000000000	95.7142500000000	100	50	0	0	0	0	0	0	0	0	0	0	0	0	0	0	0	0	0	0	0	0	0
0	0	0	0	0	0	0	0	0	0	0	0	0	0	0	0	0	0	0	0	0	0	0	0	50	100	100	100	100	100	100	100	55	10	10	10	55	100	55	10	10	10	10	10	42.7550000000000	75.5100000000000	74.8980000000000	74.2860000000000	74.2860000000000	74.2860000000000	74.2860000000000	74.2860000000000	74.2860000000000	74.2860000000000	42.1430000000000	10	7.38100000000000	4.76200000000000	2.38100000000000	0	50	100	100	100	100	100	100	100	100	100	100	100	50	0	0	0	4.04750000000000	8.09500000000000	9.04750000000000	10	10	10	10	10	10	10	10	10	55	100	100	100	91.4285000000000	82.8570000000000	46.4285000000000	10	10	10	10	10	10	10	55	100	100	100	50	0	0	0	0	0	0	0	0	0	0	0	0	0	0	0	0	0	0	0	0	0
0	0	0	0	0	0	0	0	0	0	0	0	0	0	0	0	0	0	0	0	0	0	0	0	50	100	100	100	100	100	100	100	55	10	10	10	55	100	55	10	10	10	10	10	27.4490000000000	44.8980000000000	66.0205000000000	87.1430000000000	87.1430000000000	87.1430000000000	87.1430000000000	87.1430000000000	87.1430000000000	87.1430000000000	60.8165000000000	34.4900000000000	20.7370000000000	6.98400000000000	3.49200000000000	0	27.5510000000000	55.1020000000000	77.5510000000000	100	100	100	100	100	100	100	100	100	50	0	0	0	4.52375000000000	9.04750000000000	9.52375000000000	10	27.1427500000000	44.2855000000000	49.6427500000000	55	55	55	32.5000000000000	10	55	100	100	100	95.7142500000000	91.4285000000000	50.7142500000000	10	10	10	32.5000000000000	55	55	55	77.5000000000000	100	100	100	61.9047500000000	23.8095000000000	11.9047500000000	0	0	0	0	0	0	0	0	0	0	0	0	0	0	0	0	0	0	0
0	0	0	0	0	0	0	0	0	0	0	0	0	0	0	0	0	0	0	0	0	0	0	0	50	100	100	100	100	100	100	100	55	10	10	10	55	100	55	10	10	10	10	10	12.1430000000000	14.2860000000000	57.1430000000000	100	100	100	100	100	100	100	79.4900000000000	58.9800000000000	34.0930000000000	9.20600000000000	4.60300000000000	0	5.10200000000000	10.2040000000000	55.1020000000000	100	100	100	100	100	100	100	100	100	50	0	0	0	5	10	10	10	44.2855000000000	78.5710000000000	89.2855000000000	100	100	100	55	10	55	100	100	100	100	100	55	10	10	10	55	100	100	100	100	100	100	100	73.8095000000000	47.6190000000000	23.8095000000000	0	0	0	0	0	0	0	0	0	0	0	0	0	0	0	0	0	0	0
0	0	0	0	0	0	0	0	0	0	0	0	0	0	0	0	0	0	0	0	0	0	0	0	50	100	100	100	100	100	100	100	55	10	10	10	55	100	77.5000000000000	55	33.5715000000000	12.1430000000000	11.0715000000000	10	11.2755000000000	12.5510000000000	56.2755000000000	100	100	100	100	100	100	100	83.3165000000000	66.6330000000000	38.1180000000000	9.60300000000000	4.80150000000000	0	2.55100000000000	5.10200000000000	27.5510000000000	50	50	50	50	50	52.9477500000000	55.8955000000000	64.4557500000000	73.0160000000000	36.5080000000000	0	1.54200000000000	3.08400000000000	6.54200000000000	10	28.2142500000000	46.4285000000000	67.8570000000000	89.2855000000000	94.6427500000000	100	100	100	55	10	55	100	100	100	100	100	55	10	10	10	55	100	100	100	100	100	100	100	73.8095000000000	47.6190000000000	23.8095000000000	0	0	0	0	0	0	0	0	0	0	0	0	0	0	0	0	0	0	0
0	0	0	0	0	0	0	0	0	0	0	0	0	0	0	0	0	0	0	0	0	0	0	0	50	100	100	100	100	100	100	100	55	10	10	10	55	100	100	100	57.1430000000000	14.2860000000000	12.1430000000000	10	10.4080000000000	10.8160000000000	55.4080000000000	100	100	100	100	100	100	100	87.1430000000000	74.2860000000000	42.1430000000000	10	5	0	0	0	0	0	0	0	0	0	5.89550000000000	11.7910000000000	28.9115000000000	46.0320000000000	23.0160000000000	0	3.08400000000000	6.16800000000000	8.08400000000000	10	46.4285000000000	82.8570000000000	91.4285000000000	100	100	100	100	100	55	10	55	100	100	100	100	100	55	10	10	10	55	100	100	100	100	100	100	100	73.8095000000000	47.6190000000000	23.8095000000000	0	0	0	0	0	0	0	0	0	0	0	0	0	0	0	0	0	0	0
0	0	0	0	0	0	0	0	0	0	0	0	0	0	0	0	0	0	0	0	0	0	0	0	50	100	100	100	100	100	86.2245000000000	72.4490000000000	41.2245000000000	10	10	10	32.5000000000000	55	77.5000000000000	100	57.1430000000000	14.2860000000000	12.1430000000000	10	29.4897500000000	48.9795000000000	51.9897500000000	55	55	55	55	55	55.7652500000000	56.5305000000000	49.3367500000000	42.1430000000000	26.0715000000000	10	7.36400000000000	4.72800000000000	2.36400000000000	0	0	0	0	0	0	0	2.94775000000000	5.89550000000000	14.4557500000000	23.0160000000000	13.0385000000000	3.06100000000000	5.57250000000000	8.08400000000000	9.04200000000000	10	50.7142500000000	91.4285000000000	95.7142500000000	100	100	100	100	100	55	10	37.5510000000000	65.1020000000000	82.5510000000000	100	100	100	55	10	10	10	42.1427500000000	74.2855000000000	87.1427500000000	100	88.9795000000000	77.9590000000000	88.9795000000000	100	73.8095000000000	47.6190000000000	23.8095000000000	0	0	0	0	0	0	0	0	0	0	0	0	0	0	0	0	0	0	0
0	0	0	0	0	0	0	0	0	0	0	0	0	0	0	0	0	0	0	0	0	0	0	0	50	100	100	100	100	100	72.4490000000000	44.8980000000000	27.4490000000000	10	10	10	10	10	55	100	57.1430000000000	14.2860000000000	12.1430000000000	10	48.5715000000000	87.1430000000000	48.5715000000000	10	10	10	10	10	11.5305000000000	13.0610000000000	11.5305000000000	10	10	10	9.72800000000000	9.45600000000000	4.72800000000000	0	0	0	0	0	0	0	0	0	0	0	3.06100000000000	6.12200000000000	8.06100000000000	10	10	10	55	100	100	100	100	100	100	100	55	10	20.1020000000000	30.2040000000000	65.1020000000000	100	100	100	55	10	10	10	29.2855000000000	48.5710000000000	74.2855000000000	100	77.9590000000000	55.9180000000000	77.9590000000000	100	73.8095000000000	47.6190000000000	23.8095000000000	0	0	0	0	0	0	0	0	0	0	0	0	0	0	0	0	0	0	0
0	0	0	0	0	0	0	0	0	0	0	0	0	0	0	0	0	0	0	0	0	0	0	0	50	100	100	100	79.6427500000000	59.2855000000000	43.3672500000000	27.4490000000000	18.7245000000000	10	30.3572500000000	50.7145000000000	52.5512500000000	54.3880000000000	77.1940000000000	100	57.1430000000000	14.2860000000000	12.1430000000000	10	51.7857500000000	93.5715000000000	74.0817500000000	54.5920000000000	54.7960000000000	55	32.5000000000000	10	10.7652500000000	11.5305000000000	10.7652500000000	10	10	10	9.86400000000000	9.72800000000000	7.26200000000000	4.79600000000000	2.39800000000000	0	1.18475000000000	2.36950000000000	3.44675000000000	4.52400000000000	3.66225000000000	2.80050000000000	3.90025000000000	5	6.53050000000000	8.06100000000000	9.03050000000000	10	10	10	55	100	100	100	100	100	100	100	55	10	15.0510000000000	20.1020000000000	37.5510000000000	55	57.1427500000000	59.2855000000000	34.6427500000000	10	10	10	19.6427500000000	29.2855000000000	42.1427500000000	55	43.9795000000000	32.9590000000000	66.4795000000000	100	61.9047500000000	23.8095000000000	11.9047500000000	0	0	0	0	0	0	0	0	0	0	0	0	0	0	0	0	0	0	0
0	0	0	0	0	0	0	0	0	0	0	0	0	0	0	0	0	0	0	0	0	0	0	0	50	100	100	100	59.2855000000000	18.5710000000000	14.2855000000000	10	10	10	50.7145000000000	91.4290000000000	95.1025000000000	98.7760000000000	99.3880000000000	100	57.1430000000000	14.2860000000000	12.1430000000000	10	55	100	99.5920000000000	99.1840000000000	99.5920000000000	100	55	10	10	10	10	10	10	10	10	10	9.79600000000000	9.59200000000000	4.79600000000000	0	2.36950000000000	4.73900000000000	6.89350000000000	9.04800000000000	7.32450000000000	5.60100000000000	7.80050000000000	10	10	10	10	10	10	10	55	100	100	100	100	100	100	100	55	10	10	10	10	10	14.2855000000000	18.5710000000000	14.2855000000000	10	10	10	10	10	10	10	10	10	55	100	50	0	0	0	0	0	0	0	0	0	0	0	0	0	0	0	0	0	0	0	0	0
0	0	0	0	0	0	0	0	0	0	0	0	0	0	0	0	0	0	0	0	0	0	0	0	25.6802500000000	51.3605000000000	75.6802500000000	100	64.2855000000000	28.5710000000000	19.2855000000000	10	32.5000000000000	55	75.3572500000000	95.7145000000000	97.5512500000000	99.3880000000000	99.6940000000000	100	57.1430000000000	14.2860000000000	12.1430000000000	10	55	100	99.7960000000000	99.5920000000000	96.5817500000000	93.5715000000000	51.7857500000000	10	10	10	10	10	10	10	10	10	9.89800000000000	9.79600000000000	7.39800000000000	5	6.18475000000000	7.36950000000000	8.44675000000000	9.52400000000000	8.66225000000000	7.80050000000000	8.90025000000000	10	10	10	10	10	10	10	55	100	100	100	77.5000000000000	55	55	55	32.5000000000000	10	10	10	10	10	12.1427500000000	14.2855000000000	12.1427500000000	10	10	10	10	10	10	10	19.1837500000000	28.3675000000000	64.1837500000000	100	50	0	0	0	0	0	0	0	0	0	0	0	0	0	0	0	0	0	0	0	0	0
0	0	0	0	0	0	0	0	0	0	0	0	0	0	0	0	0	0	0	0	0	0	0	0	1.36050000000000	2.72100000000000	51.3605000000000	100	69.2855000000000	38.5710000000000	24.2855000000000	10	55	100	100	100	100	100	100	100	57.1430000000000	14.2860000000000	12.1430000000000	10	55	100	100	100	93.5715000000000	87.1430000000000	48.5715000000000	10	10	10	10	10	10	10	10	10	10	10	10	10	10	10	10	10	10	10	10	10	10	10	10	10	10	10	55	100	100	100	55	10	10	10	10	10	10	10	10	10	10	10	10	10	10	10	10	10	10	10	28.3675000000000	46.7350000000000	73.3675000000000	100	50	0	0	0	0	0	0	0	0	0	0	0	0	0	0	0	0	0	0	0	0	0
0	0	0	0	0	0	0	0	0	0	0	0	0	0	0	0	0	0	0	0	0	0	0	0	0.680250000000000	1.36050000000000	50.6802500000000	100	84.6427500000000	69.2855000000000	62.1427500000000	55	77.5000000000000	100	100	100	100	100	100	100	78.5715000000000	57.1430000000000	33.5715000000000	10	55	100	100	100	74.2857500000000	48.5715000000000	29.2857500000000	10	10	10	32.5000000000000	55	55	55	32.5000000000000	10	10	10	10	10	10	10	10	10	10	10	10	10	10	10	10	10	10	10	55	100	100	100	55	10	10	10	10	10	32.5000000000000	55	55	55	55	55	37.8572500000000	20.7145000000000	37.8572500000000	55	32.5000000000000	10	10	10	28.8265000000000	47.6530000000000	73.8265000000000	100	50	0	0	0	0	0	0	0	0	0	0	0	0	0	0	0	0	0	0	0	0	0
0	0	0	0	0	0	0	0	0	0	0	0	0	0	0	0	0	0	0	0	0	0	0	0	0	0	50	100	100	100	100	100	100	100	100	100	100	100	100	100	100	100	55	10	55	100	100	100	55	10	10	10	10	10	55	100	100	100	55	10	10	10	10	10	10	10	10	10	10	10	10	10	10	10	10	10	10	10	55	100	100	100	55	10	10	10	10	10	55	100	100	100	100	100	65.7145000000000	31.4290000000000	65.7145000000000	100	55	10	10	10	29.2855000000000	48.5710000000000	74.2855000000000	100	50	0	0	0	0	0	0	0	0	0	0	0	0	0	0	0	0	0	0	0	0	0
0	0	0	0	0	0	0	0	0	0	0	0	0	0	0	0	0	0	0	0	0	0	0	0	0	0	39.7392500000000	79.4785000000000	89.7392500000000	100	100	100	100	100	100	100	100	100	100	100	98.9285000000000	97.8570000000000	53.9285000000000	10	55	100	100	100	55	10	10	10	10	10	38.9285000000000	67.8570000000000	83.9285000000000	100	77.5000000000000	55	32.5000000000000	10	10	10	10	10	10	10	10	10	10	10	10	10	10.8162500000000	11.6325000000000	11.0202500000000	10.4080000000000	51.9897500000000	93.5715000000000	96.7857500000000	100	55	10	10	10	10	10	55	100	100	100	100	100	82.8572500000000	65.7145000000000	82.8572500000000	100	70	40	25	10	42.1427500000000	74.2855000000000	87.1427500000000	100	50	0	0	0	0	0	0	0	0	0	0	0	0	0	0	0	0	0	0	0	0	0
0	0	0	0	0	0	0	0	0	0	0	0	0	0	0	0	0	0	0	0	0	0	0	0	0	0	29.4785000000000	58.9570000000000	79.4785000000000	100	100	100	100	100	100	100	100	100	100	100	97.8570000000000	95.7140000000000	52.8570000000000	10	55	100	100	100	55	10	10	10	10	10	22.8570000000000	35.7140000000000	67.8570000000000	100	100	100	55	10	10	10	10	10	10	10	10	10	10	10	10	10	11.6325000000000	13.2650000000000	12.0405000000000	10.8160000000000	48.9795000000000	87.1430000000000	93.5715000000000	100	55	10	10	10	10	10	55	100	100	100	100	100	100	100	100	100	85	70	40	10	55	100	100	100	50	0	0	0	0	0	0	0	0	0	0	0	0	0	0	0	0	0	0	0	0	0
0	0	0	0	0	0	0	0	0	0	0	0	0	0	0	0	0	0	0	0	0	0	0	0	0	0	14.7392500000000	29.4785000000000	63.9455000000000	98.4125000000000	99.2062500000000	100	100	100	100	100	100	100	77.5000000000000	55	53.9285000000000	52.8570000000000	31.4285000000000	10	55	100	100	100	55	10	10	10	10	10	16.4285000000000	22.8570000000000	60	97.1430000000000	98.5715000000000	100	77.5000000000000	55	32.5000000000000	10	10	10	10	10	10	10	10	10	12.1427500000000	14.2855000000000	35.4590000000000	56.6325000000000	37.8060000000000	18.9795000000000	51.2245000000000	83.4695000000000	91.7347500000000	100	58.1122500000000	16.2245000000000	13.1122500000000	10	10	10	34.6427500000000	59.2855000000000	79.6427500000000	100	100	100	100	100	100	100	92.5000000000000	85	47.5000000000000	10	55	100	100	100	50	0	0	0	0	0	0	0	0	0	0	0	0	0	0	0	0	0	0	0	0	0
0	0	0	0	0	0	0	0	0	0	0	0	0	0	0	0	0	0	0	0	0	0	0	0	0	0	0	0	48.4125000000000	96.8250000000000	98.4125000000000	100	100	100	100	100	100	100	55	10	10	10	10	10	55	100	100	100	55	10	10	10	10	10	10	10	52.1430000000000	94.2860000000000	97.1430000000000	100	100	100	55	10	10	10	10	10	10	10	10	10	14.2855000000000	18.5710000000000	59.2855000000000	100	63.5715000000000	27.1430000000000	53.4695000000000	79.7960000000000	89.8980000000000	100	61.2245000000000	22.4490000000000	16.2245000000000	10	10	10	14.2855000000000	18.5710000000000	59.2855000000000	100	100	100	100	100	100	100	100	100	55	10	55	100	100	100	50	0	0	0	0	0	0	0	0	0	0	0	0	0	0	0	0	0	0	0	0	0
0	0	0	0	0	0	0	0	0	0	0	0	0	0	0	0	0	0	0	0	0	0	0	0	0	0	0	0	24.2062500000000	48.4125000000000	74.2062500000000	100	100	100	100	100	100	100	55	10	10	10	13.2142500000000	16.4285000000000	58.2142500000000	100	100	100	55	10	10	10	10	10	13.2142500000000	16.4285000000000	34.2857500000000	52.1430000000000	74.0817500000000	96.0205000000000	98.0102500000000	100	77.5000000000000	55	55	55	55	55	55	55	55	55	57.1427500000000	59.2855000000000	61.7345000000000	64.1835000000000	41.3775000000000	18.5715000000000	31.7347500000000	44.8980000000000	72.4490000000000	100	80.6122500000000	61.2245000000000	58.1122500000000	55	32.5000000000000	10	12.1427500000000	14.2855000000000	53.9285000000000	93.5715000000000	93.5715000000000	93.5715000000000	96.7857500000000	100	100	100	100	100	77.5000000000000	55	77.5000000000000	100	98.2992500000000	96.5985000000000	48.2992500000000	0	0	0	0	0	0	0	0	0	0	0	0	0	0	0	0	0	0	0	0	0
0	0	0	0	0	0	0	0	0	0	0	0	0	0	0	0	0	0	0	0	0	0	0	0	0	0	0	0	0	0	50	100	100	100	100	100	100	100	55	10	10	10	16.4285000000000	22.8570000000000	61.4285000000000	100	100	100	55	10	10	10	10	10	16.4285000000000	22.8570000000000	16.4285000000000	10	51.0205000000000	92.0410000000000	96.0205000000000	100	100	100	100	100	100	100	100	100	100	100	100	100	64.1835000000000	28.3670000000000	19.1835000000000	10	10	10	55	100	100	100	100	100	55	10	10	10	48.5715000000000	87.1430000000000	87.1430000000000	87.1430000000000	93.5715000000000	100	100	100	100	100	100	100	100	100	96.5985000000000	93.1970000000000	46.5985000000000	0	0	0	0	0	0	0	0	0	0	0	0	0	0	0	0	0	0	0	0	0
0	0	0	0	0	0	0	0	0	0	0	0	0	0	0	0	0	0	0	0	0	0	0	0	0	0	0	0	0	0	50	100	100	100	100	100	100	100	55	10	14.0817500000000	18.1635000000000	39.7960000000000	61.4285000000000	80.7142500000000	100	100	100	55	10	10	10	10	10	35.7142500000000	61.4285000000000	58.2142500000000	55	55.6632500000000	56.3265000000000	63.4692500000000	70.6120000000000	85.3060000000000	100	100	100	100	100	95.7142500000000	91.4285000000000	73.2142500000000	55	55	55	41.3775000000000	27.7550000000000	37.9080000000000	48.0610000000000	29.0305000000000	10	52.8572500000000	95.7145000000000	97.8572500000000	100	100	100	55	10	10	10	29.2857500000000	48.5715000000000	48.5715000000000	48.5715000000000	57.1430000000000	65.7145000000000	82.8572500000000	100	100	100	100	100	100	100	73.2992500000000	46.5985000000000	23.2992500000000	0	0	0	0	0	0	0	0	0	0	0	0	0	0	0	0	0	0	0	0	0
0	0	0	0	0	0	0	0	0	0	0	0	0	0	0	0	0	0	0	0	0	0	0	0	0	0	0	0	0	0	50	100	100	100	100	100	100	100	55	10	18.1635000000000	26.3270000000000	63.1635000000000	100	100	100	100	100	55	10	10	10	10	10	55	100	100	100	60.3060000000000	20.6120000000000	30.9180000000000	41.2240000000000	70.6120000000000	100	100	100	100	100	91.4285000000000	82.8570000000000	46.4285000000000	10	10	10	18.5715000000000	27.1430000000000	56.6325000000000	86.1220000000000	48.0610000000000	10	50.7145000000000	91.4290000000000	95.7145000000000	100	100	100	55	10	10	10	10	10	10	10	20.7145000000000	31.4290000000000	65.7145000000000	100	100	100	100	100	100	100	50	0	0	0	0	0	0	0	0	0	0	0	0	0	0	0	0	0	0	0	0	0	0	0
0	0	0	0	0	0	0	0	0	0	0	0	0	0	0	0	0	0	0	0	0	0	0	0	0	0	0	0	0	0	42.8572500000000	85.7145000000000	92.8572500000000	100	100	100	100	100	55	10	14.0817500000000	18.1635000000000	59.0817500000000	100	100	100	97.8572500000000	95.7145000000000	52.8572500000000	10	10	10	14.0817500000000	18.1635000000000	36.5817500000000	55	77.5000000000000	100	80.1530000000000	60.3060000000000	58.1120000000000	55.9180000000000	55.4590000000000	55	57.8060000000000	60.6120000000000	63.1632500000000	65.7145000000000	61.4287500000000	57.1430000000000	56.0715000000000	55	55	55	59.2857500000000	63.5715000000000	78.3162500000000	93.0610000000000	51.5305000000000	10	50.7145000000000	91.4290000000000	95.7145000000000	100	77.5000000000000	55	32.5000000000000	10	10	10	10	10	10	10	20.7145000000000	31.4290000000000	65.7145000000000	100	100	100	100	100	89.2857500000000	78.5715000000000	39.2857500000000	0	0	0	0	0	0	0	0	0	0	0	0	0	0	0	0	0	0	0	0	0	0	0
0	0	0	0	0	0	0	0	0	0	0	0	0	0	0	0	0	0	0	0	0	0	0	0	0	0	0	0	0	0	35.7145000000000	71.4290000000000	85.7145000000000	100	100	100	100	100	55	10	10	10	55	100	100	100	95.7145000000000	91.4290000000000	50.7145000000000	10	10	10	18.1635000000000	26.3270000000000	18.1635000000000	10	55	100	100	100	85.3060000000000	70.6120000000000	40.3060000000000	10	15.6120000000000	21.2240000000000	26.3265000000000	31.4290000000000	31.4290000000000	31.4290000000000	65.7145000000000	100	100	100	100	100	100	100	55	10	50.7145000000000	91.4290000000000	95.7145000000000	100	55	10	10	10	10	10	10	10	10	10	20.7145000000000	31.4290000000000	65.7145000000000	100	100	100	100	100	78.5715000000000	57.1430000000000	28.5715000000000	0	0	0	0	0	0	0	0	0	0	0	0	0	0	0	0	0	0	0	0	0	0	0
0	0	0	0	0	0	0	0	0	0	0	0	0	0	0	0	0	0	0	0	0	0	0	0	0	0	0	0	0	0	35.7145000000000	71.4290000000000	85.7145000000000	100	100	100	100	100	55.6122500000000	11.2245000000000	10.6122500000000	10	32.5000000000000	55	77.5000000000000	100	97.8572500000000	95.7145000000000	52.8572500000000	10	10	10	36.5817500000000	63.1635000000000	59.0817500000000	55	59.2857500000000	63.5715000000000	65.4082500000000	67.2450000000000	72.6020000000000	77.9590000000000	66.4795000000000	55	57.8060000000000	60.6120000000000	63.1632500000000	65.7145000000000	65.7145000000000	65.7145000000000	82.8572500000000	100	95.4082500000000	90.8165000000000	88.9797500000000	87.1430000000000	71.0715000000000	55	32.5000000000000	10	52.8572500000000	95.7145000000000	97.8572500000000	100	77.5000000000000	55	32.5000000000000	10	10	10	10	10	10	10	20.7145000000000	31.4290000000000	65.7145000000000	100	100	100	100	100	64.2857500000000	28.5715000000000	14.2857500000000	0	0	0	0	0	0	0	0	0	0	0	0	0	0	0	0	0	0	0	0	0	0	0
0	0	0	0	0	0	0	0	0	0	0	0	0	0	0	0	0	0	0	0	0	0	0	0	0	0	0	0	0	0	35.7145000000000	71.4290000000000	85.7145000000000	100	100	100	100	100	56.2245000000000	12.4490000000000	11.2245000000000	10	10	10	55	100	100	100	55	10	10	10	55	100	100	100	63.5715000000000	27.1430000000000	30.8165000000000	34.4900000000000	59.8980000000000	85.3060000000000	92.6530000000000	100	100	100	100	100	100	100	100	100	90.8165000000000	81.6330000000000	77.9595000000000	74.2860000000000	42.1430000000000	10	10	10	55	100	100	100	100	100	55	10	10	10	10	10	10	10	20.7145000000000	31.4290000000000	65.7145000000000	100	100	100	100	100	50	0	0	0	0	0	0	0	0	0	0	0	0	0	0	0	0	0	0	0	0	0	0	0	0	0
0	0	0	0	0	0	0	0	0	0	0	0	0	0	0	0	0	0	0	0	0	0	0	0	0	0	0	0	0	0	17.8572500000000	35.7145000000000	67.8572500000000	100	100	100	100	100	78.1122500000000	56.2245000000000	55.6122500000000	55	40	25	40.7142500000000	56.4285000000000	78.2142500000000	100	77.5000000000000	55	32.5000000000000	10	36.0715000000000	62.1430000000000	81.0715000000000	100	81.7857500000000	63.5715000000000	65.4082500000000	67.2450000000000	79.9490000000000	92.6530000000000	96.3265000000000	100	77.5000000000000	55	55	55	59.6427500000000	64.2855000000000	67.1427500000000	70	76.1225000000000	82.2450000000000	84.6940000000000	87.1430000000000	71.0715000000000	55	32.5000000000000	10	55	100	100	100	100	100	55	10	10	10	10	10	10	10	20.7145000000000	31.4290000000000	65.7145000000000	100	100	100	90.4762500000000	80.9525000000000	40.4762500000000	0	0	0	0	0	0	0	0	0	0	0	0	0	0	0	0	0	0	0	0	0	0	0	0	0
0	0	0	0	0	0	0	0	0	0	0	0	0	0	0	0	0	0	0	0	0	0	0	0	0	0	0	0	0	0	0	0	50	100	100	100	100	100	100	100	100	100	70	40	26.4285000000000	12.8570000000000	56.4285000000000	100	100	100	55	10	17.1430000000000	24.2860000000000	62.1430000000000	100	100	100	100	100	100	100	100	100	55	10	10	10	19.2855000000000	28.5710000000000	34.2855000000000	40	61.4285000000000	82.8570000000000	91.4285000000000	100	100	100	55	10	55	100	100	100	100	100	55	10	10	10	10	10	10	10	20.7145000000000	31.4290000000000	65.7145000000000	100	100	100	80.9525000000000	61.9050000000000	30.9525000000000	0	0	0	0	0	0	0	0	0	0	0	0	0	0	0	0	0	0	0	0	0	0	0	0	0
0	0	0	0	0	0	0	0	0	0	0	0	0	0	0	0	0	0	0	0	0	0	0	0	0	0	0	0	0	0	0	0	25	50	75	100	100	100	100	100	100	100	85	70	48.8775000000000	27.7550000000000	42.7040000000000	57.6530000000000	78.8265000000000	100	55	10	13.5715000000000	17.1430000000000	36.0715000000000	55	68.9285000000000	82.8570000000000	86.1225000000000	89.3880000000000	94.6940000000000	100	100	100	77.5000000000000	55	55	55	59.6427500000000	64.2855000000000	67.1427500000000	70	72.1427500000000	74.2855000000000	78.5712500000000	82.8570000000000	68.9285000000000	55	51.7857500000000	48.5715000000000	74.2857500000000	100	100	100	100	100	55	10	10	10	10	10	10	10	20.7145000000000	31.4290000000000	65.7145000000000	100	100	100	65.4762500000000	30.9525000000000	15.4762500000000	0	0	0	0	0	0	0	0	0	0	0	0	0	0	0	0	0	0	0	0	0	0	0	0	0
0	0	0	0	0	0	0	0	0	0	0	0	0	0	0	0	0	0	0	0	0	0	0	0	0	0	0	0	0	0	0	0	0	0	50	100	100	100	100	100	100	100	100	100	71.3265000000000	42.6530000000000	28.9795000000000	15.3060000000000	57.6530000000000	100	55	10	10	10	10	10	37.8570000000000	65.7140000000000	72.2450000000000	78.7760000000000	89.3880000000000	100	100	100	100	100	100	100	100	100	100	100	82.8570000000000	65.7140000000000	65.7140000000000	65.7140000000000	37.8570000000000	10	48.5715000000000	87.1430000000000	93.5715000000000	100	100	100	100	100	55	10	10	10	10	10	10	10	20.7145000000000	31.4290000000000	65.7145000000000	100	100	100	50	0	0	0	0	0	0	0	0	0	0	0	0	0	0	0	0	0	0	0	0	0	0	0	0	0	0	0
0	0	0	0	0	0	0	0	0	0	0	0	0	0	0	0	0	0	0	0	0	0	0	0	0	0	0	0	0	0	0	0	0	0	25	50	73.4695000000000	96.9390000000000	98.4695000000000	100	100	100	100	100	85.0510000000000	70.1020000000000	41.3775000000000	12.6530000000000	56.3265000000000	100	73.2142500000000	46.4285000000000	28.2142500000000	10	32.5000000000000	55	68.9285000000000	82.8570000000000	86.1225000000000	89.3880000000000	94.6940000000000	100	100	100	100	100	100	100	100	100	100	100	91.4285000000000	82.8570000000000	82.8570000000000	82.8570000000000	50.7142500000000	18.5715000000000	52.8572500000000	87.1430000000000	93.5715000000000	100	100	100	90.3572500000000	80.7145000000000	45.3572500000000	10	10	10	10	10	10	10	37.8572500000000	65.7145000000000	82.8572500000000	100	75	50	25	0	0	0	0	0	0	0	0	0	0	0	0	0	0	0	0	0	0	0	0	0	0	0	0	0	0	0
0	0	0	0	0	0	0	0	0	0	0	0	0	0	0	0	0	0	0	0	0	0	0	0	0	0	0	0	0	0	0	0	0	0	0	0	46.9390000000000	93.8780000000000	96.9390000000000	100	100	100	100	100	98.7755000000000	97.5510000000000	53.7755000000000	10	55	100	91.4285000000000	82.8570000000000	46.4285000000000	10	55	100	100	100	100	100	100	100	100	100	100	100	100	100	100	100	100	100	100	100	100	100	63.5715000000000	27.1430000000000	57.1430000000000	87.1430000000000	93.5715000000000	100	100	100	80.7145000000000	61.4290000000000	35.7145000000000	10	10	10	10	10	10	10	55	100	100	100	50	0	0	0	0	0	0	0	0	0	0	0	0	0	0	0	0	0	0	0	0	0	0	0	0	0	0	0	0	0
0	0	0	0	0	0	0	0	0	0	0	0	0	0	0	0	0	0	0	0	0	0	0	0	0	0	0	0	0	0	0	0	0	0	0	0	44.8980000000000	89.7960000000000	94.8980000000000	100	100	100	77.5000000000000	55	54.3877500000000	53.7755000000000	31.8877500000000	10	55	100	91.4285000000000	82.8570000000000	46.4285000000000	10	47.3470000000000	84.6940000000000	92.3470000000000	100	100	100	100	100	100	100	100	100	100	100	100	100	100	100	92.3470000000000	84.6940000000000	81.6327500000000	78.5715000000000	48.5715000000000	18.5715000000000	33.5715000000000	48.5715000000000	51.7857500000000	55	55	55	45.3572500000000	35.7145000000000	22.8572500000000	10	10	10	10	10	10	10	55	100	100	100	50	0	0	0	0	0	0	0	0	0	0	0	0	0	0	0	0	0	0	0	0	0	0	0	0	0	0	0	0	0
0	0	0	0	0	0	0	0	0	0	0	0	0	0	0	0	0	0	0	0	0	0	0	0	0	0	0	0	0	0	0	0	0	0	0	0	42.8570000000000	85.7140000000000	92.8570000000000	100	100	100	55	10	10	10	10	10	55	100	91.4285000000000	82.8570000000000	46.4285000000000	10	39.6940000000000	69.3880000000000	84.6940000000000	100	100	100	100	100	100	100	100	100	100	100	100	100	100	100	84.6940000000000	69.3880000000000	63.2655000000000	57.1430000000000	33.5715000000000	10	10	10	10	10	10	10	10	10	10	10	10	10	10	10	10	10	55	100	100	100	50	0	0	0	0	0	0	0	0	0	0	0	0	0	0	0	0	0	0	0	0	0	0	0	0	0	0	0	0	0
0	0	0	0	0	0	0	0	0	0	0	0	0	0	0	0	0	0	0	0	0	0	0	0	0	0	0	0	0	0	0	0	0	0	0	0	42.8570000000000	85.7140000000000	92.8570000000000	100	78.5715000000000	57.1430000000000	33.5715000000000	10	10	10	12.1427500000000	14.2855000000000	57.1427500000000	100	95.7142500000000	91.4285000000000	73.2142500000000	55	66.7857500000000	78.5715000000000	70.3572500000000	62.1430000000000	73.7755000000000	85.4080000000000	92.7040000000000	100	100	100	75	50	56.8027500000000	63.6055000000000	74.5067500000000	85.4080000000000	70.2040000000000	55	47.3470000000000	39.6940000000000	36.6327500000000	33.5715000000000	21.7857500000000	10	10	10	10	10	10	10	10	10	10	10	11.1225000000000	12.2450000000000	22.9082500000000	33.5715000000000	35.6122500000000	37.6530000000000	68.8265000000000	100	92.8572500000000	85.7145000000000	42.8572500000000	0	0	0	0	0	0	0	0	0	0	0	0	0	0	0	0	0	0	0	0	0	0	0	0	0	0	0	0	0
0	0	0	0	0	0	0	0	0	0	0	0	0	0	0	0	0	0	0	0	0	0	0	0	0	0	0	0	0	0	0	0	0	0	0	0	42.8570000000000	85.7140000000000	92.8570000000000	100	57.1430000000000	14.2860000000000	12.1430000000000	10	10	10	14.2855000000000	18.5710000000000	59.2855000000000	100	100	100	100	100	93.8775000000000	87.7550000000000	56.0205000000000	24.2860000000000	47.5510000000000	70.8160000000000	85.4080000000000	100	100	100	50	0	13.6055000000000	27.2110000000000	49.0135000000000	70.8160000000000	40.4080000000000	10	10	10	10	10	10	10	10	10	10	10	10	10	10	10	10	10	12.2450000000000	14.4900000000000	35.8165000000000	57.1430000000000	61.2245000000000	65.3060000000000	82.6530000000000	100	85.7145000000000	71.4290000000000	35.7145000000000	0	0	0	0	0	0	0	0	0	0	0	0	0	0	0	0	0	0	0	0	0	0	0	0	0	0	0	0	0
0	0	0	0	0	0	0	0	0	0	0	0	0	0	0	0	0	0	0	0	0	0	0	0	0	0	0	0	0	0	0	0	0	0	0	0	42.8570000000000	85.7140000000000	92.8570000000000	100	78.5715000000000	57.1430000000000	46.4287500000000	35.7145000000000	22.8572500000000	10	12.1427500000000	14.2855000000000	44.2855000000000	74.2855000000000	87.1427500000000	100	100	100	96.9387500000000	93.8775000000000	64.0817500000000	34.2860000000000	37.3470000000000	40.4080000000000	47.7040000000000	55	55	55	27.5000000000000	0	6.80275000000000	13.6055000000000	27.0067500000000	40.4080000000000	25.2040000000000	10	10	10	10	10	10	10	10	10	11.2245000000000	12.4490000000000	11.2245000000000	10	10	10	11.0715000000000	12.1430000000000	34.6940000000000	57.2450000000000	67.9082500000000	78.5715000000000	80.6122500000000	82.6530000000000	91.3265000000000	100	67.8572500000000	35.7145000000000	17.8572500000000	0	0	0	0	0	0	0	0	0	0	0	0	0	0	0	0	0	0	0	0	0	0	0	0	0	0	0	0	0
0	0	0	0	0	0	0	0	0	0	0	0	0	0	0	0	0	0	0	0	0	0	0	0	0	0	0	0	0	0	0	0	0	0	0	0	42.8570000000000	85.7140000000000	92.8570000000000	100	100	100	80.7145000000000	61.4290000000000	35.7145000000000	10	10	10	29.2855000000000	48.5710000000000	74.2855000000000	100	100	100	100	100	72.1430000000000	44.2860000000000	27.1430000000000	10	10	10	10	10	5	0	0	0	5	10	10	10	10	10	10	10	10	10	10	10	12.4490000000000	14.8980000000000	12.4490000000000	10	10	10	12.1430000000000	14.2860000000000	57.1430000000000	100	100	100	100	100	100	100	50	0	0	0	0	0	0	0	0	0	0	0	0	0	0	0	0	0	0	0	0	0	0	0	0	0	0	0	0	0	0	0
0	0	0	0	0	0	0	0	0	0	0	0	0	0	0	0	0	0	0	0	0	0	0	0	0	0	0	0	0	0	0	0	0	0	0	0	21.4285000000000	42.8570000000000	71.4285000000000	100	100	100	90.3572500000000	80.7145000000000	45.3572500000000	10	10	10	19.6427500000000	29.2855000000000	64.6427500000000	100	100	100	100	100	78.5715000000000	57.1430000000000	33.5715000000000	10	10	10	10	10	5	0	0	0	5	10	10	10	10	10	10	10	10	10	21.9387500000000	33.8775000000000	45.6632500000000	57.4490000000000	33.7245000000000	10	10	10	11.4797500000000	12.9595000000000	56.4797500000000	100	100	100	100	100	82.2562500000000	64.5125000000000	32.2562500000000	0	0	0	0	0	0	0	0	0	0	0	0	0	0	0	0	0	0	0	0	0	0	0	0	0	0	0	0	0	0	0
0	0	0	0	0	0	0	0	0	0	0	0	0	0	0	0	0	0	0	0	0	0	0	0	0	0	0	0	0	0	0	0	0	0	0	0	0	0	50	100	100	100	100	100	55	10	10	10	10	10	55	100	100	100	100	100	85	70	40	10	10	10	10	10	5	0	0	0	5	10	10	10	10	10	10	10	10	10	33.8775000000000	57.7550000000000	78.8775000000000	100	55	10	10	10	10.8165000000000	11.6330000000000	55.8165000000000	100	100	100	100	100	64.5125000000000	29.0250000000000	14.5125000000000	0	0	0	0	0	0	0	0	0	0	0	0	0	0	0	0	0	0	0	0	0	0	0	0	0	0	0	0	0	0	0
0	0	0	0	0	0	0	0	0	0	0	0	0	0	0	0	0	0	0	0	0	0	0	0	0	0	0	0	0	0	0	0	0	0	0	0	0	0	25	50	58.3332500000000	66.6665000000000	83.3332500000000	100	77.5000000000000	55	46.0715000000000	37.1430000000000	23.5715000000000	10	32.5000000000000	55	55	55	55	55	47.5000000000000	40	25	10	10	10	10	10	7.06350000000000	4.12700000000000	4.56350000000000	5	7.50000000000000	10	10	10	10	10	10	10	10	10	43.3672500000000	76.7345000000000	74.7957500000000	72.8570000000000	41.4285000000000	10	10	10	11.1225000000000	12.2450000000000	56.1225000000000	100	100	100	75	50	32.2562500000000	14.5125000000000	7.25625000000000	0	0	0	0	0	0	0	0	0	0	0	0	0	0	0	0	0	0	0	0	0	0	0	0	0	0	0	0	0	0	0
0	0	0	0	0	0	0	0	0	0	0	0	0	0	0	0	0	0	0	0	0	0	0	0	0	0	0	0	0	0	0	0	0	0	0	0	0	0	0	0	16.6665000000000	33.3330000000000	66.6665000000000	100	100	100	82.1430000000000	64.2860000000000	37.1430000000000	10	10	10	10	10	10	10	10	10	10	10	10	10	10	10	9.12700000000000	8.25400000000000	9.12700000000000	10	10	10	10	10	10	10	10	10	10	10	52.8570000000000	95.7140000000000	70.7140000000000	45.7140000000000	27.8570000000000	10	10	10	11.4285000000000	12.8570000000000	56.4285000000000	100	100	100	50	0	0	0	0	0	0	0	0	0	0	0	0	0	0	0	0	0	0	0	0	0	0	0	0	0	0	0	0	0	0	0	0	0	0	0
0	0	0	0	0	0	0	0	0	0	0	0	0	0	0	0	0	0	0	0	0	0	0	0	0	0	0	0	0	0	0	0	0	0	0	0	0	0	0	0	8.33325000000000	16.6665000000000	58.3332500000000	100	100	100	91.0715000000000	82.1430000000000	59.8470000000000	37.5510000000000	41.0715000000000	44.5920000000000	49.7960000000000	55	55	55	32.5000000000000	10	10	10	10	10	10	10	9.56350000000000	9.12700000000000	9.56350000000000	10	10	10	10	10	10	10	10	10	23.0102500000000	36.0205000000000	66.9387500000000	97.8570000000000	62.8570000000000	27.8570000000000	18.9285000000000	10	10	10	33.2142500000000	56.4285000000000	78.2142500000000	100	75	50	25	0	0	0	0	0	0	0	0	0	0	0	0	0	0	0	0	0	0	0	0	0	0	0	0	0	0	0	0	0	0	0	0	0	0	0
0	0	0	0	0	0	0	0	0	0	0	0	0	0	0	0	0	0	0	0	0	0	0	0	0	0	0	0	0	0	0	0	0	0	0	0	0	0	0	0	0	0	50	100	100	100	100	100	82.5510000000000	65.1020000000000	72.1430000000000	79.1840000000000	89.5920000000000	100	100	100	55	10	10	10	10	10	10	10	10	10	10	10	10	10	10	10	10	10	10	10	36.0205000000000	62.0410000000000	81.0205000000000	100	55	10	10	10	10	10	55	100	100	100	50	0	0	0	0	0	0	0	0	0	0	0	0	0	0	0	0	0	0	0	0	0	0	0	0	0	0	0	0	0	0	0	0	0	0	0	0	0
0	0	0	0	0	0	0	0	0	0	0	0	0	0	0	0	0	0	0	0	0	0	0	0	0	0	0	0	0	0	0	0	0	0	0	0	0	0	0	0	0	0	25	50	75	100	100	100	91.2755000000000	82.5510000000000	86.0715000000000	89.5920000000000	94.7960000000000	100	100	100	77.5000000000000	55	55	55	55	55	45.9297500000000	36.8595000000000	43.1237500000000	49.3880000000000	29.6940000000000	10	10	10	10	10	10	10	27.1427500000000	44.2855000000000	45.5102500000000	46.7350000000000	50.8675000000000	55	32.5000000000000	10	32.2450000000000	54.4900000000000	54.7450000000000	55	77.5000000000000	100	97.6190000000000	95.2380000000000	47.6190000000000	0	0	0	0	0	0	0	0	0	0	0	0	0	0	0	0	0	0	0	0	0	0	0	0	0	0	0	0	0	0	0	0	0	0	0	0	0
0	0	0	0	0	0	0	0	0	0	0	0	0	0	0	0	0	0	0	0	0	0	0	0	0	0	0	0	0	0	0	0	0	0	0	0	0	0	0	0	0	0	0	0	50	100	100	100	100	100	100	100	100	100	100	100	100	100	100	100	100	100	81.8595000000000	63.7190000000000	76.2475000000000	88.7760000000000	49.3880000000000	10	10	10	10	10	10	10	44.2855000000000	78.5710000000000	55	31.4290000000000	20.7145000000000	10	10	10	54.4900000000000	98.9800000000000	99.4900000000000	100	100	100	95.2380000000000	90.4760000000000	45.2380000000000	0	0	0	0	0	0	0	0	0	0	0	0	0	0	0	0	0	0	0	0	0	0	0	0	0	0	0	0	0	0	0	0	0	0	0	0	0
0	0	0	0	0	0	0	0	0	0	0	0	0	0	0	0	0	0	0	0	0	0	0	0	0	0	0	0	0	0	0	0	0	0	0	0	0	0	0	0	0	0	0	0	25.2267500000000	50.4535000000000	75.2267500000000	100	100	100	100	100	100	100	100	100	100	100	100	100	77.7210000000000	55.4420000000000	43.6507500000000	31.8595000000000	53.4865000000000	75.1135000000000	65.0567500000000	55	39.4387500000000	23.8775000000000	16.9387500000000	10	10	10	27.1427500000000	44.2855000000000	32.5000000000000	20.7145000000000	15.3572500000000	10	32.0917500000000	54.1835000000000	76.8367500000000	99.4900000000000	99.7450000000000	100	99.0362500000000	98.0725000000000	71.6552500000000	45.2380000000000	22.6190000000000	0	0	0	0	0	0	0	0	0	0	0	0	0	0	0	0	0	0	0	0	0	0	0	0	0	0	0	0	0	0	0	0	0	0	0	0	0
0	0	0	0	0	0	0	0	0	0	0	0	0	0	0	0	0	0	0	0	0	0	0	0	0	0	0	0	0	0	0	0	0	0	0	0	0	0	0	0	0	0	0	0	0.453500000000000	0.907000000000000	50.4535000000000	100	100	100	100	100	100	100	100	100	100	100	100	100	55.4420000000000	10.8840000000000	5.44200000000000	0	30.7255000000000	61.4510000000000	80.7255000000000	100	68.8775000000000	37.7550000000000	23.8775000000000	10	10	10	10	10	10	10	10	10	54.1835000000000	98.3670000000000	99.1835000000000	100	100	100	98.0725000000000	96.1450000000000	48.0725000000000	0	0	0	0	0	0	0	0	0	0	0	0	0	0	0	0	0	0	0	0	0	0	0	0	0	0	0	0	0	0	0	0	0	0	0	0	0	0	0
0	0	0	0	0	0	0	0	0	0	0	0	0	0	0	0	0	0	0	0	0	0	0	0	0	0	0	0	0	0	0	0	0	0	0	0	0	0	0	0	0	0	0	0	0.226750000000000	0.453500000000000	25.2267500000000	50	53.5715000000000	57.1430000000000	61.2245000000000	65.3060000000000	82.6530000000000	100	100	100	100	100	77.2110000000000	54.4220000000000	29.9320000000000	5.44200000000000	2.72100000000000	0	15.3627500000000	30.7255000000000	40.3627500000000	50	59.4387500000000	68.8775000000000	61.9387500000000	55	55	55	51.7857500000000	48.5715000000000	48.5715000000000	48.5715000000000	51.7857500000000	55	77.0917500000000	99.1835000000000	99.5917500000000	100	78.5715000000000	57.1430000000000	52.6077500000000	48.0725000000000	24.0362500000000	0	0	0	0	0	0	0	0	0	0	0	0	0	0	0	0	0	0	0	0	0	0	0	0	0	0	0	0	0	0	0	0	0	0	0	0	0	0	0
0	0	0	0	0	0	0	0	0	0	0	0	0	0	0	0	0	0	0	0	0	0	0	0	0	0	0	0	0	0	0	0	0	0	0	0	0	0	0	0	0	0	0	0	0	0	0	0	7.14300000000000	14.2860000000000	22.4490000000000	30.6120000000000	65.3060000000000	100	100	100	100	100	54.4220000000000	8.84400000000000	4.42200000000000	0	0	0	0	0	0	0	50	100	100	100	100	100	93.5715000000000	87.1430000000000	87.1430000000000	87.1430000000000	93.5715000000000	100	100	100	100	100	57.1430000000000	14.2860000000000	7.14300000000000	0	0	0	0	0	0	0	0	0	0	0	0	0	0	0	0	0	0	0	0	0	0	0	0	0	0	0	0	0	0	0	0	0	0	0	0	0	0	0	0	0
0	0	0	0	0	0	0	0	0	0	0	0	0	0	0	0	0	0	0	0	0	0	0	0	0	0	0	0	0	0	0	0	0	0	0	0	0	0	0	0	0	0	0	0	0	0	0	0	3.57150000000000	7.14300000000000	11.2245000000000	15.3060000000000	32.6530000000000	50	52.3810000000000	54.7620000000000	52.3810000000000	50	27.2110000000000	4.42200000000000	2.21100000000000	0	0	0	0	0	0	0	41.3832500000000	82.7665000000000	91.3832500000000	100	100	100	96.7857500000000	93.5715000000000	93.5715000000000	93.5715000000000	96.7857500000000	100	79.5352500000000	59.0705000000000	54.5352500000000	50	28.5715000000000	7.14300000000000	3.57150000000000	0	0	0	0	0	0	0	0	0	0	0	0	0	0	0	0	0	0	0	0	0	0	0	0	0	0	0	0	0	0	0	0	0	0	0	0	0	0	0	0	0
0	0	0	0	0	0	0	0	0	0	0	0	0	0	0	0	0	0	0	0	0	0	0	0	0	0	0	0	0	0	0	0	0	0	0	0	0	0	0	0	0	0	0	0	0	0	0	0	0	0	0	0	0	0	4.76200000000000	9.52400000000000	4.76200000000000	0	0	0	0	0	0	0	0	0	0	0	32.7665000000000	65.5330000000000	82.7665000000000	100	100	100	100	100	100	100	100	100	59.0705000000000	18.1410000000000	9.07050000000000	0	0	0	0	0	0	0	0	0	0	0	0	0	0	0	0	0	0	0	0	0	0	0	0	0	0	0	0	0	0	0	0	0	0	0	0	0	0	0	0	0	0	0	0	0
0	0	0	0	0	0	0	0	0	0	0	0	0	0	0	0	0	0	0	0	0	0	0	0	0	0	0	0	0	0	0	0	0	0	0	0	0	0	0	0	0	0	0	0	0	0	0	0	0	0	0	0	0	0	2.38100000000000	4.76200000000000	2.38100000000000	0	0	0	0	0	0	0	0	0	0	0	16.3832500000000	32.7665000000000	41.3832500000000	50	50	50	50	50	50	50	50	50	29.5352500000000	9.07050000000000	4.53525000000000	0	0	0	0	0	0	0	0	0	0	0	0	0	0	0	0	0	0	0	0	0	0	0	0	0	0	0	0	0	0	0	0	0	0	0	0	0	0	0	0	0	0	0	0	0
0	0	0	0	0	0	0	0	0	0	0	0	0	0	0	0	0	0	0	0	0	0	0	0	0	0	0	0	0	0	0	0	0	0	0	0	0	0	0	0	0	0	0	0	0	0	0	0	0	0	0	0	0	0	0	0	0	0	0	0	0	0	0	0	0	0	0	0	0	0	0	0	0	0	0	0	0	0	0	0	0	0	0	0	0	0	0	0	0	0	0	0	0	0	0	0	0	0	0	0	0	0	0	0	0	0	0	0	0	0	0	0	0	0	0	0	0	0	0	0	0	0	0	0	0	0	0	0
0	0	0	0	0	0	0	0	0	0	0	0	0	0	0	0	0	0	0	0	0	0	0	0	0	0	0	0	0	0	0	0	0	0	0	0	0	0	0	0	0	0	0	0	0	0	0	0	0	0	0	0	0	0	0	0	0	0	0	0	0	0	0	0	0	0	0	0	0	0	0	0	0	0	0	0	0	0	0	0	0	0	0	0	0	0	0	0	0	0	0	0	0	0	0	0	0	0	0	0	0	0	0	0	0	0	0	0	0	0	0	0	0	0	0	0	0	0	0	0	0	0	0	0	0	0	0	0
0	0	0	0	0	0	0	0	0	0	0	0	0	0	0	0	0	0	0	0	0	0	0	0	0	0	0	0	0	0	0	0	0	0	0	0	0	0	0	0	0	0	0	0	0	0	0	0	0	0	0	0	0	0	0	0	0	0	0	0	0	0	0	0	0	0	0	0	0	0	0	0	0	0	0	0	0	0	0	0	0	0	0	0	0	0	0	0	0	0	0	0	0	0	0	0	0	0	0	0	0	0	0	0	0	0	0	0	0	0	0	0	0	0	0	0	0	0	0	0	0	0	0	0	0	0	0	0