0	0	0	0	0	0	0	0	0	0	0	0	0	0	0	0	0	0	0	0	0	0	0	0	0	0	0	0	0	0	0	0	0	0	0	0	0	0	0	0	0	0	0	0	0	0	0	0	0	0	0	0	0	0	0	0	0	0	0	0	0	0	0	0	0	0	0	0	0	0	0	0	0	0	0	0	0	0	0	0	0	0	0	0	0	0	0	0	0	0	0	0	0	0	0	0	0	0	0	0	0	0	0	0	0	0	0	0	0	0	0	0	0	0	0	0	0	0	0	0	0	0	0	0	0	0	0	0
0	0	0	0	0	0	0	0	0	0	0	0	0	0	0	0	0	0	0	0	0	0	0	0	0	0	0	0	0	0	0	0	0	0	0	0	0	0	0	0	0	0	0	0	0	0	0	0	0	0	0	0	0	0	0	0	0	0	0	0	0	0	0	0	0	0	0	0	0	0	0	0	0	0	0	0	0	0	0	0	0	0	0	0	0	0	0	0	0	0	0	0	0	0	0	0	0	0	0	0	0	0	0	0	0	0	0	0	0	0	0	0	0	0	0	0	0	0	0	0	0	0	0	0	0	0	0	0
0	0	0	0	0	0	0	0	0	0	0	0	0	0	0	0	0	0	0	0	0	0	0	0	0	0	0	0	0	0	0	0	0	0	0	0	0	0	0	0	0	0	0	0	0	0	0	0	0	0	0	0	0	0	0	0	0	0	0	0	0	0	0	0	0	0	0	0	0	0	0	0	0	0	0	0	0	0	0	0	0	0	0	0	0	0	0	0	0	0	0	0	0	0	0	0	0	0	0	0	0	0	0	0	0	0	0	0	0	0	0	0	0	0	0	0	0	0	0	0	0	0	0	0	0	0	0	0
0	0	0	0	0	0	0	0	0	0	0	0	0	0	0	0	0	0	0	0	0	0	0	0	0	0	0	0	0	0	0	0	0	0	0	0	0	0	0	0	0	0	0	0	0	0	0	0	0	0	0	0	0	0	0	0	0	0	0	0	0	0	0	0	0	0	0	0	0	0	0	0	0	0	0	0	0	0	0	0	0	0	0	0	0	0	0	0	0	0	0	0	0	0	0	0	0	0	0	0	0	0	0	0	0	0	0	0	0	0	0	0	0	0	0	0	0	0	0	0	0	0	0	0	0	0	0	0
0	0	0	0	0	0	0	0	0	0	0	0	0	0	0	0	0	0	0	0	0	0	0	0	0	0	0	0	0	0	0	0	0	0	0	0	0	0	0	0	0	0	0	0	0	0	0	0	0	0	0	0	2.38100000000000	4.76200000000000	4.76200000000000	4.76200000000000	2.38100000000000	0	0.907000000000000	1.81400000000000	3.28800000000000	4.76200000000000	4.76200000000000	4.76200000000000	2.38100000000000	0	0	0	1.47400000000000	2.94800000000000	3.85500000000000	4.76200000000000	4.76200000000000	4.76200000000000	21.9955000000000	39.2290000000000	26.3037500000000	13.3785000000000	6.68925000000000	0	0	0	0	0	0	0	0	0	0	0	0	0	0	0	0	0	0	0	0	0	0	0	0	0	0	0	0	0	0	0	0	0	0	0	0	0	0	0	0	0	0	0	0	0	0	0	0	0
0	0	0	0	0	0	0	0	0	0	0	0	0	0	0	0	0	0	0	0	0	0	0	0	0	0	0	0	0	0	0	0	0	0	0	0	0	0	0	0	0	0	0	0	0	0	0	0	0	0	0	0	4.76200000000000	9.52400000000000	9.52400000000000	9.52400000000000	4.76200000000000	0	1.81400000000000	3.62800000000000	6.57600000000000	9.52400000000000	9.52400000000000	9.52400000000000	4.76200000000000	0	0	0	2.94800000000000	5.89600000000000	7.71000000000000	9.52400000000000	9.52400000000000	9.52400000000000	43.9910000000000	78.4580000000000	52.6075000000000	26.7570000000000	13.3785000000000	0	0	0	0	0	0	0	0	0	0	0	0	0	0	0	0	0	0	0	0	0	0	0	0	0	0	0	0	0	0	0	0	0	0	0	0	0	0	0	0	0	0	0	0	0	0	0	0	0
0	0	0	0	0	0	0	0	0	0	0	0	0	0	0	0	0	0	0	0	0	0	0	0	0	0	0	0	0	0	0	0	0	0	0	0	0	0	0	0	0	0	0	0	0	0	3.57150000000000	7.14300000000000	28.5715000000000	50	50	50	52.3810000000000	54.7620000000000	54.7620000000000	54.7620000000000	52.3810000000000	50	50.9070000000000	51.8140000000000	53.2880000000000	54.7620000000000	54.7620000000000	54.7620000000000	27.3810000000000	0	25	50	51.4740000000000	52.9480000000000	53.8550000000000	54.7620000000000	54.7620000000000	54.7620000000000	71.9955000000000	89.2290000000000	76.3037500000000	63.3785000000000	56.6892500000000	50	25	0	0	0	0	0	0	0	0	0	0	0	0	0	0	0	0	0	0	0	0	0	0	0	0	0	0	0	0	0	0	0	0	0	0	0	0	0	0	0	0	0	0	0	0	0	0	0
0	0	0	0	0	0	0	0	0	0	0	0	0	0	0	0	0	0	0	0	0	0	0	0	0	0	0	0	0	0	0	0	0	0	0	0	0	0	0	0	0	0	0	0	0	0	7.14300000000000	14.2860000000000	57.1430000000000	100	100	100	100	100	100	100	100	100	100	100	100	100	100	100	50	0	50	100	100	100	100	100	100	100	100	100	100	100	100	100	50	0	0	0	0	0	0	0	0	0	0	0	0	0	0	0	0	0	0	0	0	0	0	0	0	0	0	0	0	0	0	0	0	0	0	0	0	0	0	0	0	0	0	0	0	0	0	0
0	0	0	0	0	0	0	0	0	0	0	0	0	0	0	0	0	0	0	0	0	0	0	0	0	0	0	0	0	0	0	0	0	0	0	0	0	0	0	0	0	0	0	0	25	50	53.5715000000000	57.1430000000000	78.5715000000000	100	99.1837500000000	98.3675000000000	76.6837500000000	55	77.5000000000000	100	100	100	100	100	100	100	100	100	61.9047500000000	23.8095000000000	61.9047500000000	100	100	100	100	100	100	100	95.7142500000000	91.4285000000000	87.9592500000000	84.4900000000000	92.2450000000000	100	75	50	25.2267500000000	0.453500000000000	0.226750000000000	0	0	0	0	0	0	0	0	0	0	0	0	0	0	0	0	0	0	0	0	0	0	0	0	0	0	0	0	0	0	0	0	0	0	0	0	0	0	0	0	0	0	0
0	0	0	0	0	0	0	0	0	0	0	0	0	0	0	0	0	0	0	0	0	0	0	0	0	0	0	0	0	0	0	0	0	0	0	0	0	0	0	0	0	0	0	0	50	100	100	100	100	100	98.3675000000000	96.7350000000000	53.3675000000000	10	55	100	100	100	100	100	100	100	100	100	73.8095000000000	47.6190000000000	73.8095000000000	100	100	100	100	100	100	100	91.4285000000000	82.8570000000000	75.9185000000000	68.9800000000000	84.4900000000000	100	100	100	50.4535000000000	0.907000000000000	0.453500000000000	0	0	0	0	0	0	0	0	0	0	0	0	0	0	0	0	0	0	0	0	0	0	0	0	0	0	0	0	0	0	0	0	0	0	0	0	0	0	0	0	0	0	0
0	0	0	0	0	0	0	0	0	0	0	0	0	0	0	0	0	0	0	0	0	0	0	0	0	0	0	0	0	0	0	0	0	0	0	0	0	0	0	0	0	0	5.95250000000000	11.9050000000000	55.9525000000000	100	100	100	100	100	94.8980000000000	89.7960000000000	49.8980000000000	10	51.1735000000000	92.3470000000000	85.1020000000000	77.8570000000000	66.4285000000000	55	77.5000000000000	100	100	100	86.9047500000000	73.8095000000000	86.9047500000000	100	100	100	100	100	100	100	95.7142500000000	91.4285000000000	66.4797500000000	41.5310000000000	48.2655000000000	55	77.5000000000000	100	75.2267500000000	50.4535000000000	50.2267500000000	50	30.6690000000000	11.3380000000000	5.66900000000000	0	0	0	0	0	0	0	0	0	0	0	0	0	0	0	0	0	0	0	0	0	0	0	0	0	0	0	0	0	0	0	0	0	0	0	0	0	0	0
0	0	0	0	0	0	0	0	0	0	0	0	0	0	0	0	0	0	0	0	0	0	0	0	0	0	0	0	0	0	0	0	0	0	0	0	0	0	0	0	0	0	11.9050000000000	23.8100000000000	61.9050000000000	100	100	100	100	100	91.4285000000000	82.8570000000000	46.4285000000000	10	47.3470000000000	84.6940000000000	70.2040000000000	55.7140000000000	32.8570000000000	10	55	100	100	100	100	100	100	100	100	100	100	100	100	100	100	100	57.0410000000000	14.0820000000000	12.0410000000000	10	55	100	100	100	100	100	61.3380000000000	22.6760000000000	11.3380000000000	0	0	0	0	0	0	0	0	0	0	0	0	0	0	0	0	0	0	0	0	0	0	0	0	0	0	0	0	0	0	0	0	0	0	0	0	0	0	0
0	0	0	0	0	0	0	0	0	0	0	0	0	0	0	0	0	0	0	0	0	0	0	0	0	0	0	0	0	0	0	0	0	0	0	0	0	0	0	0	6.80275000000000	13.6055000000000	37.7552500000000	61.9050000000000	80.9525000000000	100	77.5000000000000	55	77.5000000000000	100	95.7142500000000	91.4285000000000	50.7142500000000	10	28.6735000000000	47.3470000000000	40.1020000000000	32.8570000000000	21.4285000000000	10	55	100	100	100	100	100	100	100	100	100	77.5000000000000	55	55	55	75.9695000000000	96.9390000000000	54.4900000000000	12.0410000000000	11.0205000000000	10	32.5000000000000	55	77.5000000000000	100	100	100	80.6690000000000	61.3380000000000	37.1315000000000	12.9250000000000	6.46250000000000	0	0	0	0	0	0	0	0	0	0	0	0	0	0	0	0	0	0	0	0	0	0	0	0	0	0	0	0	0	0	0	0	0	0	0	0	0
0	0	0	0	0	0	0	0	0	0	0	0	0	0	0	0	0	0	0	0	0	0	0	0	0	0	0	0	0	0	0	0	0	0	0	0	0	0	0	0	13.6055000000000	27.2110000000000	63.6055000000000	100	100	100	55	10	55	100	100	100	55	10	10	10	10	10	10	10	55	100	100	100	100	100	100	100	100	100	55	10	10	10	51.9390000000000	93.8780000000000	51.9390000000000	10	10	10	10	10	55	100	100	100	100	100	62.9250000000000	25.8500000000000	12.9250000000000	0	0	0	0	0	0	0	0	0	0	0	0	0	0	0	0	0	0	0	0	0	0	0	0	0	0	0	0	0	0	0	0	0	0	0	0	0
0	0	0	0	0	0	0	0	0	0	0	0	0	0	0	0	0	0	0	0	0	0	0	0	0	0	0	0	0	0	0	0	0	0	0	0	0	0	7.53975000000000	15.0795000000000	39.3425000000000	63.6055000000000	81.8027500000000	100	98.9285000000000	97.8570000000000	53.9285000000000	10	55	100	100	100	55	10	10	10	10	10	15.7142500000000	21.4285000000000	38.2142500000000	55	77.5000000000000	100	100	100	100	100	100	100	77.5000000000000	55	32.5000000000000	10	30.9695000000000	51.9390000000000	30.9695000000000	10	29.2857500000000	48.5715000000000	51.7857500000000	55	77.5000000000000	100	100	100	100	100	81.4625000000000	62.9250000000000	31.4625000000000	0	0	0	0	0	0	0	0	0	0	0	0	0	0	0	0	0	0	0	0	0	0	0	0	0	0	0	0	0	0	0	0	0	0	0	0	0
0	0	0	0	0	0	0	0	0	0	0	0	0	0	0	0	0	0	0	0	0	0	0	0	0	0	0	0	0	0	0	0	0	0	0	0	0	0	15.0795000000000	30.1590000000000	65.0795000000000	100	100	100	97.8570000000000	95.7140000000000	52.8570000000000	10	55	100	100	100	55	10	10	10	10	10	21.4285000000000	32.8570000000000	21.4285000000000	10	55	100	100	100	100	100	100	100	100	100	55	10	10	10	10	10	48.5715000000000	87.1430000000000	93.5715000000000	100	100	100	100	100	100	100	100	100	50	0	0	0	0	0	0	0	0	0	0	0	0	0	0	0	0	0	0	0	0	0	0	0	0	0	0	0	0	0	0	0	0	0	0	0	0	0
0	0	0	0	0	0	0	0	0	0	0	0	0	0	0	0	0	0	0	0	0	0	0	0	0	0	0	0	0	0	0	0	0	0	0	0	0	0	32.5397500000000	65.0795000000000	82.5397500000000	100	91.4285000000000	82.8570000000000	67.8570000000000	52.8570000000000	31.4285000000000	10	55	100	95.7142500000000	91.4285000000000	50.7142500000000	10	10	10	10	10	24.2857500000000	38.5715000000000	46.7857500000000	55	77.5000000000000	100	100	100	100	100	100	100	100	100	55	10	10	10	10	10	50.5612500000000	91.1225000000000	95.5612500000000	100	100	100	91.4285000000000	82.8570000000000	91.4285000000000	100	100	100	72.7890000000000	45.5780000000000	22.7890000000000	0	0	0	0	0	0	0	0	0	0	0	0	0	0	0	0	0	0	0	0	0	0	0	0	0	0	0	0	0	0	0	0	0	0	0
0	0	0	0	0	0	0	0	0	0	0	0	0	0	0	0	0	0	0	0	0	0	0	0	0	0	0	0	0	0	0	0	0	0	0	0	0	0	50	100	100	100	82.8570000000000	65.7140000000000	37.8570000000000	10	10	10	55	100	91.4285000000000	82.8570000000000	46.4285000000000	10	10	10	10	10	27.1430000000000	44.2860000000000	72.1430000000000	100	100	100	100	100	100	100	100	100	100	100	55	10	10	10	10	10	52.5510000000000	95.1020000000000	97.5510000000000	100	100	100	82.8570000000000	65.7140000000000	82.8570000000000	100	100	100	95.5780000000000	91.1560000000000	45.5780000000000	0	0	0	0	0	0	0	0	0	0	0	0	0	0	0	0	0	0	0	0	0	0	0	0	0	0	0	0	0	0	0	0	0	0	0
0	0	0	0	0	0	0	0	0	0	0	0	0	0	0	0	0	0	0	0	0	0	0	0	0	0	0	0	0	0	0	0	0	0	0	0	22.9592500000000	45.9185000000000	72.9592500000000	100	100	100	68.9285000000000	37.8570000000000	23.9285000000000	10	10	10	55	100	73.2142500000000	46.4285000000000	28.2142500000000	10	10	10	17.5000000000000	25	48.5715000000000	72.1430000000000	86.0715000000000	100	100	100	100	100	100	100	94.0305000000000	88.0610000000000	75.8162500000000	63.5715000000000	36.7857500000000	10	10	10	10	10	31.2755000000000	52.5510000000000	76.2755000000000	100	78.5715000000000	57.1430000000000	47.5000000000000	37.8570000000000	68.9285000000000	100	100	100	97.7890000000000	95.5780000000000	70.0680000000000	44.5580000000000	22.2790000000000	0	0	0	0	0	0	0	0	0	0	0	0	0	0	0	0	0	0	0	0	0	0	0	0	0	0	0	0	0	0	0	0	0
0	0	0	0	0	0	0	0	0	0	0	0	0	0	0	0	0	0	0	0	0	0	0	0	0	0	0	0	0	0	0	0	0	0	0	0	45.9185000000000	91.8370000000000	95.9185000000000	100	100	100	55	10	10	10	10	10	55	100	55	10	10	10	10	10	25	40	70	100	100	100	100	100	100	100	100	100	88.0610000000000	76.1220000000000	51.6325000000000	27.1430000000000	18.5715000000000	10	10	10	10	10	10	10	55	100	57.1430000000000	14.2860000000000	12.1430000000000	10	55	100	100	100	100	100	94.5580000000000	89.1160000000000	44.5580000000000	0	0	0	0	0	0	0	0	0	0	0	0	0	0	0	0	0	0	0	0	0	0	0	0	0	0	0	0	0	0	0	0	0
0	0	0	0	0	0	0	0	0	0	0	0	0	0	0	0	0	0	0	0	0	0	0	0	0	0	0	0	0	0	0	0	0	0	22.5057500000000	45.0115000000000	70.4650000000000	95.9185000000000	97.9592500000000	100	100	100	77.5000000000000	55	53.9285000000000	52.8570000000000	31.4285000000000	10	34.1837500000000	58.3675000000000	34.1837500000000	10	10	10	10	10	40	70	85	100	95.4082500000000	90.8165000000000	95.4082500000000	100	100	100	100	100	71.5305000000000	43.0610000000000	30.8162500000000	18.5715000000000	14.2857500000000	10	10	10	10	10	10	10	32.5000000000000	55	33.5715000000000	12.1430000000000	21.7857500000000	31.4285000000000	65.7142500000000	100	100	100	100	100	97.2790000000000	94.5580000000000	69.1610000000000	43.7640000000000	21.8820000000000	0	0	0	0	0	0	0	0	0	0	0	0	0	0	0	0	0	0	0	0	0	0	0	0	0	0	0	0	0	0	0
0	0	0	0	0	0	0	0	0	0	0	0	0	0	0	0	0	0	0	0	0	0	0	0	0	0	0	0	0	0	0	0	0	0	45.0115000000000	90.0230000000000	95.0115000000000	100	100	100	100	100	100	100	97.8570000000000	95.7140000000000	52.8570000000000	10	13.3675000000000	16.7350000000000	13.3675000000000	10	10	10	10	10	55	100	100	100	90.8165000000000	81.6330000000000	90.8165000000000	100	100	100	100	100	55	10	10	10	10	10	10	10	10	10	10	10	10	10	10	10	31.4285000000000	52.8570000000000	76.4285000000000	100	100	100	100	100	100	100	93.7640000000000	87.5280000000000	43.7640000000000	0	0	0	0	0	0	0	0	0	0	0	0	0	0	0	0	0	0	0	0	0	0	0	0	0	0	0	0	0	0	0
0	0	0	0	0	0	0	0	0	0	0	0	0	0	0	0	0	0	0	0	0	0	0	0	0	0	0	0	0	0	0	0	22.1655000000000	44.3310000000000	69.6712500000000	95.0115000000000	97.5057500000000	100	100	100	100	100	100	100	98.9285000000000	97.8570000000000	53.9285000000000	10	11.6837500000000	13.3675000000000	11.6837500000000	10	10	10	10	10	32.5000000000000	55	55	55	50.4082500000000	45.8165000000000	72.9082500000000	100	100	100	100	100	77.5000000000000	55	55	55	47.3470000000000	39.6940000000000	24.8470000000000	10	10	10	10	10	10	10	21.2245000000000	32.4490000000000	54.4387500000000	76.4285000000000	88.2142500000000	100	100	100	77.5000000000000	55	77.5000000000000	100	96.8820000000000	93.7640000000000	68.4807500000000	43.1975000000000	21.5987500000000	0	0	0	0	0	0	0	0	0	0	0	0	0	0	0	0	0	0	0	0	0	0	0	0	0	0	0	0	0
0	0	0	0	0	0	0	0	0	0	0	0	0	0	0	0	0	0	0	0	0	0	0	0	0	0	0	0	0	0	0	0	44.3310000000000	88.6620000000000	94.3310000000000	100	100	100	100	100	100	100	100	100	100	100	55	10	10	10	10	10	10	10	10	10	10	10	10	10	10	10	55	100	100	100	100	100	100	100	100	100	84.6940000000000	69.3880000000000	39.6940000000000	10	10	10	10	10	10	10	32.4490000000000	54.8980000000000	77.4490000000000	100	100	100	100	100	55	10	55	100	100	100	93.1975000000000	86.3950000000000	43.1975000000000	0	0	0	0	0	0	0	0	0	0	0	0	0	0	0	0	0	0	0	0	0	0	0	0	0	0	0	0	0
0	0	0	0	0	0	0	0	0	0	0	0	0	0	0	0	0	0	0	0	0	0	0	0	0	0	0	0	0	0	10.2040000000000	20.4080000000000	57.3695000000000	94.3310000000000	97.1655000000000	100	100	100	77.5000000000000	55	55	55	77.5000000000000	100	100	100	55	10	10	10	10	10	10	10	10	10	10	10	10	10	26.9897500000000	43.9795000000000	71.9897500000000	100	100	100	100	100	100	100	100	100	92.3470000000000	84.6940000000000	62.5000000000000	40.3060000000000	25.1530000000000	10	10	10	10	10	43.7245000000000	77.4490000000000	88.7245000000000	100	100	100	77.5000000000000	55	32.5000000000000	10	36.7857500000000	63.5715000000000	81.7857500000000	100	96.5987500000000	93.1975000000000	56.1225000000000	19.0475000000000	9.52375000000000	0	0	0	0	0	0	0	0	0	0	0	0	0	0	0	0	0	0	0	0	0	0	0	0	0	0	0
0	0	0	0	0	0	0	0	0	0	0	0	0	0	0	0	0	0	0	0	0	0	0	0	0	0	0	0	0	0	20.4080000000000	40.8160000000000	70.4080000000000	100	100	100	100	100	55	10	10	10	55	100	100	100	55	10	10	10	10	10	10	10	10	10	10	10	10	10	43.9795000000000	77.9590000000000	88.9795000000000	100	100	100	100	100	100	100	100	100	100	100	85.3060000000000	70.6120000000000	40.3060000000000	10	10	10	10	10	55	100	100	100	100	100	55	10	10	10	18.5715000000000	27.1430000000000	63.5715000000000	100	100	100	69.0475000000000	38.0950000000000	19.0475000000000	0	0	0	0	0	0	0	0	0	0	0	0	0	0	0	0	0	0	0	0	0	0	0	0	0	0	0
0	0	0	0	0	0	0	0	0	0	0	0	0	0	0	0	0	0	0	0	0	0	0	0	0	0	0	0	0	0	35.2040000000000	70.4080000000000	85.2040000000000	100	100	100	100	100	55	10	10	10	55	100	100	100	55	10	10	10	10	10	10	10	10	10	26.7857500000000	43.5715000000000	49.2857500000000	55	71.9897500000000	88.9795000000000	94.4897500000000	100	100	100	100	100	100	100	100	100	100	100	92.6530000000000	85.3060000000000	47.6530000000000	10	10	10	10	10	32.5000000000000	55	77.5000000000000	100	99.3367500000000	98.6735000000000	54.3367500000000	10	10	10	14.2857500000000	18.5715000000000	59.2857500000000	100	100	100	84.5237500000000	69.0475000000000	34.5237500000000	0	0	0	0	0	0	0	0	0	0	0	0	0	0	0	0	0	0	0	0	0	0	0	0	0	0	0
0	0	0	0	0	0	0	0	0	0	0	0	0	0	0	0	0	0	0	0	0	0	0	0	0	0	0	0	0	0	50	100	100	100	100	100	100	100	55	10	10	10	55	100	100	100	55	10	10	10	10	10	10	10	10	10	43.5715000000000	77.1430000000000	88.5715000000000	100	100	100	100	100	100	100	100	100	100	100	100	100	100	100	100	100	55	10	10	10	10	10	10	10	55	100	98.6735000000000	97.3470000000000	53.6735000000000	10	10	10	10	10	55	100	100	100	100	100	50	0	0	0	0	0	0	0	0	0	0	0	0	0	0	0	0	0	0	0	0	0	0	0	0	0	0	0
0	0	0	0	0	0	0	0	0	0	0	0	0	0	0	0	0	0	0	0	0	0	0	0	0	0	0	0	16.6667500000000	33.3335000000000	66.6667500000000	100	100	100	100	100	100	100	57.1427500000000	14.2855000000000	12.1427500000000	10	40	70	69.6427500000000	69.2855000000000	39.6427500000000	10	10	10	10	10	10	10	10	10	49.2857500000000	88.5715000000000	94.2857500000000	100	100	100	100	100	100	100	100	100	100	100	100	100	100	100	88.5715000000000	77.1430000000000	43.5715000000000	10	10	10	10	10	10	10	32.5000000000000	55	54.3367500000000	53.6735000000000	31.8367500000000	10	10	10	10	10	32.5000000000000	55	77.5000000000000	100	100	100	65.4762500000000	30.9525000000000	15.4762500000000	0	0	0	0	0	0	0	0	0	0	0	0	0	0	0	0	0	0	0	0	0	0	0	0	0
0	0	0	0	0	0	0	0	0	0	0	0	0	0	0	0	0	0	0	0	0	0	0	0	0	0	0	0	33.3335000000000	66.6670000000000	83.3335000000000	100	100	100	100	100	100	100	59.2855000000000	18.5710000000000	14.2855000000000	10	25	40	39.2855000000000	38.5710000000000	24.2855000000000	10	10	10	10	10	10	10	10	10	55	100	100	100	100	100	100	100	100	100	100	100	100	100	100	100	100	100	77.1430000000000	54.2860000000000	32.1430000000000	10	10	10	10	10	10	10	10	10	10	10	10	10	10	10	10	10	10	10	55	100	100	100	80.9525000000000	61.9050000000000	30.9525000000000	0	0	0	0	0	0	0	0	0	0	0	0	0	0	0	0	0	0	0	0	0	0	0	0	0
0	0	0	0	0	0	0	0	0	0	0	0	0	0	0	0	0	0	0	0	0	0	0	0	0	0	0	0	41.6667500000000	83.3335000000000	91.6667500000000	100	100	100	100	100	100	100	57.7550000000000	15.5100000000000	12.7550000000000	10	17.5000000000000	25	24.6427500000000	24.2855000000000	17.1427500000000	10	10	10	10	10	10	10	10	10	55	100	100	100	100	100	100	100	100	100	100	100	100	100	100	100	100	100	66.0715000000000	32.1430000000000	21.0715000000000	10	10	10	10	10	10	10	10	10	10	10	10	10	10	10	26.0715000000000	42.1430000000000	48.5715000000000	55	77.5000000000000	100	100	100	90.4762500000000	80.9525000000000	40.4762500000000	0	0	0	0	0	0	0	0	0	0	0	0	0	0	0	0	0	0	0	0	0	0	0	0	0
0	0	0	0	0	0	0	0	0	0	0	0	0	0	0	0	0	0	0	0	0	0	0	0	0	0	0	0	50	100	100	100	100	100	100	100	100	100	56.2245000000000	12.4490000000000	11.2245000000000	10	10	10	10	10	10	10	10	10	10	10	10	10	10	10	55	100	100	100	100	100	100	100	100	100	100	100	100	100	100	100	100	100	55	10	10	10	10	10	10	10	10	10	10	10	10	10	10	10	10	10	42.1430000000000	74.2860000000000	87.1430000000000	100	100	100	100	100	100	100	50	0	0	0	0	0	0	0	0	0	0	0	0	0	0	0	0	0	0	0	0	0	0	0	0	0
0	0	0	0	0	0	0	0	0	0	0	0	0	0	0	0	0	0	0	0	0	0	0	0	0	0	11.7915000000000	23.5830000000000	61.7915000000000	100	100	100	82.8572500000000	65.7145000000000	60.3572500000000	55	55	55	33.1122500000000	11.2245000000000	10.6122500000000	10	10	10	10	10	10	10	10	10	10	10	10	10	10	10	40	70	85	100	100	100	80.0510000000000	60.1020000000000	80.0510000000000	100	100	100	100	100	100	100	100	100	55	10	10	10	10	10	10	10	10	10	10	10	10	10	10	10	10	10	27.0920000000000	44.1840000000000	54.9492500000000	65.7145000000000	64.1837500000000	62.6530000000000	66.3265000000000	70	85	100	50	0	0	0	0	0	0	0	0	0	0	0	0	0	0	0	0	0	0	0	0	0	0	0	0	0
0	0	0	0	0	0	0	0	0	0	0	0	0	0	0	0	0	0	0	0	0	0	0	0	0	0	23.5830000000000	47.1660000000000	73.5830000000000	100	100	100	65.7145000000000	31.4290000000000	20.7145000000000	10	10	10	10	10	10	10	10	10	10	10	10	10	10	10	10	10	10	10	10	10	25	40	70	100	100	100	60.1020000000000	20.2040000000000	60.1020000000000	100	100	100	100	100	100	100	100	100	55	10	10	10	10	10	10	10	10	10	10	10	10	10	10	10	10	10	12.0410000000000	14.0820000000000	22.7555000000000	31.4290000000000	28.3675000000000	25.3060000000000	32.6530000000000	40	70	100	50	0	0	0	0	0	0	0	0	0	0	0	0	0	0	0	0	0	0	0	0	0	0	0	0	0
0	0	0	0	0	0	0	0	0	0	0	0	0	0	0	0	0	0	0	0	0	0	0	0	0	0	27.2677500000000	54.5355000000000	77.2677500000000	100	100	100	82.8572500000000	65.7145000000000	56.0715000000000	46.4285000000000	46.4285000000000	46.4285000000000	46.4285000000000	46.4285000000000	46.4285000000000	46.4285000000000	28.2142500000000	10	10	10	10	10	10	10	10	10	10	10	10	10	17.5000000000000	25	44.2857500000000	63.5715000000000	59.2857500000000	55	35.0510000000000	15.1020000000000	57.5510000000000	100	100	100	86.0715000000000	72.1430000000000	63.5715000000000	55	64.4897500000000	73.9795000000000	41.9897500000000	10	10	10	10	10	10	10	10	10	10	10	10	10	10	10	10	10	11.0205000000000	12.0410000000000	16.3777500000000	20.7145000000000	19.1837500000000	17.6530000000000	21.3265000000000	25	62.5000000000000	100	64.2857500000000	28.5715000000000	14.2857500000000	0	0	0	0	0	0	0	0	0	0	0	0	0	0	0	0	0	0	0	0	0	0	0
0	0	0	0	0	0	0	0	0	0	0	0	0	0	0	0	0	0	0	0	0	0	0	0	0	0	30.9525000000000	61.9050000000000	80.9525000000000	100	100	100	100	100	91.4285000000000	82.8570000000000	82.8570000000000	82.8570000000000	82.8570000000000	82.8570000000000	82.8570000000000	82.8570000000000	46.4285000000000	10	10	10	10	10	10	10	10	10	10	10	10	10	10	10	18.5715000000000	27.1430000000000	18.5715000000000	10	10	10	55	100	100	100	72.1430000000000	44.2860000000000	27.1430000000000	10	28.9795000000000	47.9590000000000	28.9795000000000	10	10	10	10	10	10	10	10	10	10	10	10	10	10	10	10	10	10	10	10	10	10	10	10	10	55	100	78.5715000000000	57.1430000000000	28.5715000000000	0	0	0	0	0	0	0	0	0	0	0	0	0	0	0	0	0	0	0	0	0	0	0
0	0	0	0	0	0	0	0	0	0	0	0	0	0	0	0	0	0	0	0	0	0	0	0	0	0	40.4762500000000	80.9525000000000	90.4762500000000	100	100	100	100	100	95.7142500000000	91.4285000000000	91.4285000000000	91.4285000000000	91.4285000000000	91.4285000000000	91.4285000000000	91.4285000000000	50.7142500000000	10	10	10	10	10	10	10	10	10	10	10	10	10	10	10	14.2857500000000	18.5715000000000	14.2857500000000	10	30.8162500000000	51.6325000000000	75.8162500000000	100	100	100	72.1430000000000	44.2860000000000	27.1430000000000	10	19.4897500000000	28.9795000000000	19.4897500000000	10	10	10	10	10	10	10	10	10	10	10	10.9182500000000	11.8365000000000	33.4182500000000	55	55	55	55	55	55	55	55	55	55	55	77.5000000000000	100	89.2857500000000	78.5715000000000	39.2857500000000	0	0	0	0	0	0	0	0	0	0	0	0	0	0	0	0	0	0	0	0	0	0	0
0	0	0	0	0	0	0	0	0	0	0	0	0	0	0	0	0	0	0	0	0	0	0	0	0	0	50	100	100	100	100	100	100	100	100	100	100	100	100	100	100	100	55	10	10	10	10	10	10	10	10	10	10	10	10	10	10	10	10	10	10	10	51.6325000000000	93.2650000000000	96.6325000000000	100	100	100	72.1430000000000	44.2860000000000	27.1430000000000	10	10	10	10	10	10	10	10	10	10	10	10	10	10	10	11.8365000000000	13.6730000000000	56.8365000000000	100	100	100	100	100	100	100	100	100	100	100	100	100	100	100	50	0	0	0	0	0	0	0	0	0	0	0	0	0	0	0	0	0	0	0	0	0	0	0
0	0	0	0	0	0	0	0	0	0	0	0	0	0	0	0	0	0	0	0	0	0	0	0	0	0	50	100	100	100	79.6427500000000	59.2855000000000	59.2855000000000	59.2855000000000	57.1427500000000	55	55	55	55	55	55	55	32.5000000000000	10	10	10	10	10	10	10	10	10	10	10	10	10	10	10	10	10	10	10	53.3162500000000	96.6325000000000	98.3162500000000	100	100	100	72.1430000000000	44.2860000000000	27.1430000000000	10	10	10	10	10	10	10	10	10	10	10	10	10	10	10	33.4182500000000	56.8365000000000	58.0610000000000	59.2855000000000	79.6427500000000	100	100	100	79.6427500000000	59.2855000000000	57.1427500000000	55	77.5000000000000	100	100	100	100	100	50	0	0	0	0	0	0	0	0	0	0	0	0	0	0	0	0	0	0	0	0	0	0	0
0	0	0	0	0	0	0	0	0	0	0	0	0	0	0	0	0	0	0	0	0	0	0	0	0	0	50	100	100	100	59.2855000000000	18.5710000000000	18.5710000000000	18.5710000000000	14.2855000000000	10	10	10	10	10	10	10	10	10	10	10	10	10	10	10	10	10	10	10	10	10	10	10	10	10	10	10	55	100	100	100	100	100	72.1430000000000	44.2860000000000	27.1430000000000	10	10	10	10	10	10	10	10	10	10	10	10	10	10	10	55	100	59.2855000000000	18.5710000000000	59.2855000000000	100	100	100	59.2855000000000	18.5710000000000	14.2855000000000	10	55	100	100	100	100	100	50	0	0	0	0	0	0	0	0	0	0	0	0	0	0	0	0	0	0	0	0	0	0	0
0	0	0	0	0	0	0	0	0	0	0	0	0	0	0	0	0	0	0	0	0	0	0	0	0	0	50	100	100	100	57.1427500000000	14.2855000000000	14.2855000000000	14.2855000000000	12.1427500000000	10	10	10	10	10	10	10	10	10	10	10	10	10	10	10	10	10	10	10	7.50000000000000	5	5.91275000000000	6.82550000000000	8.41275000000000	10	10	10	43.7755000000000	77.5510000000000	77.5510000000000	77.5510000000000	88.7755000000000	100	72.1430000000000	44.2860000000000	27.1430000000000	10	10	10	10	10	10	10	10	10	10	10	10	10	10	10	32.5000000000000	55	34.6427500000000	14.2855000000000	34.6427500000000	55	55	55	56.0712500000000	57.1425000000000	55.3060000000000	53.4695000000000	76.7347500000000	100	100	100	100	100	50	0	0	0	0	0	0	0	0	0	0	0	0	0	0	0	0	0	0	0	0	0	0	0
0	0	0	0	0	0	0	0	0	0	0	0	0	0	0	0	0	0	0	0	0	0	0	0	0	0	50	100	100	100	55	10	10	10	10	10	10	10	10	10	10	10	10	10	10	10	10	10	10	10	10	10	10	10	5	0	1.82550000000000	3.65100000000000	6.82550000000000	10	10	10	32.5510000000000	55.1020000000000	55.1020000000000	55.1020000000000	77.5510000000000	100	72.1430000000000	44.2860000000000	27.1430000000000	10	10	10	10	10	10	10	10	10	10	10	10	10	10	10	10	10	10	10	10	10	10	10	52.8570000000000	95.7140000000000	96.3265000000000	96.9390000000000	98.4695000000000	100	100	100	100	100	50	0	0	0	0	0	0	0	0	0	0	0	0	0	0	0	0	0	0	0	0	0	0	0
0	0	0	0	0	0	0	0	0	0	0	0	0	0	0	0	0	0	0	0	0	0	0	0	14.2857500000000	28.5715000000000	64.2857500000000	100	100	100	77.5000000000000	55	55	55	55	55	55	55	55	55	32.5000000000000	10	32.5000000000000	55	32.5000000000000	10	10	10	10	10	10	10	10	10	5	0	0.912750000000000	1.82550000000000	5.91275000000000	10	10	10	21.2755000000000	32.5510000000000	32.5510000000000	32.5510000000000	43.7755000000000	55	41.0715000000000	27.1430000000000	18.5715000000000	10	10	10	8.09525000000000	6.19050000000000	8.09525000000000	10	10	10	10	10	10	10	10	10	10	10	32.5000000000000	55	55	55	55	55	76.4285000000000	97.8570000000000	98.1632500000000	98.4695000000000	91.7347500000000	85	78.5715000000000	72.1430000000000	86.0715000000000	100	63.0952500000000	26.1905000000000	13.0952500000000	0	0	0	0	0	0	0	0	0	0	0	0	0	0	0	0	0	0	0	0	0
0	0	0	0	0	0	0	0	0	0	0	0	0	0	0	0	0	0	0	0	0	0	0	0	28.5715000000000	57.1430000000000	78.5715000000000	100	100	100	100	100	100	100	100	100	100	100	100	100	55	10	55	100	55	10	10	10	10	10	10	10	10	10	5	0	0	0	5	10	10	10	10	10	10	10	10	10	10	10	10	10	10	10	6.19050000000000	2.38100000000000	6.19050000000000	10	10	10	10	10	10	10	10	10	10	10	55	100	100	100	100	100	100	100	100	100	85	70	57.1430000000000	44.2860000000000	72.1430000000000	100	76.1905000000000	52.3810000000000	26.1905000000000	0	0	0	0	0	0	0	0	0	0	0	0	0	0	0	0	0	0	0	0	0
0	0	0	0	0	0	0	0	0	0	0	0	0	0	0	0	0	0	0	0	0	0	0	0	28.5715000000000	57.1430000000000	78.5715000000000	100	100	100	83.9285000000000	67.8570000000000	61.4285000000000	55	76.4285000000000	97.8570000000000	98.9285000000000	100	100	100	77.5000000000000	55	77.5000000000000	100	55	10	10	10	10	10	10	10	10	10	5	0	0	0	2.50000000000000	5	7.50000000000000	10	10	10	10	10	10	10	10	10	10	10	8.21425000000000	6.42850000000000	3.80950000000000	1.19050000000000	5.11900000000000	9.04750000000000	9.52375000000000	10	10	10	10	10	10	10	10	10	32.5000000000000	55	55	55	55	55	55	55	55	55	47.5000000000000	40	56.0715000000000	72.1430000000000	86.0715000000000	100	76.1905000000000	52.3810000000000	26.1905000000000	0	0	0	0	0	0	0	0	0	0	0	0	0	0	0	0	0	0	0	0	0
0	0	0	0	0	0	0	0	0	0	0	0	0	0	0	0	0	0	0	0	0	0	0	0	28.5715000000000	57.1430000000000	78.5715000000000	100	100	100	67.8570000000000	35.7140000000000	22.8570000000000	10	52.8570000000000	95.7140000000000	97.8570000000000	100	100	100	100	100	100	100	55	10	10	10	10	10	10	10	10	10	5	0	0	0	0	0	5	10	10	10	10	10	10	10	10	10	10	10	6.42850000000000	2.85700000000000	1.42850000000000	0	4.04750000000000	8.09500000000000	9.04750000000000	10	10	10	10	10	10	10	10	10	10	10	10	10	10	10	10	10	10	10	10	10	55	100	100	100	76.1905000000000	52.3810000000000	26.1905000000000	0	0	0	0	0	0	0	0	0	0	0	0	0	0	0	0	0	0	0	0	0
0	0	0	0	0	0	0	0	0	0	0	0	0	0	0	0	0	0	0	0	0	0	0	0	39.2857500000000	78.5715000000000	89.2857500000000	100	100	100	69.3877500000000	38.7755000000000	24.3877500000000	10	31.4285000000000	52.8570000000000	76.4285000000000	100	100	100	100	100	97.8572500000000	95.7145000000000	52.8572500000000	10	10	10	10	10	10	10	10	10	8.99650000000000	7.99300000000000	3.99650000000000	0	0	0	4.86400000000000	9.72800000000000	9.86400000000000	10	10	10	10	10	10	10	10	10	5.71425000000000	1.42850000000000	0.714250000000000	0	4.09300000000000	8.18600000000000	9.09300000000000	10	10	10	10	10	10	10	10	10	10	10	10	10	10	10	10	10	10.6122500000000	11.2245000000000	33.1122500000000	55	77.5000000000000	100	100	100	88.0952500000000	76.1905000000000	38.0952500000000	0	0	0	0	0	0	0	0	0	0	0	0	0	0	0	0	0	0	0	0	0
0	0	0	0	0	0	0	0	0	0	0	0	0	0	0	0	0	0	0	0	0	0	0	0	50	100	100	100	100	100	70.9185000000000	41.8370000000000	25.9185000000000	10	10	10	55	100	100	100	100	100	95.7145000000000	91.4290000000000	50.7145000000000	10	10	10	10	10	10	10	10	10	12.9930000000000	15.9860000000000	7.99300000000000	0	0	0	4.72800000000000	9.45600000000000	9.72800000000000	10	10	10	10	10	10	10	10	10	5	0	0	0	4.13850000000000	8.27700000000000	9.13850000000000	10	10	10	10	10	10	10	10	10	10	10	10	10	10	10	10	10	11.2245000000000	12.4490000000000	56.2245000000000	100	100	100	100	100	100	100	50	0	0	0	0	0	0	0	0	0	0	0	0	0	0	0	0	0	0	0	0	0
0	0	0	0	0	0	0	0	0	0	0	0	0	0	0	0	0	0	0	0	0	0	0	0	50	100	86.0715000000000	72.1430000000000	63.5715000000000	55	62.0410000000000	69.0820000000000	40.3062500000000	11.5305000000000	10.7652500000000	10	32.5000000000000	55	56.8367500000000	58.6735000000000	56.8367500000000	55	52.8572500000000	50.7145000000000	30.3572500000000	10	10	10	10	10	10	10	10	10	33.9965000000000	57.9930000000000	46.8537500000000	35.7145000000000	17.8572500000000	0	2.36400000000000	4.72800000000000	7.36400000000000	10	10	10	10	10	10	10	9.76200000000000	9.52400000000000	4.76200000000000	0	2.72100000000000	5.44200000000000	11.5760000000000	17.7100000000000	13.8550000000000	10	10	10	10	10	10	10	10	10	10	10	10.4592500000000	10.9185000000000	32.9592500000000	55	55	55	55.6122500000000	56.2245000000000	78.1122500000000	100	100	100	100	100	100	100	50	0	0	0	0	0	0	0	0	0	0	0	0	0	0	0	0	0	0	0	0	0
0	0	0	0	0	0	0	0	0	0	0	0	0	0	0	0	0	0	0	0	0	0	0	0	50	100	72.1430000000000	44.2860000000000	27.1430000000000	10	53.1635000000000	96.3270000000000	54.6940000000000	13.0610000000000	11.5305000000000	10	10	10	13.6735000000000	17.3470000000000	13.6735000000000	10	10	10	10	10	10	10	10	10	10	10	10	10	55	100	85.7145000000000	71.4290000000000	35.7145000000000	0	0	0	5	10	10	10	10	10	10	10	9.52400000000000	9.04800000000000	4.52400000000000	0	5.44200000000000	10.8840000000000	19.0135000000000	27.1430000000000	18.5715000000000	10	10	10	10	10	10	10	10	10	10	10	10.9185000000000	11.8370000000000	55.9185000000000	100	100	100	100	100	100	100	100	100	100	100	100	100	50	0	0	0	0	0	0	0	0	0	0	0	0	0	0	0	0	0	0	0	0	0
0	0	0	0	0	0	0	0	0	0	0	0	0	0	0	0	0	0	0	0	0	0	0	0	50	100	86.0715000000000	72.1430000000000	41.0715000000000	10	44.5920000000000	79.1840000000000	67.8572500000000	56.5305000000000	33.2652500000000	10	10	10	11.8367500000000	13.6735000000000	11.8367500000000	10	10	10	10	10	10	10	10	10	10	10	10	10	55	100	92.8572500000000	85.7145000000000	42.8572500000000	0	0	0	2.50000000000000	5	7.50000000000000	10	10	10	10	10	7.26200000000000	4.52400000000000	2.26200000000000	0	27.7210000000000	55.4420000000000	41.2925000000000	27.1430000000000	18.5715000000000	10	10	10	10	10	10	10	10	10	10	10	13.0612500000000	16.1225000000000	58.0612500000000	100	100	100	100	100	100	100	77.5000000000000	55	55	55	77.5000000000000	100	50	0	0	0	0	0	0	0	0	0	0	0	0	0	0	0	0	0	0	0	0	0
0	0	0	0	0	0	0	0	0	0	0	0	0	0	0	0	0	0	0	0	0	0	0	0	50	100	100	100	55	10	36.0205000000000	62.0410000000000	81.0205000000000	100	55	10	10	10	10	10	10	10	10	10	10	10	10	10	10	10	10	10	10	10	55	100	100	100	50	0	0	0	0	0	5	10	10	10	10	10	5	0	0	0	50	100	63.5715000000000	27.1430000000000	18.5715000000000	10	10	10	10	10	10	10	10	10	10	10	15.2040000000000	20.4080000000000	60.2040000000000	100	100	100	100	100	100	100	55	10	10	10	55	100	50	0	0	0	0	0	0	0	0	0	0	0	0	0	0	0	0	0	0	0	0	0
0	0	0	0	0	0	0	0	0	0	0	0	0	0	0	0	0	0	0	0	0	0	13.0952500000000	26.1905000000000	63.0952500000000	100	94.6427500000000	89.2855000000000	49.6427500000000	10	23.0102500000000	36.0205000000000	58.5715000000000	81.1225000000000	45.5612500000000	10	10	10	10	10	10	10	10	10	10	10	10	10	10	10	10	10	10	10	55	100	100	100	50	0	0	0	0	0	5	10	10	10	9.63150000000000	9.26300000000000	4.63150000000000	0	4.25175000000000	8.50350000000000	54.2517500000000	100	63.5715000000000	27.1430000000000	18.5715000000000	10	10	10	10	10	10	10	10	10	10	10	12.6020000000000	15.2040000000000	38.3672500000000	61.5305000000000	75.4080000000000	89.2855000000000	72.1427500000000	55	55	55	32.5000000000000	10	10	10	55	100	61.9047500000000	23.8095000000000	11.9047500000000	0	0	0	0	0	0	0	0	0	0	0	0	0	0	0	0	0	0	0
0	0	0	0	0	0	0	0	0	0	0	0	0	0	0	0	0	0	0	0	0	0	26.1905000000000	52.3810000000000	76.1905000000000	100	89.2855000000000	78.5710000000000	44.2855000000000	10	10	10	36.1225000000000	62.2450000000000	36.1225000000000	10	10	10	10	10	10	10	10	10	10	10	10	10	10	10	10	10	10	10	55	100	100	100	50	0	0	0	0	0	5	10	10	10	9.26300000000000	8.52600000000000	4.26300000000000	0	8.50350000000000	17.0070000000000	58.5035000000000	100	63.5715000000000	27.1430000000000	18.5715000000000	10	10	10	10	10	10	10	10	10	10	10	10	10	16.5305000000000	23.0610000000000	50.8160000000000	78.5710000000000	44.2855000000000	10	10	10	10	10	10	10	55	100	73.8095000000000	47.6190000000000	23.8095000000000	0	0	0	0	0	0	0	0	0	0	0	0	0	0	0	0	0	0	0
0	0	0	0	0	0	0	0	0	0	0	0	0	0	0	0	0	0	0	0	0	0	26.1905000000000	52.3810000000000	76.1905000000000	100	72.1427500000000	44.2855000000000	27.1427500000000	10	10	10	23.0612500000000	36.1225000000000	23.0612500000000	10	10	10	10	10	10	10	16.4285000000000	22.8570000000000	16.4285000000000	10	10	10	10	10	10	10	10	10	55	100	100	100	50	0	0	0	0	0	5	10	10	10	7.81175000000000	5.62350000000000	2.81175000000000	0	22.1090000000000	44.2180000000000	72.1090000000000	100	62.3470000000000	24.6940000000000	17.3470000000000	10	10	10	10	10	10	10	10	10	10	10	10	10	13.2652500000000	16.5305000000000	30.4080000000000	44.2855000000000	27.1427500000000	10	10	10	18.5715000000000	27.1430000000000	41.0715000000000	55	77.5000000000000	100	77.5510000000000	55.1020000000000	27.5510000000000	0	0	0	0	0	0	0	0	0	0	0	0	0	0	0	0	0	0	0
0	0	0	0	0	0	0	0	0	0	0	0	0	0	0	0	0	0	0	0	0	0	26.1905000000000	52.3810000000000	76.1905000000000	100	55	10	10	10	10	10	10	10	10	10	10	10	10	10	10	10	22.8570000000000	35.7140000000000	22.8570000000000	10	10	10	10	10	10	10	10	10	55	100	100	100	50	0	0	0	0	0	5	10	10	10	6.36050000000000	2.72100000000000	1.36050000000000	0	35.7145000000000	71.4290000000000	85.7145000000000	100	61.1225000000000	22.2450000000000	16.1225000000000	10	10	10	10	10	10	10	10	10	10	10	10	10	10	10	10	10	10	10	10	10	27.1430000000000	44.2860000000000	72.1430000000000	100	100	100	81.2925000000000	62.5850000000000	31.2925000000000	0	0	0	0	0	0	0	0	0	0	0	0	0	0	0	0	0	0	0
0	0	0	0	0	0	0	0	0	0	0	0	0	0	0	0	0	0	0	0	0	0	26.1905000000000	52.3810000000000	76.1905000000000	100	55	10	10	10	10	10	10	10	10	10	10	10	10	10	10	10	31.4285000000000	52.8570000000000	31.4285000000000	10	10	10	10	10	10	10	10	10	55	100	100	100	50	0	0	0	0	0	5	10	10	10	5.68025000000000	1.36050000000000	0.680250000000000	0	35.7145000000000	71.4290000000000	85.7145000000000	100	58.0612500000000	16.1225000000000	13.0612500000000	10	10	10	10	10	10	10	10	10	10	10	10	10	10	10	10	10	10	10	10	10	18.5715000000000	27.1430000000000	63.5715000000000	100	77.5000000000000	55	68.1462500000000	81.2925000000000	40.6462500000000	0	0	0	0	0	0	0	0	0	0	0	0	0	0	0	0	0	0	0
0	0	0	0	0	0	0	0	0	0	0	0	0	0	0	0	0	0	0	0	0	0	26.1905000000000	52.3810000000000	76.1905000000000	100	55	10	10	10	10	10	10	10	10	10	10	10	10	10	10	10	40	70	40	10	10	10	10	10	10	10	10	10	55	100	100	100	50	0	0	0	0	0	5	10	10	10	5	0	0	0	35.7145000000000	71.4290000000000	85.7145000000000	100	55	10	10	10	10	10	10	10	10	10	10	10	10	10	10	10	10	10	10	10	10	10	10	10	10	10	55	100	55	10	55	100	50	0	0	0	0	0	0	0	0	0	0	0	0	0	0	0	0	0	0	0
0	0	0	0	0	0	0	0	0	0	0	0	0	0	0	0	0	0	0	0	0	0	26.1905000000000	52.3810000000000	76.1905000000000	100	68.8775000000000	37.7550000000000	23.8775000000000	10	26.0715000000000	42.1430000000000	48.5715000000000	55	55	55	55	55	32.5000000000000	10	10	10	25	40	25	10	10	10	10	10	10	10	10	10	55	100	100	100	50	0	0	0	0	0	5	10	10	10	5	0	0	0	29.5920000000000	59.1840000000000	79.5920000000000	100	55	10	10	10	10	10	10	10	10	10	10	10	10	10	10	10	10	10	10	10	10	10	10	10	10	10	32.5000000000000	55	32.5000000000000	10	55	100	50	0	0	0	0	0	0	0	0	0	0	0	0	0	0	0	0	0	0	0
0	0	0	0	0	0	0	0	0	0	0	0	0	0	0	0	0	0	0	0	0	0	26.1905000000000	52.3810000000000	76.1905000000000	100	82.7550000000000	65.5100000000000	37.7550000000000	10	42.1430000000000	74.2860000000000	87.1430000000000	100	100	100	100	100	55	10	10	10	10	10	10	10	10	10	10	10	10	10	10	10	55	100	100	100	50	0	0	0	0	0	5	10	10	10	5	0	0	0	23.4695000000000	46.9390000000000	73.4695000000000	100	55	10	10	10	10	10	10	10	10	10	10	10	10	10	10	10	10	10	10	10	10	10	10	10	10	10	10	10	10	10	55	100	50	0	0	0	0	0	0	0	0	0	0	0	0	0	0	0	0	0	0	0
0	0	0	0	0	0	0	0	0	0	0	0	0	0	0	0	0	0	0	0	0	0	26.1905000000000	52.3810000000000	76.1905000000000	100	91.3775000000000	82.7550000000000	46.3775000000000	10	26.0715000000000	42.1430000000000	68.7755000000000	95.4080000000000	97.7040000000000	100	100	100	77.5000000000000	55	55	55	55	55	32.5000000000000	10	10	10	10	10	10	10	10	10	55	100	100	100	50	0	0	0	0	0	5	10	10	10	5	0	0	0	11.7347500000000	23.4695000000000	61.7347500000000	100	55	10	10	10	10	10	10	10	10	10	19.6427500000000	29.2855000000000	29.2855000000000	29.2855000000000	19.6427500000000	10	11.8367500000000	13.6735000000000	34.3367500000000	55	32.5000000000000	10	10	10	10	10	10	10	10	10	55	100	50	0	0	0	0	0	0	0	0	0	0	0	0	0	0	0	0	0	0	0
0	0	0	0	0	0	0	0	0	0	0	0	0	0	0	0	0	0	0	0	0	0	26.1905000000000	52.3810000000000	76.1905000000000	100	100	100	55	10	10	10	50.4080000000000	90.8160000000000	95.4080000000000	100	100	100	100	100	100	100	100	100	55	10	10	10	10	10	10	10	10	10	55	100	100	100	50	0	0	0	0	0	5	10	10	10	5	0	0	0	0	0	50	100	55	10	10	10	10	10	10	10	10	10	29.2855000000000	48.5710000000000	48.5710000000000	48.5710000000000	29.2855000000000	10	13.6735000000000	17.3470000000000	58.6735000000000	100	55	10	10	10	10	10	10	10	10	10	55	100	50	0	0	0	0	0	0	0	0	0	0	0	0	0	0	0	0	0	0	0
0	0	0	0	0	0	0	0	0	0	0	0	0	0	0	0	0	0	0	0	0	0	13.0952500000000	26.1905000000000	63.0952500000000	100	100	100	77.5000000000000	55	32.5000000000000	10	30.2040000000000	50.4080000000000	52.7040000000000	55	55	55	66.7857500000000	78.5715000000000	89.2857500000000	100	100	100	76.4285000000000	52.8570000000000	31.4285000000000	10	10	10	10	10	10	10	55	100	91.6667500000000	83.3335000000000	41.6667500000000	0	0	0	1.19050000000000	2.38100000000000	6.19050000000000	10	10	10	5.95250000000000	1.90500000000000	0.952500000000000	0	0	0	50	100	57.0407500000000	14.0815000000000	12.0407500000000	10	10	10	10	10	10	10	42.1427500000000	74.2855000000000	74.2855000000000	74.2855000000000	64.6427500000000	55	56.8367500000000	58.6735000000000	65.8162500000000	72.9590000000000	41.4795000000000	10	10	10	20.7142500000000	31.4285000000000	31.4285000000000	31.4285000000000	43.2142500000000	55	77.5000000000000	100	50	0	0	0	0	0	0	0	0	0	0	0	0	0	0	0	0	0	0	0
0	0	0	0	0	0	0	0	0	0	0	0	0	0	0	0	0	0	0	0	0	0	0	0	50	100	100	100	100	100	55	10	10	10	10	10	10	10	33.5715000000000	57.1430000000000	78.5715000000000	100	100	100	97.8570000000000	95.7140000000000	52.8570000000000	10	10	10	10	10	10	10	55	100	83.3335000000000	66.6670000000000	33.3335000000000	0	0	0	2.38100000000000	4.76200000000000	7.38100000000000	10	10	10	6.90500000000000	3.81000000000000	1.90500000000000	0	0	0	50	100	59.0815000000000	18.1630000000000	14.0815000000000	10	10	10	10	10	10	10	55	100	100	100	100	100	100	100	72.9590000000000	45.9180000000000	27.9590000000000	10	10	10	31.4285000000000	52.8570000000000	52.8570000000000	52.8570000000000	76.4285000000000	100	100	100	50	0	0	0	0	0	0	0	0	0	0	0	0	0	0	0	0	0	0	0
0	0	0	0	0	0	0	0	0	0	0	0	0	0	0	0	0	0	0	0	0	0	0	0	50	100	100	100	100	100	69.8470000000000	39.6940000000000	24.8470000000000	10	10	10	10	10	21.7857500000000	33.5715000000000	65.7142500000000	97.8570000000000	98.9285000000000	100	97.8570000000000	95.7140000000000	52.8570000000000	10	10	10	10	10	10	10	55	100	66.6667500000000	33.3335000000000	16.6667500000000	0	0	0	3.69050000000000	7.38100000000000	8.69050000000000	10	10	10	7.71550000000000	5.43100000000000	2.71550000000000	0	0	0	47.1940000000000	94.3880000000000	68.0612500000000	41.7345000000000	25.8672500000000	10	10	10	10	10	10	10	55	100	100	100	88.2142500000000	76.4285000000000	74.3877500000000	72.3470000000000	50.1530000000000	27.9590000000000	22.3467500000000	16.7345000000000	35.8672500000000	55	65.7142500000000	76.4285000000000	76.4285000000000	76.4285000000000	88.2142500000000	100	100	100	50	0	0	0	0	0	0	0	0	0	0	0	0	0	0	0	0	0	0	0
0	0	0	0	0	0	0	0	0	0	0	0	0	0	0	0	0	0	0	0	0	0	0	0	50	100	100	100	100	100	84.6940000000000	69.3880000000000	39.6940000000000	10	10	10	10	10	10	10	52.8570000000000	95.7140000000000	97.8570000000000	100	97.8570000000000	95.7140000000000	52.8570000000000	10	10	10	10	10	10	10	55	100	50	0	0	0	0	0	5	10	10	10	10	10	8.52600000000000	7.05200000000000	3.52600000000000	0	0	0	44.3880000000000	88.7760000000000	77.0410000000000	65.3060000000000	37.6530000000000	10	10	10	10	10	10	10	55	100	100	100	76.4285000000000	52.8570000000000	48.7755000000000	44.6940000000000	27.3470000000000	10	16.7345000000000	23.4690000000000	61.7345000000000	100	100	100	100	100	100	100	100	100	50	0	0	0	0	0	0	0	0	0	0	0	0	0	0	0	0	0	0	0
0	0	0	0	0	0	0	0	0	0	0	0	0	0	0	0	0	0	0	0	0	0	0	0	50	100	100	100	100	100	92.3470000000000	84.6940000000000	47.3470000000000	10	10	10	21.0205000000000	32.0410000000000	43.5205000000000	55	76.4285000000000	97.8570000000000	98.9285000000000	100	98.9285000000000	97.8570000000000	53.9285000000000	10	10	10	10	10	10	10	38.6735000000000	67.3470000000000	33.6735000000000	0	0	0	1.88775000000000	3.77550000000000	6.88775000000000	10	10	10	10	10	9.26300000000000	8.52600000000000	4.26300000000000	0	0	0	23.0102500000000	46.0205000000000	53.9285000000000	61.8365000000000	35.9182500000000	10	10	10	10	10	10	10	55	100	77.5000000000000	55	43.2142500000000	31.4285000000000	29.3877500000000	27.3470000000000	18.6735000000000	10	35.8672500000000	61.7345000000000	80.8672500000000	100	100	100	100	100	100	100	100	100	50	0	0	0	0	0	0	0	0	0	0	0	0	0	0	0	0	0	0	0
0	0	0	0	0	0	0	0	0	0	0	0	0	0	0	0	0	0	0	0	0	0	0	0	50	100	100	100	100	100	100	100	55	10	10	10	32.0410000000000	54.0820000000000	77.0410000000000	100	100	100	100	100	100	100	55	10	10	10	10	10	10	10	22.3470000000000	34.6940000000000	17.3470000000000	0	0	0	3.77550000000000	7.55100000000000	8.77550000000000	10	10	10	10	10	10	10	5	0	0	0	1.63250000000000	3.26500000000000	30.8160000000000	58.3670000000000	34.1835000000000	10	10	10	10	10	10	10	55	100	55	10	10	10	10	10	10	10	55	100	100	100	100	100	100	100	100	100	100	100	50	0	0	0	0	0	0	0	0	0	0	0	0	0	0	0	0	0	0	0
0	0	0	0	0	0	0	0	0	0	0	0	0	0	0	0	0	0	0	0	0	0	13.0952500000000	26.1905000000000	63.0952500000000	100	100	100	100	100	83.9285000000000	67.8570000000000	38.9285000000000	10	10	10	21.0205000000000	32.0410000000000	43.5205000000000	55	55	55	77.5000000000000	100	100	100	55	10	10	10	10	10	10	10	13.6735000000000	17.3470000000000	8.67350000000000	0	0	0	4.38775000000000	8.77550000000000	9.38775000000000	10	10	10	10	10	10	10	6.86500000000000	3.73000000000000	1.86500000000000	0	0.816250000000000	1.63250000000000	16.1790000000000	30.7255000000000	20.3627500000000	10	10	10	10	10	10	10	55	100	77.5000000000000	55	46.4285000000000	37.8570000000000	23.9285000000000	10	12.0407500000000	14.0815000000000	43.1122500000000	72.1430000000000	63.5715000000000	55	68.8775000000000	82.7550000000000	91.3775000000000	100	100	100	100	100	50	0	0	0	0	0	0	0	0	0	0	0	0	0	0	0	0	0	0	0
0	0	0	0	0	0	0	0	0	0	0	0	0	0	0	0	0	0	0	0	0	0	26.1905000000000	52.3810000000000	76.1905000000000	100	100	100	100	100	67.8570000000000	35.7140000000000	22.8570000000000	10	10	10	10	10	10	10	10	10	55	100	100	100	55	10	10	10	10	10	10	10	5	0	0	0	0	0	5	10	10	10	10	10	10	10	10	10	8.73000000000000	7.46000000000000	3.73000000000000	0	0	0	1.54200000000000	3.08400000000000	6.54200000000000	10	10	10	10	10	10	10	55	100	100	100	82.8570000000000	65.7140000000000	37.8570000000000	10	14.0815000000000	18.1630000000000	31.2245000000000	44.2860000000000	27.1430000000000	10	37.7550000000000	65.5100000000000	82.7550000000000	100	100	100	100	100	50	0	0	0	0	0	0	0	0	0	0	0	0	0	0	0	0	0	0	0
0	0	0	0	0	0	0	0	0	0	0	0	0	0	0	0	0	0	0	0	0	0	26.1905000000000	52.3810000000000	76.1905000000000	100	100	100	100	100	83.9285000000000	67.8570000000000	38.9285000000000	10	10	10	10	10	10	10	24.2857500000000	38.5715000000000	69.2857500000000	100	100	100	55	10	10	10	10	10	7.50000000000000	5	2.50000000000000	0	0	0	2.50000000000000	5	7.50000000000000	10	10	10	10	10	10	10	10	10	9.36500000000000	8.73000000000000	4.36500000000000	0	0	0	0.771000000000000	1.54200000000000	5.77100000000000	10	10	10	10	10	10	10	32.8572500000000	55.7145000000000	77.8572500000000	100	91.4285000000000	82.8570000000000	46.4285000000000	10	12.0407500000000	14.0815000000000	20.6122500000000	27.1430000000000	18.5715000000000	10	46.3775000000000	82.7550000000000	91.3775000000000	100	100	100	100	100	50	0	0	0	0	0	0	0	0	0	0	0	0	0	0	0	0	0	0	0
0	0	0	0	0	0	0	0	0	0	0	0	0	0	0	0	0	0	0	0	0	0	26.1905000000000	52.3810000000000	76.1905000000000	100	100	100	100	100	100	100	55	10	10	10	10	10	10	10	38.5715000000000	67.1430000000000	83.5715000000000	100	100	100	55	10	10	10	10	10	5	0	0	0	0	0	5	10	10	10	10	10	10	10	10	10	10	10	10	10	5	0	0	0	0	0	5	10	10	10	10	10	10	10	10.7145000000000	11.4290000000000	55.7145000000000	100	100	100	55	10	10	10	10	10	10	10	55	100	100	100	100	100	100	100	50	0	0	0	0	0	0	0	0	0	0	0	0	0	0	0	0	0	0	0
0	0	0	0	0	0	0	0	0	0	0	0	0	0	0	0	0	0	0	0	0	0	26.1905000000000	52.3810000000000	76.1905000000000	100	100	100	100	100	100	100	77.5000000000000	55	55	55	55	55	55	55	69.2857500000000	83.5715000000000	91.7857500000000	100	77.5000000000000	55	32.5000000000000	10	10	10	10	10	5	0	0	0	2.02375000000000	4.04750000000000	7.02375000000000	10	10	10	10	10	10	10	10	10	10	10	10	10	5.71425000000000	1.42850000000000	0.714250000000000	0	0	0	5	10	10	10	10	10	10	10	26.7347500000000	43.4695000000000	71.7347500000000	100	77.5000000000000	55	32.5000000000000	10	27.6020000000000	45.2040000000000	50.1020000000000	55	55	55	77.5000000000000	100	100	100	100	100	100	100	50	0	0	0	0	0	0	0	0	0	0	0	0	0	0	0	0	0	0	0
0	0	0	0	0	0	0	0	0	0	0	0	0	0	0	0	0	0	0	0	0	0	26.1905000000000	52.3810000000000	76.1905000000000	100	100	100	100	100	100	100	100	100	100	100	100	100	100	100	100	100	100	100	55	10	10	10	10	10	10	10	5	0	0	0	4.04750000000000	8.09500000000000	9.04750000000000	10	10	10	10	10	10	10	10	10	10	10	10	10	6.42850000000000	2.85700000000000	1.42850000000000	0	0	0	5	10	10	10	10	10	10	10	42.7550000000000	75.5100000000000	87.7550000000000	100	55	10	10	10	45.2040000000000	80.4080000000000	90.2040000000000	100	100	100	100	100	100	100	100	100	100	100	50	0	0	0	0	0	0	0	0	0	0	0	0	0	0	0	0	0	0	0
0	0	0	0	0	0	0	0	0	0	0	0	0	0	0	0	0	0	0	0	0	0	26.1905000000000	52.3810000000000	76.1905000000000	100	89.3877500000000	78.7755000000000	66.8877500000000	55	55	55	55	55	59.3367500000000	63.6735000000000	64.6940000000000	65.7145000000000	65.7145000000000	65.7145000000000	65.7145000000000	65.7145000000000	60.3572500000000	55	32.5000000000000	10	10	10	10	10	9.52375000000000	9.04750000000000	4.52375000000000	0	0	0	4.52375000000000	9.04750000000000	9.52375000000000	10	10	10	10	10	10	10	10	10	10	10	10	10	8.21425000000000	6.42850000000000	3.21425000000000	0	0	0	5	10	10	10	10	10	10	10	48.8775000000000	87.7550000000000	93.8775000000000	100	77.5000000000000	55	55	55	72.6020000000000	90.2040000000000	72.6020000000000	55	77.5000000000000	100	100	100	100	100	100	100	100	100	50	0	0	0	0	0	0	0	0	0	0	0	0	0	0	0	0	0	0	0
0	0	0	0	0	0	0	0	0	0	0	0	0	0	0	0	0	0	0	0	0	0	26.1905000000000	52.3810000000000	76.1905000000000	100	78.7755000000000	57.5510000000000	33.7755000000000	10	10	10	10	10	18.6735000000000	27.3470000000000	29.3880000000000	31.4290000000000	31.4290000000000	31.4290000000000	31.4290000000000	31.4290000000000	20.7145000000000	10	10	10	10	10	10	10	9.04750000000000	8.09500000000000	4.04750000000000	0	0	0	5	10	10	10	10	10	10	10	10	10	10	10	10	10	10	10	10	10	5	0	0	0	5	10	10	10	10	10	10	10	55	100	100	100	100	100	100	100	100	100	55	10	55	100	100	100	100	100	100	100	100	100	50	0	0	0	0	0	0	0	0	0	0	0	0	0	0	0	0	0	0	0
0	0	0	0	0	0	0	0	0	0	0	0	0	0	0	0	0	0	0	0	0	0	15.5895000000000	31.1790000000000	65.5895000000000	100	89.3877500000000	78.7755000000000	66.8877500000000	55	32.5000000000000	10	10	10	14.3367500000000	18.6735000000000	19.6940000000000	20.7145000000000	20.7145000000000	20.7145000000000	20.7145000000000	20.7145000000000	15.3572500000000	10	10	10	10	10	10	10	9.04750000000000	8.09500000000000	4.04750000000000	0	0.714250000000000	1.42850000000000	5.71425000000000	10	10	10	10	10	10	10	10	10	10	10	10	10	10	10	10	10	5.48175000000000	0.963500000000000	0.481750000000000	0	5	10	10	10	10	10	10	10	32.7040000000000	55.4080000000000	77.7040000000000	100	97.3980000000000	94.7960000000000	74.8980000000000	55	55	55	32.5000000000000	10	55	100	100	100	100	100	100	100	100	100	50	0	0	0	0	0	0	0	0	0	0	0	0	0	0	0	0	0	0	0
0	0	0	0	0	0	0	0	0	0	0	0	0	0	0	0	0	0	0	0	0	0	4.98850000000000	9.97700000000000	54.9885000000000	100	100	100	100	100	55	10	10	10	10	10	10	10	10	10	10	10	10	10	10	10	10	10	10	10	9.04750000000000	8.09500000000000	4.04750000000000	0	1.42850000000000	2.85700000000000	6.42850000000000	10	10	10	10	10	10	10	10	10	10	10	10	10	10	10	10	10	5.96350000000000	1.92700000000000	0.963500000000000	0	5	10	10	10	10	10	10	10	10.4080000000000	10.8160000000000	55.4080000000000	100	94.7960000000000	89.5920000000000	49.7960000000000	10	10	10	10	10	55	100	100	100	100	100	100	100	100	100	50	0	0	0	0	0	0	0	0	0	0	0	0	0	0	0	0	0	0	0
0	0	0	0	0	0	0	0	0	0	0	0	0	0	0	0	0	0	0	0	0	0	2.49425000000000	4.98850000000000	52.4942500000000	100	100	100	100	100	77.5000000000000	55	55	55	55	55	55	55	32.5000000000000	10	10	10	10	10	10	10	10	10	10	10	9.04750000000000	8.09500000000000	4.04750000000000	0	2.95925000000000	5.91850000000000	7.95925000000000	10	10	10	10	10	10	10	30.9695000000000	51.9390000000000	39.2347500000000	26.5305000000000	18.2652500000000	10	10	10	10	10	7.98175000000000	5.96350000000000	5.12450000000000	4.28550000000000	7.14275000000000	10	10	10	10	10	10	10	10.2040000000000	10.4080000000000	32.7040000000000	55	52.3980000000000	49.7960000000000	29.8980000000000	10	10	10	10	10	32.5000000000000	55	55	55	64.6427500000000	74.2855000000000	87.1427500000000	100	100	100	50	0	0	0	0	0	0	0	0	0	0	0	0	0	0	0	0	0	0	0
0	0	0	0	0	0	0	0	0	0	0	0	0	0	0	0	0	0	0	0	0	0	0	0	50	100	100	100	100	100	100	100	100	100	100	100	100	100	55	10	10	10	10	10	10	10	10	10	10	10	9.04750000000000	8.09500000000000	4.04750000000000	0	4.49000000000000	8.98000000000000	9.49000000000000	10	10	10	10	10	10	10	51.9390000000000	93.8780000000000	68.4695000000000	43.0610000000000	26.5305000000000	10	10	10	10	10	10	10	9.28550000000000	8.57100000000000	9.28550000000000	10	10	10	10	10	10	10	10	10	10	10	10	10	10	10	10	10	10	10	10	10	10	10	29.2855000000000	48.5710000000000	74.2855000000000	100	100	100	50	0	0	0	0	0	0	0	0	0	0	0	0	0	0	0	0	0	0	0
0	0	0	0	0	0	0	0	0	0	0	0	0	0	0	0	0	0	0	0	0	0	0	0	40.3060000000000	80.6120000000000	90.3060000000000	100	100	100	79.6427500000000	59.2855000000000	59.2855000000000	59.2855000000000	59.2855000000000	59.2855000000000	57.1427500000000	55	32.5000000000000	10	10	10	10	10	10	10	10	10	10	10	9.52375000000000	9.04750000000000	6.78575000000000	4.52400000000000	7.00700000000000	9.49000000000000	9.74500000000000	10	10	10	31.2755000000000	52.5510000000000	53.7755000000000	55	75.9695000000000	96.9390000000000	71.3775000000000	45.8160000000000	27.9080000000000	10	10	10	10	10	10	10	9.64275000000000	9.28550000000000	9.64275000000000	10	10	10	10	10	10	10	10	10	10	10	10	10	10	10	32.5000000000000	55	55	55	55	55	55	55	64.6427500000000	74.2855000000000	87.1427500000000	100	100	100	50	0	0	0	0	0	0	0	0	0	0	0	0	0	0	0	0	0	0	0
0	0	0	0	0	0	0	0	0	0	0	0	0	0	0	0	0	0	0	0	0	0	0	0	30.6120000000000	61.2240000000000	80.6120000000000	100	100	100	59.2855000000000	18.5710000000000	18.5710000000000	18.5710000000000	18.5710000000000	18.5710000000000	14.2855000000000	10	10	10	10	10	10	10	10	10	10	10	10	10	10	10	9.52400000000000	9.04800000000000	9.52400000000000	10	10	10	10	10	52.5510000000000	95.1020000000000	97.5510000000000	100	100	100	74.2855000000000	48.5710000000000	29.2855000000000	10	10	10	10	10	10	10	10	10	10	10	10	10	10	10	10	10	10	10	10	10	10	10	10	10	55	100	100	100	100	100	100	100	100	100	100	100	100	100	50	0	0	0	0	0	0	0	0	0	0	0	0	0	0	0	0	0	0	0
0	0	0	0	0	0	0	0	0	0	0	0	0	0	0	0	0	0	0	0	0	0	0	0	29.5917500000000	59.1835000000000	79.5917500000000	100	77.5000000000000	55	34.6427500000000	14.2855000000000	14.2855000000000	14.2855000000000	14.2855000000000	14.2855000000000	12.1427500000000	10	10	10	10	10	10	10	10	10	10	10	10	10	10	10	9.76200000000000	9.52400000000000	9.76200000000000	10	10	10	10	10	31.2755000000000	52.5510000000000	54.2857500000000	56.0205000000000	78.0102500000000	100	86.5305000000000	73.0610000000000	41.5305000000000	10	10	10	10	10	10	10	10	10	10	10	10	10	10	10	10	10	10	10	10	10	10	10	10	10	32.5000000000000	55	55.3060000000000	55.6120000000000	56.3775000000000	57.1430000000000	78.5715000000000	100	100	100	100	100	86.9047500000000	73.8095000000000	36.9047500000000	0	0	0	0	0	0	0	0	0	0	0	0	0	0	0	0	0	0	0
0	0	0	0	0	0	0	0	0	0	0	0	0	0	0	0	0	0	0	0	0	0	0	0	28.5715000000000	57.1430000000000	78.5715000000000	100	55	10	10	10	10	10	10	10	10	10	10	10	10	10	10	10	10	10	10	10	10	10	10	10	10	10	10	10	10	10	10	10	10	10	11.0205000000000	12.0410000000000	56.0205000000000	100	98.7755000000000	97.5510000000000	53.7755000000000	10	10	10	10	10	10	10	10	10	10	10	10	10	10	10	10	10	10	10	10	10	10	10	10	10	10	10	10.6120000000000	11.2240000000000	12.7550000000000	14.2860000000000	57.1430000000000	100	100	100	100	100	73.8095000000000	47.6190000000000	23.8095000000000	0	0	0	0	0	0	0	0	0	0	0	0	0	0	0	0	0	0	0
0	0	0	0	0	0	0	0	0	0	0	0	0	0	0	0	0	0	0	0	0	0	0	0	28.5715000000000	57.1430000000000	78.5715000000000	100	77.5000000000000	55	55	55	55	55	55	55	55	55	32.5000000000000	10	10	10	10	10	10	10	10	10	10	10	10	10	10	10	10	10	10	10	10	10	10	10	33.0102500000000	56.0205000000000	78.0102500000000	100	99.3877500000000	98.7755000000000	54.3877500000000	10	10	10	10	10	10	10	10	10	10	10	10	10	10	10	10	10	10	10	10	10	10	10	10	10	10	10	10.3060000000000	10.6120000000000	11.3775000000000	12.1430000000000	33.5715000000000	55	77.5000000000000	100	100	100	73.8095000000000	47.6190000000000	23.8095000000000	0	0	0	0	0	0	0	0	0	0	0	0	0	0	0	0	0	0	0
0	0	0	0	0	0	0	0	0	0	0	0	0	0	0	0	0	0	0	0	0	0	0	0	28.5715000000000	57.1430000000000	78.5715000000000	100	100	100	100	100	100	100	100	100	100	100	55	10	10	10	10	10	10	10	10	10	10	10	10	10	10	10	10	10	10	10	10	10	10	10	55	100	100	100	100	100	55	10	10	10	10	10	10	10	10	10	10	10	10	10	10	10	10	10	10	10	10	10	10	10	10	10	10	10	10	10	10	10	10	10	55	100	100	100	73.8095000000000	47.6190000000000	23.8095000000000	0	0	0	0	0	0	0	0	0	0	0	0	0	0	0	0	0	0	0
0	0	0	0	0	0	0	0	0	0	0	0	0	0	0	0	0	0	0	0	0	0	0	0	14.2857500000000	28.5715000000000	64.2857500000000	100	84.6427500000000	69.2855000000000	62.1427500000000	55	55	55	55	55	55	55	32.5000000000000	10	10	10	10	10	10	10	10	10	10	10	10	10	11.0715000000000	12.1430000000000	33.5715000000000	55	55	55	33.1632500000000	11.3265000000000	10.6632500000000	10	54.4387500000000	98.8775000000000	99.4387500000000	100	100	100	63.1632500000000	26.3265000000000	18.1632500000000	10	10	10	10	10	10	10	10	10	10	10	10	10	10	10	10	10	10	10	10	10	14.0817500000000	18.1635000000000	36.5817500000000	55	55	55	55	55	33.5715000000000	12.1430000000000	43.8265000000000	75.5100000000000	87.7550000000000	100	61.9047500000000	23.8095000000000	11.9047500000000	0	0	0	0	0	0	0	0	0	0	0	0	0	0	0	0	0	0	0
0	0	0	0	0	0	0	0	0	0	0	0	0	0	0	0	0	0	0	0	0	0	0	0	0	0	50	100	69.2855000000000	38.5710000000000	24.2855000000000	10	10	10	10	10	10	10	10	10	10	10	10	10	10	10	10	10	10	10	10	10	12.1430000000000	14.2860000000000	57.1430000000000	100	100	100	56.3265000000000	12.6530000000000	11.3265000000000	10	53.8775000000000	97.7550000000000	98.8775000000000	100	100	100	71.3265000000000	42.6530000000000	26.3265000000000	10	10	10	10	10	10	10	10	10	10	10	10	10	10	10	10	10	10	10	10	10	18.1635000000000	26.3270000000000	63.1635000000000	100	100	100	100	100	57.1430000000000	14.2860000000000	32.6530000000000	51.0200000000000	75.5100000000000	100	50	0	0	0	0	0	0	0	0	0	0	0	0	0	0	0	0	0	0	0	0	0
0	0	0	0	0	0	0	0	0	0	0	0	0	0	0	0	0	0	0	0	0	0	0	0	0	0	50	100	84.6427500000000	69.2855000000000	47.6020000000000	25.9185000000000	17.9592500000000	10	10	10	10	10	10	10	10	10	10	10	10	10	10	10	10	10	10	10	33.5715000000000	57.1430000000000	78.5715000000000	100	100	100	78.1632500000000	56.3265000000000	33.1632500000000	10	31.9387500000000	53.8775000000000	76.9387500000000	100	100	100	63.1632500000000	26.3265000000000	33.8775000000000	41.4285000000000	48.2142500000000	55	55	55	55	55	32.5000000000000	10	10	10	10	10	10	10	10	10	10	10	10	10	14.0817500000000	18.1635000000000	41.4287500000000	64.6940000000000	82.3470000000000	100	100	100	78.5715000000000	57.1430000000000	66.3265000000000	75.5100000000000	87.7550000000000	100	50	0	0	0	0	0	0	0	0	0	0	0	0	0	0	0	0	0	0	0	0	0
0	0	0	0	0	0	0	0	0	0	0	0	0	0	0	0	0	0	0	0	0	0	0	0	0	0	50	100	100	100	70.9185000000000	41.8370000000000	25.9185000000000	10	10	10	10	10	10	10	10	10	10	10	10	10	10	10	10	10	10	10	55	100	100	100	100	100	100	100	55	10	10	10	55	100	100	100	55	10	41.4285000000000	72.8570000000000	86.4285000000000	100	100	100	100	100	55	10	10	10	10	10	10	10	10	10	10	10	10	10	10	10	19.6940000000000	29.3880000000000	64.6940000000000	100	100	100	100	100	100	100	100	100	50	0	0	0	0	0	0	0	0	0	0	0	0	0	0	0	0	0	0	0	0	0
0	0	0	0	0	0	0	0	0	0	0	0	0	0	0	0	0	0	0	0	0	0	0	0	0	0	40.4762500000000	80.9525000000000	90.4762500000000	100	85.4592500000000	70.9185000000000	62.9592500000000	55	55	55	55	55	55	55	32.5000000000000	10	10	10	10	10	10	10	10	10	10	10	37.0917500000000	64.1835000000000	59.5917500000000	55	77.5000000000000	100	100	100	55	10	11.5305000000000	13.0610000000000	56.5305000000000	100	100	100	70.1530000000000	40.3060000000000	63.3672500000000	86.4285000000000	93.2142500000000	100	100	100	97.3980000000000	94.7960000000000	52.3980000000000	10	10	10	10	10	10	10	10	10	13.2142500000000	16.4285000000000	16.4285000000000	16.4285000000000	13.2142500000000	10	14.8470000000000	19.6940000000000	37.3470000000000	55	77.5000000000000	100	100	100	100	100	86.2245000000000	72.4490000000000	36.2245000000000	0	0	0	0	0	0	0	0	0	0	0	0	0	0	0	0	0	0	0	0	0
0	0	0	0	0	0	0	0	0	0	0	0	0	0	0	0	0	0	0	0	0	0	0	0	0	0	30.9525000000000	61.9050000000000	80.9525000000000	100	100	100	100	100	100	100	100	100	100	100	55	10	10	10	10	10	10	10	10	10	10	10	19.1835000000000	28.3670000000000	19.1835000000000	10	55	100	100	100	55	10	13.0610000000000	16.1220000000000	58.0610000000000	100	100	100	85.3060000000000	70.6120000000000	85.3060000000000	100	100	100	100	100	94.7960000000000	89.5920000000000	49.7960000000000	10	10	10	10	10	10	10	10	10	16.4285000000000	22.8570000000000	22.8570000000000	22.8570000000000	16.4285000000000	10	10	10	10	10	55	100	100	100	100	100	72.4490000000000	44.8980000000000	22.4490000000000	0	0	0	0	0	0	0	0	0	0	0	0	0	0	0	0	0	0	0	0	0
0	0	0	0	0	0	0	0	0	0	0	0	0	0	0	0	0	0	0	0	0	0	0	0	0	0	15.4762500000000	30.9525000000000	65.4762500000000	100	100	100	100	100	100	100	100	100	77.5000000000000	55	32.5000000000000	10	10	10	10	10	10	10	10	10	10	10	14.5917500000000	19.1835000000000	14.5917500000000	10	55	100	100	100	69.6940000000000	39.3880000000000	39.1837500000000	38.9795000000000	69.4897500000000	100	100	100	92.6530000000000	85.3060000000000	70.1530000000000	55	55	55	55	55	52.3980000000000	49.7960000000000	29.8980000000000	10	10	10	10	10	10	10	10	10	35.7142500000000	61.4285000000000	61.4285000000000	61.4285000000000	58.2142500000000	55	55	55	55	55	77.5000000000000	100	100	100	100	100	61.2245000000000	22.4490000000000	11.2245000000000	0	0	0	0	0	0	0	0	0	0	0	0	0	0	0	0	0	0	0	0	0
0	0	0	0	0	0	0	0	0	0	0	0	0	0	0	0	0	0	0	0	0	0	0	0	0	0	0	0	50	100	100	100	100	100	100	100	100	100	55	10	10	10	10	10	10	10	10	10	10	10	10	10	10	10	10	10	55	100	100	100	84.3880000000000	68.7760000000000	65.3065000000000	61.8370000000000	80.9185000000000	100	100	100	100	100	55	10	10	10	10	10	10	10	10	10	10	10	10	10	10	10	10	10	55	100	100	100	100	100	100	100	100	100	100	100	100	100	100	100	50	0	0	0	0	0	0	0	0	0	0	0	0	0	0	0	0	0	0	0	0	0	0	0
0	0	0	0	0	0	0	0	0	0	0	0	0	0	0	0	0	0	0	0	0	0	0	0	0	0	0	0	37.6985000000000	75.3970000000000	87.6985000000000	100	100	100	100	100	100	100	55.5102500000000	11.0205000000000	15.8675000000000	20.7145000000000	15.3572500000000	10	10	10	10	10	10	10	10	10	10	10	10	10	32.5000000000000	55	66.8877500000000	78.7755000000000	81.5817500000000	84.3880000000000	82.6532500000000	80.9185000000000	90.4592500000000	100	100	100	84.0305000000000	68.0610000000000	39.0305000000000	10	10	10	10	10	10	10	10	10	10	10	10	10	10	10	10	10	55	100	100	100	100	100	100	100	100	100	100	100	100	100	85.8842500000000	71.7685000000000	35.8842500000000	0	0	0	0	0	0	0	0	0	0	0	0	0	0	0	0	0	0	0	0	0	0	0
0	0	0	0	0	0	0	0	0	0	0	0	0	0	0	0	0	0	0	0	0	0	0	0	0	0	0	0	25.3970000000000	50.7940000000000	75.3970000000000	100	100	100	100	100	100	100	56.0205000000000	12.0410000000000	21.7350000000000	31.4290000000000	20.7145000000000	10	10	10	10	10	10	10	10	10	10	10	10	10	10	10	33.7755000000000	57.5510000000000	78.7755000000000	100	100	100	100	100	100	100	68.0610000000000	36.1220000000000	23.0610000000000	10	10	10	10	10	10	10	10	10	10	10	10	10	10	10	10	10	55	100	100	100	100	100	100	100	100	100	100	100	100	100	71.7685000000000	43.5370000000000	21.7685000000000	0	0	0	0	0	0	0	0	0	0	0	0	0	0	0	0	0	0	0	0	0	0	0
0	0	0	0	0	0	0	0	0	0	0	0	0	0	0	0	0	0	0	0	0	0	0	0	0	0	0	0	12.6985000000000	25.3970000000000	55.5557500000000	85.7145000000000	92.8572500000000	100	100	100	100	100	78.0102500000000	56.0205000000000	54.7450000000000	53.4695000000000	31.7347500000000	10	10	10	17.9592500000000	25.9185000000000	17.9592500000000	10	10	10	10	10	10	10	10	10	44.3877500000000	78.7755000000000	89.3877500000000	100	100	100	100	100	100	100	61.5305000000000	23.0610000000000	16.5305000000000	10	10	10	10	10	10	10	10	10	10	10	10	10	10	10	10	10	34.0305000000000	58.0610000000000	79.0305000000000	100	100	100	100	100	100	100	100	100	100	100	60.8842500000000	21.7685000000000	10.8842500000000	0	0	0	0	0	0	0	0	0	0	0	0	0	0	0	0	0	0	0	0	0	0	0
0	0	0	0	0	0	0	0	0	0	0	0	0	0	0	0	0	0	0	0	0	0	0	0	0	0	0	0	0	0	35.7145000000000	71.4290000000000	85.7145000000000	100	100	100	100	100	100	100	87.7550000000000	75.5100000000000	42.7550000000000	10	10	10	25.9185000000000	41.8370000000000	25.9185000000000	10	10	10	10	10	10	10	10	10	55	100	100	100	100	100	100	100	100	100	55	10	10	10	10	10	10	10	10	10	10	10	10	10	10	10	10	10	10	10	13.0610000000000	16.1220000000000	58.0610000000000	100	100	100	100	100	100	100	100	100	100	100	50	0	0	0	0	0	0	0	0	0	0	0	0	0	0	0	0	0	0	0	0	0	0	0	0	0
0	0	0	0	0	0	0	0	0	0	0	0	0	0	0	0	0	0	0	0	0	0	0	0	0	0	0	0	0	0	17.8572500000000	35.7145000000000	67.8572500000000	100	100	100	92.5000000000000	85	85	85	63.8775000000000	42.7550000000000	26.3775000000000	10	18.2142500000000	26.4285000000000	47.9592500000000	69.4900000000000	39.7450000000000	10	10	10	10	10	10	10	27.5000000000000	45	69.6427500000000	94.2855000000000	74.6427500000000	55	55	55	77.5000000000000	100	100	100	55	10	10	10	10	10	10	10	10	10	10	10	10.7142500000000	11.4285000000000	10.7142500000000	10	10	10	10	10	11.5305000000000	13.0610000000000	56.5305000000000	100	100	100	100	100	100	100	100	100	85.3175000000000	70.6350000000000	35.3175000000000	0	0	0	0	0	0	0	0	0	0	0	0	0	0	0	0	0	0	0	0	0	0	0	0	0
0	0	0	0	0	0	0	0	0	0	0	0	0	0	0	0	0	0	0	0	0	0	0	0	0	0	0	0	0	0	0	0	50	100	100	100	85	70	70	70	40	10	10	10	26.4285000000000	42.8570000000000	70	97.1430000000000	53.5715000000000	10	10	10	10	10	10	10	45	80	84.2855000000000	88.5710000000000	49.2855000000000	10	10	10	55	100	100	100	55	10	10	10	10	10	10	10	10	10	10	10	11.4285000000000	12.8570000000000	11.4285000000000	10	10	10	10	10	10	10	55	100	100	100	100	100	100	100	100	100	70.6350000000000	41.2700000000000	20.6350000000000	0	0	0	0	0	0	0	0	0	0	0	0	0	0	0	0	0	0	0	0	0	0	0	0	0
0	0	0	0	0	0	0	0	0	0	0	0	0	0	0	0	0	0	0	0	0	0	0	0	0	0	0	0	0	0	0	0	36.7915000000000	73.5830000000000	86.7915000000000	100	71.2245000000000	42.4490000000000	41.2245000000000	40	25	10	10	10	40.7142500000000	71.4285000000000	62.5000000000000	53.5715000000000	31.7857500000000	10	10	10	10	10	10	10	27.5000000000000	45	47.1427500000000	49.2855000000000	29.6427500000000	10	25.2040000000000	40.4080000000000	70.2040000000000	100	100	100	77.5000000000000	55	49.2857500000000	43.5715000000000	26.7857500000000	10	10	10	10	10	32.5000000000000	55	55.7142500000000	56.4285000000000	33.2142500000000	10	10	10	10	10	10	10	55	100	100	100	100	100	100	100	100	100	60.3175000000000	20.6350000000000	10.3175000000000	0	0	0	0	0	0	0	0	0	0	0	0	0	0	0	0	0	0	0	0	0	0	0	0	0
0	0	0	0	0	0	0	0	0	0	0	0	0	0	0	0	0	0	0	0	0	0	0	0	0	0	0	0	0	0	0	0	23.5830000000000	47.1660000000000	73.5830000000000	100	57.4490000000000	14.8980000000000	12.4490000000000	10	10	10	10	10	55	100	55	10	10	10	10	10	10	10	10	10	10	10	10	10	10	10	40.4080000000000	70.8160000000000	85.4080000000000	100	100	100	100	100	88.5715000000000	77.1430000000000	43.5715000000000	10	10	10	10	10	55	100	100	100	55	10	10	10	10	10	10	10	55	100	100	100	100	100	100	100	100	100	50	0	0	0	0	0	0	0	0	0	0	0	0	0	0	0	0	0	0	0	0	0	0	0	0	0	0	0
0	0	0	0	0	0	0	0	0	0	0	0	0	0	0	0	0	0	0	0	0	0	0	0	0	0	0	0	0	0	0	0	11.7915000000000	23.5830000000000	61.7915000000000	100	78.7245000000000	57.4490000000000	56.2245000000000	55	32.5000000000000	10	10	10	55	100	63.7245000000000	27.4490000000000	18.7245000000000	10	10	10	10	10	10	10	10	10	10	10	32.5000000000000	55	54.4387500000000	53.8775000000000	61.1735000000000	68.4695000000000	78.7245000000000	88.9795000000000	71.9897500000000	55	49.2857500000000	43.5715000000000	26.7857500000000	10	10	10	10	10	55	100	100	100	55	10	10	10	10	10	10	10	32.5000000000000	55	55	55	77.5000000000000	100	100	100	75	50	25	0	0	0	0	0	0	0	0	0	0	0	0	0	0	0	0	0	0	0	0	0	0	0	0	0	0	0
0	0	0	0	0	0	0	0	0	0	0	0	0	0	0	0	0	0	0	0	0	0	0	0	0	0	0	0	0	0	0	0	0	0	50	100	100	100	100	100	55	10	10	10	55	100	72.4490000000000	44.8980000000000	27.4490000000000	10	10	10	10	10	10	10	10	10	10	10	55	100	68.4695000000000	36.9390000000000	36.9390000000000	36.9390000000000	57.4490000000000	77.9590000000000	43.9795000000000	10	10	10	10	10	10	10	10	10	55	100	100	100	55	10	10	10	10	10	10	10	10	10	10	10	55	100	100	100	50	0	0	0	0	0	0	0	0	0	0	0	0	0	0	0	0	0	0	0	0	0	0	0	0	0	0	0	0	0
0	0	0	0	0	0	0	0	0	0	0	0	0	0	0	0	0	0	0	0	0	0	0	0	0	0	0	0	0	0	0	0	0	0	35.6010000000000	71.2020000000000	85.6010000000000	100	100	100	55	10	10	10	55	100	84.0817500000000	68.1635000000000	39.0817500000000	10	10	10	10	10	10	10	10	10	10	10	32.5000000000000	55	39.2347500000000	23.4695000000000	23.4695000000000	23.4695000000000	38.3162500000000	53.1630000000000	31.5815000000000	10	28.5715000000000	47.1430000000000	28.5715000000000	10	10	10	10	10	55	100	90.3060000000000	80.6120000000000	45.3060000000000	10	21.7857500000000	33.5715000000000	31.9897500000000	30.4080000000000	20.2040000000000	10	10	10	12.0407500000000	14.0815000000000	57.0407500000000	100	96.5987500000000	93.1975000000000	46.5987500000000	0	0	0	0	0	0	0	0	0	0	0	0	0	0	0	0	0	0	0	0	0	0	0	0	0	0	0	0	0
0	0	0	0	0	0	0	0	0	0	0	0	0	0	0	0	0	0	0	0	0	0	0	0	0	0	0	0	0	0	0	0	0	0	21.2020000000000	42.4040000000000	71.2020000000000	100	100	100	55	10	10	10	55	100	95.7145000000000	91.4290000000000	50.7145000000000	10	10	10	10	10	10	10	10	10	10	10	10	10	10	10	10	10	19.1835000000000	28.3670000000000	19.1835000000000	10	47.1430000000000	84.2860000000000	47.1430000000000	10	10	10	10	10	55	100	80.6120000000000	61.2240000000000	35.6120000000000	10	33.5715000000000	57.1430000000000	53.9795000000000	50.8160000000000	30.4080000000000	10	10	10	14.0815000000000	18.1630000000000	59.0815000000000	100	93.1975000000000	86.3950000000000	43.1975000000000	0	0	0	0	0	0	0	0	0	0	0	0	0	0	0	0	0	0	0	0	0	0	0	0	0	0	0	0	0
0	0	0	0	0	0	0	0	0	0	0	0	0	0	0	0	0	0	0	0	0	0	0	0	0	0	0	0	0	0	0	0	0	0	10.6010000000000	21.2020000000000	45.8050000000000	70.4080000000000	85.2040000000000	100	66.7857500000000	33.5715000000000	44.2857500000000	55	77.5000000000000	100	95.7145000000000	91.4290000000000	50.7145000000000	10	10	10	10	10	10	10	10	10	10	10	10	10	21.7857500000000	33.5715000000000	44.2857500000000	55	59.5917500000000	64.1835000000000	41.5815000000000	18.9795000000000	48.0612500000000	77.1430000000000	50	22.8570000000000	16.4285000000000	10	10	10	55	100	67.8060000000000	35.6120000000000	22.8060000000000	10	44.2857500000000	78.5715000000000	76.9897500000000	75.4080000000000	42.7040000000000	10	23.3162500000000	36.6325000000000	47.8570000000000	59.0815000000000	79.5407500000000	100	71.5987500000000	43.1975000000000	21.5987500000000	0	0	0	0	0	0	0	0	0	0	0	0	0	0	0	0	0	0	0	0	0	0	0	0	0	0	0	0	0
0	0	0	0	0	0	0	0	0	0	0	0	0	0	0	0	0	0	0	0	0	0	0	0	0	0	0	0	0	0	0	0	0	0	0	0	20.4080000000000	40.8160000000000	70.4080000000000	100	78.5715000000000	57.1430000000000	78.5715000000000	100	100	100	95.7145000000000	91.4290000000000	50.7145000000000	10	10	10	10	10	10	10	10	10	10	10	10	10	33.5715000000000	57.1430000000000	78.5715000000000	100	100	100	63.9795000000000	27.9590000000000	48.9795000000000	70	52.8570000000000	35.7140000000000	22.8570000000000	10	10	10	55	100	55	10	10	10	55	100	100	100	55	10	36.6325000000000	63.2650000000000	81.6325000000000	100	100	100	50	0	0	0	0	0	0	0	0	0	0	0	0	0	0	0	0	0	0	0	0	0	0	0	0	0	0	0	0	0	0	0
0	0	0	0	0	0	0	0	0	0	0	0	0	0	0	0	0	0	0	0	0	0	0	0	0	0	0	0	0	0	0	0	0	0	0	0	10.2040000000000	20.4080000000000	44.8980000000000	69.3880000000000	73.9797500000000	78.5715000000000	89.2857500000000	100	87.1427500000000	74.2855000000000	62.5000000000000	50.7145000000000	30.3572500000000	10	10	10	10	10	10	10	10	10	10	10	19.6427500000000	29.2855000000000	41.0712500000000	52.8570000000000	76.4285000000000	100	81.6327500000000	63.2655000000000	41.1225000000000	18.9795000000000	44.4897500000000	70	52.8570000000000	35.7140000000000	22.8570000000000	10	28.2142500000000	46.4285000000000	62.1937500000000	77.9590000000000	43.9795000000000	10	22.2450000000000	34.4900000000000	67.2450000000000	100	100	100	77.5000000000000	55	68.3162500000000	81.6325000000000	88.0952500000000	94.5580000000000	72.2790000000000	50	25	0	0	0	0	0	0	0	0	0	0	0	0	0	0	0	0	0	0	0	0	0	0	0	0	0	0	0	0	0	0	0
0	0	0	0	0	0	0	0	0	0	0	0	0	0	0	0	0	0	0	0	0	0	0	0	0	0	0	0	0	0	0	0	0	0	0	0	0	0	19.3880000000000	38.7760000000000	69.3880000000000	100	100	100	74.2855000000000	48.5710000000000	29.2855000000000	10	10	10	10	10	10	10	10	10	10	10	10	10	29.2855000000000	48.5710000000000	48.5710000000000	48.5710000000000	74.2855000000000	100	63.2655000000000	26.5310000000000	18.2655000000000	10	40	70	52.8570000000000	35.7140000000000	22.8570000000000	10	46.4285000000000	82.8570000000000	69.3875000000000	55.9180000000000	32.9590000000000	10	34.4900000000000	58.9800000000000	79.4900000000000	100	100	100	100	100	100	100	94.5580000000000	89.1160000000000	44.5580000000000	0	0	0	0	0	0	0	0	0	0	0	0	0	0	0	0	0	0	0	0	0	0	0	0	0	0	0	0	0	0	0	0	0
0	0	0	0	0	0	0	0	0	0	0	0	0	0	0	0	0	0	0	0	0	0	0	0	0	0	0	0	0	0	0	0	0	0	0	0	0	0	9.69400000000000	19.3880000000000	43.7642500000000	68.1405000000000	84.0702500000000	100	78.5712500000000	57.1425000000000	33.5712500000000	10	10	10	32.5000000000000	55	41.0715000000000	27.1430000000000	24.6940000000000	22.2450000000000	16.1225000000000	10	10	10	19.6427500000000	29.2855000000000	29.2855000000000	29.2855000000000	64.6427500000000	100	73.0612500000000	46.1225000000000	41.9897500000000	37.8570000000000	52.1427500000000	66.4285000000000	44.6427500000000	22.8570000000000	16.4285000000000	10	46.4285000000000	82.8570000000000	61.1222500000000	39.3875000000000	24.6937500000000	10	44.7450000000000	79.4900000000000	89.7450000000000	100	100	100	100	100	84.5237500000000	69.0475000000000	56.8027500000000	44.5580000000000	22.2790000000000	0	0	0	0	0	0	0	0	0	0	0	0	0	0	0	0	0	0	0	0	0	0	0	0	0	0	0	0	0	0	0	0	0
0	0	0	0	0	0	0	0	0	0	0	0	0	0	0	0	0	0	0	0	0	0	0	0	0	0	0	0	0	0	0	0	0	0	0	0	0	0	0	0	18.1405000000000	36.2810000000000	68.1405000000000	100	82.8570000000000	65.7140000000000	37.8570000000000	10	10	10	55	100	72.1430000000000	44.2860000000000	39.3880000000000	34.4900000000000	22.2450000000000	10	10	10	10	10	10	10	55	100	82.8570000000000	65.7140000000000	65.7140000000000	65.7140000000000	64.2855000000000	62.8570000000000	36.4285000000000	10	10	10	46.4285000000000	82.8570000000000	52.8570000000000	22.8570000000000	16.4285000000000	10	55	100	100	100	100	100	100	100	69.0475000000000	38.0950000000000	19.0475000000000	0	0	0	0	0	0	0	0	0	0	0	0	0	0	0	0	0	0	0	0	0	0	0	0	0	0	0	0	0	0	0	0	0	0	0
0	0	0	0	0	0	0	0	0	0	0	0	0	0	0	0	0	0	0	0	0	0	0	0	0	0	0	0	0	0	0	0	0	0	0	0	0	0	0	0	9.07025000000000	18.1405000000000	34.0702500000000	50	49.7617500000000	49.5235000000000	52.2617500000000	55	55	55	55	55	41.0715000000000	27.1430000000000	28.9797500000000	30.8165000000000	35.4082500000000	40	25	10	10	10	32.5000000000000	55	77.5000000000000	100	91.4285000000000	82.8570000000000	60.3570000000000	37.8570000000000	37.1427500000000	36.4285000000000	23.2142500000000	10	10	10	46.4285000000000	82.8570000000000	52.8570000000000	22.8570000000000	16.4285000000000	10	53.9285000000000	97.8570000000000	98.9285000000000	100	100	100	82.5397500000000	65.0795000000000	42.0635000000000	19.0475000000000	9.52375000000000	0	0	0	0	0	0	0	0	0	0	0	0	0	0	0	0	0	0	0	0	0	0	0	0	0	0	0	0	0	0	0	0	0	0	0
0	0	0	0	0	0	0	0	0	0	0	0	0	0	0	0	0	0	0	0	0	0	0	0	0	0	0	0	0	0	0	0	0	0	0	0	0	0	0	0	0	0	0	0	16.6665000000000	33.3330000000000	66.6665000000000	100	100	100	55	10	10	10	18.5715000000000	27.1430000000000	48.5715000000000	70	40	10	10	10	55	100	100	100	100	100	55	10	10	10	10	10	10	10	46.4285000000000	82.8570000000000	52.8570000000000	22.8570000000000	16.4285000000000	10	52.8570000000000	95.7140000000000	97.8570000000000	100	100	100	65.0795000000000	30.1590000000000	15.0795000000000	0	0	0	0	0	0	0	0	0	0	0	0	0	0	0	0	0	0	0	0	0	0	0	0	0	0	0	0	0	0	0	0	0	0	0	0	0
0	0	0	0	0	0	0	0	0	0	0	0	0	0	0	0	0	0	0	0	0	0	0	0	0	0	0	0	0	0	0	0	0	0	0	0	0	0	0	0	0	0	0	0	8.33325000000000	16.6665000000000	33.3332500000000	50	75	100	77.5000000000000	55	48.5715000000000	42.1430000000000	52.8572500000000	63.5715000000000	74.2857500000000	85	47.5000000000000	10	28.8265000000000	47.6530000000000	73.8265000000000	100	100	100	100	100	61.1225000000000	22.2450000000000	32.1940000000000	42.1430000000000	27.9082500000000	13.6735000000000	11.8367500000000	10	46.4285000000000	82.8570000000000	66.6325000000000	50.4080000000000	44.7447500000000	39.0815000000000	68.4692500000000	97.8570000000000	98.9285000000000	100	75	50	32.5397500000000	15.0795000000000	7.53975000000000	0	0	0	0	0	0	0	0	0	0	0	0	0	0	0	0	0	0	0	0	0	0	0	0	0	0	0	0	0	0	0	0	0	0	0	0	0
0	0	0	0	0	0	0	0	0	0	0	0	0	0	0	0	0	0	0	0	0	0	0	0	0	0	0	0	0	0	0	0	0	0	0	0	0	0	0	0	0	0	0	0	0	0	0	0	50	100	100	100	87.1430000000000	74.2860000000000	87.1430000000000	100	100	100	55	10	47.6530000000000	85.3060000000000	92.6530000000000	100	100	100	100	100	67.2450000000000	34.4900000000000	54.3880000000000	74.2860000000000	45.8165000000000	17.3470000000000	13.6735000000000	10	46.4285000000000	82.8570000000000	80.4080000000000	77.9590000000000	73.0610000000000	68.1630000000000	84.0815000000000	100	100	100	50	0	0	0	0	0	0	0	0	0	0	0	0	0	0	0	0	0	0	0	0	0	0	0	0	0	0	0	0	0	0	0	0	0	0	0	0	0	0	0	0	0
0	0	0	0	0	0	0	0	0	0	0	0	0	0	0	0	0	0	0	0	0	0	0	0	0	0	0	0	0	0	0	0	0	0	0	0	0	0	0	0	0	0	0	0	0	0	0	0	25	50	55.9525000000000	61.9050000000000	74.5240000000000	87.1430000000000	93.5715000000000	100	100	100	61.5305000000000	23.0610000000000	57.8570000000000	92.6530000000000	87.2562500000000	81.8595000000000	71.8822500000000	61.9050000000000	80.9525000000000	100	83.6225000000000	67.2450000000000	77.1940000000000	87.1430000000000	50.4082500000000	13.6735000000000	11.8367500000000	10	28.2142500000000	46.4285000000000	67.7040000000000	88.9795000000000	86.5305000000000	84.0815000000000	72.9932500000000	61.9050000000000	55.9525000000000	50	25	0	0	0	0	0	0	0	0	0	0	0	0	0	0	0	0	0	0	0	0	0	0	0	0	0	0	0	0	0	0	0	0	0	0	0	0	0	0	0	0	0
0	0	0	0	0	0	0	0	0	0	0	0	0	0	0	0	0	0	0	0	0	0	0	0	0	0	0	0	0	0	0	0	0	0	0	0	0	0	0	0	0	0	0	0	0	0	0	0	0	0	11.9050000000000	23.8100000000000	61.9050000000000	100	100	100	100	100	68.0610000000000	36.1220000000000	68.0610000000000	100	81.8595000000000	63.7190000000000	43.7645000000000	23.8100000000000	61.9050000000000	100	100	100	100	100	55	10	10	10	10	10	55	100	100	100	61.9050000000000	23.8100000000000	11.9050000000000	0	0	0	0	0	0	0	0	0	0	0	0	0	0	0	0	0	0	0	0	0	0	0	0	0	0	0	0	0	0	0	0	0	0	0	0	0	0	0	0	0	0	0
0	0	0	0	0	0	0	0	0	0	0	0	0	0	0	0	0	0	0	0	0	0	0	0	0	0	0	0	0	0	0	0	0	0	0	0	0	0	0	0	0	0	0	0	0	0	0	0	0	0	5.95250000000000	11.9050000000000	30.9525000000000	50	60.5442500000000	71.0885000000000	85.5442500000000	100	84.0305000000000	68.0610000000000	84.0305000000000	100	65.9297500000000	31.8595000000000	21.8822500000000	11.9050000000000	55.9525000000000	100	100	100	100	100	74.4387500000000	48.8775000000000	50.9182500000000	52.9590000000000	53.9795000000000	55	77.5000000000000	100	75.4535000000000	50.9070000000000	31.4060000000000	11.9050000000000	5.95250000000000	0	0	0	0	0	0	0	0	0	0	0	0	0	0	0	0	0	0	0	0	0	0	0	0	0	0	0	0	0	0	0	0	0	0	0	0	0	0	0	0	0	0	0
0	0	0	0	0	0	0	0	0	0	0	0	0	0	0	0	0	0	0	0	0	0	0	0	0	0	0	0	0	0	0	0	0	0	0	0	0	0	0	0	0	0	0	0	0	0	0	0	0	0	0	0	0	0	21.0885000000000	42.1770000000000	71.0885000000000	100	100	100	100	100	50	0	0	0	50	100	100	100	100	100	93.8775000000000	87.7550000000000	91.8365000000000	95.9180000000000	97.9590000000000	100	100	100	50.9070000000000	1.81400000000000	0.907000000000000	0	0	0	0	0	0	0	0	0	0	0	0	0	0	0	0	0	0	0	0	0	0	0	0	0	0	0	0	0	0	0	0	0	0	0	0	0	0	0	0	0	0	0	0	0
0	0	0	0	0	0	0	0	0	0	0	0	0	0	0	0	0	0	0	0	0	0	0	0	0	0	0	0	0	0	0	0	0	0	0	0	0	0	0	0	0	0	0	0	0	0	0	0	0	0	0	0	0	0	10.5442500000000	21.0885000000000	35.5442500000000	50	53.5715000000000	57.1430000000000	53.5715000000000	50	25	0	0	0	25	50	53.5715000000000	57.1430000000000	57.1430000000000	57.1430000000000	75.5102500000000	93.8775000000000	79.5917500000000	65.3060000000000	61.2245000000000	57.1430000000000	53.5715000000000	50	25.4535000000000	0.907000000000000	0.453500000000000	0	0	0	0	0	0	0	0	0	0	0	0	0	0	0	0	0	0	0	0	0	0	0	0	0	0	0	0	0	0	0	0	0	0	0	0	0	0	0	0	0	0	0	0	0
0	0	0	0	0	0	0	0	0	0	0	0	0	0	0	0	0	0	0	0	0	0	0	0	0	0	0	0	0	0	0	0	0	0	0	0	0	0	0	0	0	0	0	0	0	0	0	0	0	0	0	0	0	0	0	0	0	0	7.14300000000000	14.2860000000000	7.14300000000000	0	0	0	0	0	0	0	7.14300000000000	14.2860000000000	14.2860000000000	14.2860000000000	57.1430000000000	100	67.3470000000000	34.6940000000000	24.4900000000000	14.2860000000000	7.14300000000000	0	0	0	0	0	0	0	0	0	0	0	0	0	0	0	0	0	0	0	0	0	0	0	0	0	0	0	0	0	0	0	0	0	0	0	0	0	0	0	0	0	0	0	0	0	0	0	0	0
0	0	0	0	0	0	0	0	0	0	0	0	0	0	0	0	0	0	0	0	0	0	0	0	0	0	0	0	0	0	0	0	0	0	0	0	0	0	0	0	0	0	0	0	0	0	0	0	0	0	0	0	0	0	0	0	0	0	3.57150000000000	7.14300000000000	3.57150000000000	0	0	0	0	0	0	0	3.57150000000000	7.14300000000000	7.14300000000000	7.14300000000000	28.5715000000000	50	33.6735000000000	17.3470000000000	12.2450000000000	7.14300000000000	3.57150000000000	0	0	0	0	0	0	0	0	0	0	0	0	0	0	0	0	0	0	0	0	0	0	0	0	0	0	0	0	0	0	0	0	0	0	0	0	0	0	0	0	0	0	0	0	0	0	0	0	0
0	0	0	0	0	0	0	0	0	0	0	0	0	0	0	0	0	0	0	0	0	0	0	0	0	0	0	0	0	0	0	0	0	0	0	0	0	0	0	0	0	0	0	0	0	0	0	0	0	0	0	0	0	0	0	0	0	0	0	0	0	0	0	0	0	0	0	0	0	0	0	0	0	0	0	0	0	0	0	0	0	0	0	0	0	0	0	0	0	0	0	0	0	0	0	0	0	0	0	0	0	0	0	0	0	0	0	0	0	0	0	0	0	0	0	0	0	0	0	0	0	0	0	0	0	0	0	0
0	0	0	0	0	0	0	0	0	0	0	0	0	0	0	0	0	0	0	0	0	0	0	0	0	0	0	0	0	0	0	0	0	0	0	0	0	0	0	0	0	0	0	0	0	0	0	0	0	0	0	0	0	0	0	0	0	0	0	0	0	0	0	0	0	0	0	0	0	0	0	0	0	0	0	0	0	0	0	0	0	0	0	0	0	0	0	0	0	0	0	0	0	0	0	0	0	0	0	0	0	0	0	0	0	0	0	0	0	0	0	0	0	0	0	0	0	0	0	0	0	0	0	0	0	0	0	0
0	0	0	0	0	0	0	0	0	0	0	0	0	0	0	0	0	0	0	0	0	0	0	0	0	0	0	0	0	0	0	0	0	0	0	0	0	0	0	0	0	0	0	0	0	0	0	0	0	0	0	0	0	0	0	0	0	0	0	0	0	0	0	0	0	0	0	0	0	0	0	0	0	0	0	0	0	0	0	0	0	0	0	0	0	0	0	0	0	0	0	0	0	0	0	0	0	0	0	0	0	0	0	0	0	0	0	0	0	0	0	0	0	0	0	0	0	0	0	0	0	0	0	0	0	0	0	0
0	0	0	0	0	0	0	0	0	0	0	0	0	0	0	0	0	0	0	0	0	0	0	0	0	0	0	0	0	0	0	0	0	0	0	0	0	0	0	0	0	0	0	0	0	0	0	0	0	0	0	0	0	0	0	0	0	0	0	0	0	0	0	0	0	0	0	0	0	0	0	0	0	0	0	0	0	0	0	0	0	0	0	0	0	0	0	0	0	0	0	0	0	0	0	0	0	0	0	0	0	0	0	0	0	0	0	0	0	0	0	0	0	0	0	0	0	0	0	0	0	0	0	0	0	0	0	0
0	0	0	0	0	0	0	0	0	0	0	0	0	0	0	0	0	0	0	0	0	0	0	0	0	0	0	0	0	0	0	0	0	0	0	0	0	0	0	0	0	0	0	0	0	0	0	0	0	0	0	0	0	0	0	0	0	0	0	0	0	0	0	0	0	0	0	0	0	0	0	0	0	0	0	0	0	0	0	0	0	0	0	0	0	0	0	0	0	0	0	0	0	0	0	0	0	0	0	0	0	0	0	0	0	0	0	0	0	0	0	0	0	0	0	0	0	0	0	0	0	0	0	0	0	0	0	0