0	0	0	0	0	0	0	0	0	0	0	0	0	0	0	0	0	0	0	0	0	0	0	0	0	0	0	0	0	0	0	0	0	0	0	0	0	0	0	0	0	0	0	0	0	0	0	0	0	0	0	0	0	0	0	0	0	0	0	0	0	0	0	0	0	0	0	0	0	0	0	0	0	0	0	0	0	0	0	0	0	0	0	0	0	0	0	0	0	0	0	0	0	0	0	0	0	0	0	0	0	0	0	0	0	0	0	0	0	0	0	0	0	0	0	0	0	0	0	0	0	0	0	0	0	0	0	0
0	0	0	0	0	0	0	0	0	0	0	0	0	0	0	0	0	0	0	0	0	0	0	0	0	0	0	0	0	0	0	0	0	0	0	0	0	0	0	0	0	0	0	0	0	0	0	0	0	0	0	0	0	0	0	0	0	0	0	0	0	0	0	0	0	0	0	0	0	0	0	0	0	0	0	0	0	0	0	0	0	0	0	0	0	0	0	0	0	0	0	0	0	0	0	0	0	0	0	0	0	0	0	0	0	0	0	0	0	0	0	0	0	0	0	0	0	0	0	0	0	0	0	0	0	0	0	0
0	0	0	0	0	0	0	0	0	0	0	0	0	0	0	0	0	0	0	0	0	0	0	0	0	0	0	0	0	0	0	0	0	0	0	0	0	0	0	0	0	0	0	0	0	0	0	0	0	0	0	0	1.19050000000000	2.38100000000000	2.38100000000000	2.38100000000000	2.38100000000000	2.38100000000000	2.38100000000000	2.38100000000000	2.38100000000000	2.38100000000000	1.19050000000000	0	0	0	0	0	0	0	1.19050000000000	2.38100000000000	26.1905000000000	50	50	50	26.1905000000000	2.38100000000000	1.19050000000000	0	0	0	0	0	0	0	0	0	0	0	0	0	0	0	0	0	0	0	0	0	0	0	0	0	0	0	0	0	0	0	0	0	0	0	0	0	0	0	0	0	0	0	0	0	0	0	0	0
0	0	0	0	0	0	0	0	0	0	0	0	0	0	0	0	0	0	0	0	0	0	0	0	0	0	0	0	0	0	0	0	0	0	0	0	0	0	0	0	0	0	0	0	0	0	0	0	0	0	0	0	2.38100000000000	4.76200000000000	4.76200000000000	4.76200000000000	4.76200000000000	4.76200000000000	4.76200000000000	4.76200000000000	4.76200000000000	4.76200000000000	2.38100000000000	0	0	0	0	0	0	0	2.38100000000000	4.76200000000000	52.3810000000000	100	100	100	52.3810000000000	4.76200000000000	2.38100000000000	0	0	0	0	0	0	0	0	0	0	0	0	0	0	0	0	0	0	0	0	0	0	0	0	0	0	0	0	0	0	0	0	0	0	0	0	0	0	0	0	0	0	0	0	0	0	0	0	0
0	0	0	0	0	0	0	0	0	0	0	0	0	0	0	0	0	0	0	0	0	0	0	0	0	0	0	0	0	0	0	0	0	0	0	0	0	0	0	0	0	0	0	0	0	0	0.226750000000000	0.453500000000000	25.2267500000000	50	50	50	51.1905000000000	52.3810000000000	52.3810000000000	52.3810000000000	52.3810000000000	52.3810000000000	52.3810000000000	52.3810000000000	52.3810000000000	52.3810000000000	51.1905000000000	50	36.9047500000000	23.8095000000000	11.9047500000000	0	25	50	51.1905000000000	52.3810000000000	76.1905000000000	100	100	100	76.1905000000000	52.3810000000000	51.1905000000000	50	27.3810000000000	4.76200000000000	2.38100000000000	0	0	0	0	0	0	0	0	0	0	0	0	0	0	0	0	0	0	0	0	0	0	0	0	0	0	0	0	0	0	0	0	0	0	0	0	0	0	0	0	0	0	0	0	0
0	0	0	0	0	0	0	0	0	0	0	0	0	0	0	0	0	0	0	0	0	0	0	0	0	0	0	0	0	0	0	0	0	0	0	0	0	0	0	0	0	0	0	0	0	0	0.453500000000000	0.907000000000000	50.4535000000000	100	100	100	100	100	100	100	100	100	100	100	100	100	100	100	73.8095000000000	47.6190000000000	23.8095000000000	0	50	100	100	100	100	100	100	100	100	100	100	100	54.7620000000000	9.52400000000000	4.76200000000000	0	0	0	0	0	0	0	0	0	0	0	0	0	0	0	0	0	0	0	0	0	0	0	0	0	0	0	0	0	0	0	0	0	0	0	0	0	0	0	0	0	0	0	0	0
0	0	0	0	0	0	0	0	0	0	0	0	0	0	0	0	0	0	0	0	0	0	0	0	0	0	0	0	0	0	0	0	0	0	0	0	0	0	0	0	0	0	0	0	25	50	50.2267500000000	50.4535000000000	75.2267500000000	100	100	100	100	100	100	100	100	100	100	100	100	100	100	100	75.6802500000000	51.3605000000000	50.6802500000000	50	75	100	100	100	100	100	100	100	96.7857500000000	93.5715000000000	96.7857500000000	100	77.3810000000000	54.7620000000000	31.9727500000000	9.18350000000000	4.59175000000000	0	0	0	0	0	0	0	0	0	0	0	0	0	0	0	0	0	0	0	0	0	0	0	0	0	0	0	0	0	0	0	0	0	0	0	0	0	0	0	0	0	0	0
0	0	0	0	0	0	0	0	0	0	0	0	0	0	0	0	0	0	0	0	0	0	0	0	0	0	0	0	0	0	0	0	0	0	0	0	0	0	0	0	0	0	0	0	50	100	100	100	100	100	100	100	100	100	100	100	100	100	100	100	100	100	100	100	77.5510000000000	55.1020000000000	77.5510000000000	100	100	100	100	100	100	100	100	100	93.5715000000000	87.1430000000000	93.5715000000000	100	100	100	59.1835000000000	18.3670000000000	9.18350000000000	0	0	0	0	0	0	0	0	0	0	0	0	0	0	0	0	0	0	0	0	0	0	0	0	0	0	0	0	0	0	0	0	0	0	0	0	0	0	0	0	0	0	0
0	0	0	0	0	0	0	0	0	0	0	0	0	0	0	0	0	0	0	0	0	0	0	0	0	0	0	0	0	0	0	0	0	0	0	0	0	0	0	0	0	0	25	50	75	100	100	100	100	100	100	100	94.6427500000000	89.2855000000000	72.1427500000000	55	55	55	55	55	77.5000000000000	100	100	100	88.7755000000000	77.5510000000000	88.7755000000000	100	100	100	100	100	100	100	96.7347500000000	93.4695000000000	71.0205000000000	48.5715000000000	71.0715000000000	93.5715000000000	96.7857500000000	100	79.5917500000000	59.1835000000000	54.5917500000000	50	50	50	25	0	0	0	0	0	0	0	0	0	0	0	0	0	0	0	0	0	0	0	0	0	0	0	0	0	0	0	0	0	0	0	0	0	0	0	0	0	0	0
0	0	0	0	0	0	0	0	0	0	0	0	0	0	0	0	0	0	0	0	0	0	0	0	0	0	0	0	0	0	0	0	0	0	0	0	0	0	0	0	0	0	50	100	100	100	100	100	100	100	100	100	89.2855000000000	78.5710000000000	44.2855000000000	10	10	10	10	10	55	100	100	100	100	100	100	100	100	100	100	100	100	100	93.4695000000000	86.9390000000000	48.4695000000000	10	48.5715000000000	87.1430000000000	93.5715000000000	100	100	100	100	100	100	100	50	0	0	0	0	0	0	0	0	0	0	0	0	0	0	0	0	0	0	0	0	0	0	0	0	0	0	0	0	0	0	0	0	0	0	0	0	0	0	0
0	0	0	0	0	0	0	0	0	0	0	0	0	0	0	0	0	0	0	0	0	0	0	0	0	0	0	0	0	0	0	0	0	0	0	0	0	0	5.38550000000000	10.7710000000000	30.3855000000000	50	75	100	100	100	100	100	100	100	100	100	72.1427500000000	44.2855000000000	27.1427500000000	10	10	10	32.5000000000000	55	77.5000000000000	100	100	100	100	100	100	100	100	100	100	100	100	100	79.5920000000000	59.1840000000000	34.5920000000000	10	51.7857500000000	93.5715000000000	96.7857500000000	100	100	100	100	100	100	100	75	50	25	0	0	0	0	0	0	0	0	0	0	0	0	0	0	0	0	0	0	0	0	0	0	0	0	0	0	0	0	0	0	0	0	0	0	0	0	0
0	0	0	0	0	0	0	0	0	0	0	0	0	0	0	0	0	0	0	0	0	0	0	0	0	0	0	0	0	0	0	0	0	0	0	0	0	0	10.7710000000000	21.5420000000000	60.7710000000000	100	100	100	100	100	100	100	100	100	100	100	55	10	10	10	10	10	55	100	100	100	100	100	100	100	100	100	100	100	100	100	100	100	65.7145000000000	31.4290000000000	20.7145000000000	10	55	100	100	100	100	100	100	100	100	100	100	100	50	0	0	0	0	0	0	0	0	0	0	0	0	0	0	0	0	0	0	0	0	0	0	0	0	0	0	0	0	0	0	0	0	0	0	0	0	0
0	0	0	0	0	0	0	0	0	0	0	0	0	0	0	0	0	0	0	0	0	0	0	0	0	0	0	0	0	0	0	0	0	0	0	0	6.12250000000000	12.2450000000000	36.5080000000000	60.7710000000000	80.3855000000000	100	100	100	100	100	77.5000000000000	55	55	55	77.5000000000000	100	55	10	10	10	10	10	48.5715000000000	87.1430000000000	93.5715000000000	100	100	100	100	100	100	100	100	100	100	100	100	100	60.3572500000000	20.7145000000000	15.3572500000000	10	55	100	100	100	100	100	77.5000000000000	55	77.5000000000000	100	100	100	75	50	32.1427500000000	14.2855000000000	7.14275000000000	0	0	0	0	0	0	0	0	0	0	0	0	0	0	0	0	0	0	0	0	0	0	0	0	0	0	0	0	0	0	0	0	0
0	0	0	0	0	0	0	0	0	0	0	0	0	0	0	0	0	0	0	0	0	0	0	0	0	0	0	0	0	0	0	0	0	0	0	0	12.2450000000000	24.4900000000000	62.2450000000000	100	100	100	100	100	100	100	55	10	10	10	55	100	55	10	10	10	10	10	42.1430000000000	74.2860000000000	87.1430000000000	100	100	100	100	100	100	100	100	100	100	100	100	100	55	10	10	10	55	100	100	100	100	100	55	10	55	100	100	100	100	100	64.2855000000000	28.5710000000000	14.2855000000000	0	0	0	0	0	0	0	0	0	0	0	0	0	0	0	0	0	0	0	0	0	0	0	0	0	0	0	0	0	0	0	0	0
0	0	0	0	0	0	0	0	0	0	0	0	0	0	0	0	0	0	0	0	0	0	0	0	0	0	0	0	0	0	0	0	0	0	0	0	31.1225000000000	62.2450000000000	81.1225000000000	100	100	100	77.5000000000000	55	70.3572500000000	85.7145000000000	70.3572500000000	55	32.5000000000000	10	32.5000000000000	55	32.5000000000000	10	10	10	10	10	26.0715000000000	42.1430000000000	66.7857500000000	91.4285000000000	95.7142500000000	100	100	100	100	100	100	100	100	100	100	100	55	10	10	10	55	100	100	100	92.8572500000000	85.7145000000000	47.8572500000000	10	55	100	100	100	100	100	82.1427500000000	64.2855000000000	53.1745000000000	42.0635000000000	21.0317500000000	0	0	0	0	0	0	0	0	0	0	0	0	0	0	0	0	0	0	0	0	0	0	0	0	0	0	0	0	0	0	0
0	0	0	0	0	0	0	0	0	0	0	0	0	0	0	0	0	0	0	0	0	0	0	0	0	0	0	0	0	0	0	0	0	0	0	0	50	100	100	100	100	100	55	10	40.7145000000000	71.4290000000000	85.7145000000000	100	55	10	10	10	10	10	10	10	10	10	10	10	46.4285000000000	82.8570000000000	91.4285000000000	100	100	100	100	100	100	100	100	100	100	100	55	10	10	10	55	100	100	100	85.7145000000000	71.4290000000000	40.7145000000000	10	55	100	100	100	100	100	100	100	92.0635000000000	84.1270000000000	42.0635000000000	0	0	0	0	0	0	0	0	0	0	0	0	0	0	0	0	0	0	0	0	0	0	0	0	0	0	0	0	0	0	0
0	0	0	0	0	0	0	0	0	0	0	0	0	0	0	0	0	0	0	0	0	0	0	0	0	0	0	0	0	0	0	0	0	0	22.0522500000000	44.1045000000000	72.0522500000000	100	100	100	100	100	63.5715000000000	27.1430000000000	33.9287500000000	40.7145000000000	47.8572500000000	55	32.5000000000000	10	10	10	10	10	10	10	32.5000000000000	55	55	55	73.2142500000000	91.4285000000000	95.7142500000000	100	100	100	100	100	100	100	100	100	100	100	55	10	10	10	46.4285000000000	82.8570000000000	82.8570000000000	82.8570000000000	61.7857500000000	40.7145000000000	25.3572500000000	10	46.4285000000000	82.8570000000000	70.2550000000000	57.6530000000000	78.8265000000000	100	93.0612500000000	86.1225000000000	89.0930000000000	92.0635000000000	52.8345000000000	13.6055000000000	6.80275000000000	0	0	0	0	0	0	0	0	0	0	0	0	0	0	0	0	0	0	0	0	0	0	0	0	0	0	0	0	0
0	0	0	0	0	0	0	0	0	0	0	0	0	0	0	0	0	0	0	0	0	0	0	0	0	0	0	0	0	0	0	0	0	0	44.1045000000000	88.2090000000000	94.1045000000000	100	100	100	100	100	72.1430000000000	44.2860000000000	27.1430000000000	10	10	10	10	10	10	10	10	10	10	10	55	100	100	100	100	100	100	100	100	100	100	100	100	100	100	100	100	100	55	10	10	10	37.8570000000000	65.7140000000000	65.7140000000000	65.7140000000000	37.8570000000000	10	10	10	37.8570000000000	65.7140000000000	40.5100000000000	15.3060000000000	57.6530000000000	100	86.1225000000000	72.2450000000000	86.1225000000000	100	63.6055000000000	27.2110000000000	13.6055000000000	0	0	0	0	0	0	0	0	0	0	0	0	0	0	0	0	0	0	0	0	0	0	0	0	0	0	0	0	0
0	0	0	0	0	0	0	0	0	0	0	0	0	0	0	0	0	0	0	0	0	0	0	0	0	0	0	0	0	0	0	0	8.16325000000000	16.3265000000000	55.2155000000000	94.1045000000000	97.0522500000000	100	100	100	100	100	86.0715000000000	72.1430000000000	62.9592500000000	53.7755000000000	31.8877500000000	10	10	10	10	10	10	10	23.3162500000000	36.6325000000000	68.3162500000000	100	100	100	100	100	100	100	100	100	100	100	77.5000000000000	55	63.5715000000000	72.1430000000000	63.5715000000000	55	32.5000000000000	10	10	10	23.9285000000000	37.8570000000000	37.8570000000000	37.8570000000000	23.9285000000000	10	10	10	23.9285000000000	37.8570000000000	25.2550000000000	12.6530000000000	33.8265000000000	55	52.3470000000000	49.6940000000000	74.8470000000000	100	81.8027500000000	63.6055000000000	31.8027500000000	0	0	0	0	0	0	0	0	0	0	0	0	0	0	0	0	0	0	0	0	0	0	0	0	0	0	0	0	0
0	0	0	0	0	0	0	0	0	0	0	0	0	0	0	0	0	0	0	0	0	0	0	0	0	0	0	0	0	0	0	0	16.3265000000000	32.6530000000000	66.3265000000000	100	100	100	100	100	100	100	100	100	98.7755000000000	97.5510000000000	53.7755000000000	10	10	10	10	10	10	10	36.6325000000000	63.2650000000000	81.6325000000000	100	100	100	100	100	100	100	100	100	100	100	55	10	27.1430000000000	44.2860000000000	27.1430000000000	10	10	10	10	10	10	10	10	10	10	10	10	10	10	10	10	10	10	10	18.5715000000000	27.1430000000000	63.5715000000000	100	100	100	50	0	0	0	0	0	0	0	0	0	0	0	0	0	0	0	0	0	0	0	0	0	0	0	0	0	0	0	0	0
0	0	0	0	0	0	0	0	0	0	0	0	0	0	0	0	0	0	0	0	0	0	0	0	0	0	0	0	0	0	0	0	33.1632500000000	66.3265000000000	83.1632500000000	100	100	100	100	100	100	100	100	100	99.3877500000000	98.7755000000000	74.7450000000000	50.7145000000000	30.3572500000000	10	10	10	10	10	38.1632500000000	66.3265000000000	83.1632500000000	100	89.2857500000000	78.5715000000000	66.7857500000000	55	71.3265000000000	87.6530000000000	93.8265000000000	100	100	100	77.5000000000000	55	63.5715000000000	72.1430000000000	44.1327500000000	16.1225000000000	13.0612500000000	10	10	10	10	10	10	10	10	10	10	10	10	10	19.6940000000000	29.3880000000000	19.6940000000000	10	18.5715000000000	27.1430000000000	63.5715000000000	100	100	100	57.9365000000000	15.8730000000000	7.93650000000000	0	0	0	0	0	0	0	0	0	0	0	0	0	0	0	0	0	0	0	0	0	0	0	0	0	0	0
0	0	0	0	0	0	0	0	0	0	0	0	0	0	0	0	0	0	0	0	0	0	0	0	0	0	0	0	0	0	0	0	50	100	100	100	100	100	100	100	100	100	100	100	100	100	95.7145000000000	91.4290000000000	50.7145000000000	10	10	10	10	10	39.6940000000000	69.3880000000000	84.6940000000000	100	78.5715000000000	57.1430000000000	33.5715000000000	10	42.6530000000000	75.3060000000000	87.6530000000000	100	100	100	100	100	100	100	61.1225000000000	22.2450000000000	16.1225000000000	10	10	10	10	10	10	10	10	10	10	10	10	10	29.3880000000000	48.7760000000000	29.3880000000000	10	18.5715000000000	27.1430000000000	63.5715000000000	100	100	100	65.8730000000000	31.7460000000000	15.8730000000000	0	0	0	0	0	0	0	0	0	0	0	0	0	0	0	0	0	0	0	0	0	0	0	0	0	0	0
0	0	0	0	0	0	0	0	0	0	0	0	0	0	0	0	0	0	0	0	0	0	0	0	0	0	0	0	0	0	17.8572500000000	35.7145000000000	67.8572500000000	100	100	100	100	100	100	100	100	100	100	100	100	100	95.7145000000000	91.4290000000000	50.7145000000000	10	10	10	10	10	24.8470000000000	39.6940000000000	47.3470000000000	55	44.2857500000000	33.5715000000000	38.1632500000000	42.7550000000000	65.2040000000000	87.6530000000000	93.8265000000000	100	100	100	100	100	100	100	80.5612500000000	61.1225000000000	58.0612500000000	55	32.5000000000000	10	10	10	10	10	10	10	10	10	32.5000000000000	55	62.5512500000000	70.1025000000000	40.0512500000000	10	18.5715000000000	27.1430000000000	63.5715000000000	100	100	100	74.6032500000000	49.2065000000000	24.6032500000000	0	0	0	0	0	0	0	0	0	0	0	0	0	0	0	0	0	0	0	0	0	0	0	0	0	0	0
0	0	0	0	0	0	0	0	0	0	0	0	0	0	0	0	0	0	0	0	0	0	0	0	0	0	0	0	0	0	35.7145000000000	71.4290000000000	85.7145000000000	100	100	100	100	100	100	100	100	100	100	100	100	100	95.7145000000000	91.4290000000000	50.7145000000000	10	10	10	10	10	10	10	10	10	10	10	42.7550000000000	75.5100000000000	87.7550000000000	100	100	100	100	100	100	100	100	100	100	100	100	100	55	10	10	10	10	10	10	10	10	10	55	100	95.7145000000000	91.4290000000000	50.7145000000000	10	18.5715000000000	27.1430000000000	63.5715000000000	100	100	100	83.3335000000000	66.6670000000000	33.3335000000000	0	0	0	0	0	0	0	0	0	0	0	0	0	0	0	0	0	0	0	0	0	0	0	0	0	0	0
0	0	0	0	0	0	0	0	0	0	0	0	0	0	0	0	0	0	0	0	0	0	0	0	0	0	0	0	0	0	42.8572500000000	85.7145000000000	92.8572500000000	100	77.5000000000000	55	55	55	63.7245000000000	72.4490000000000	86.2245000000000	100	77.5000000000000	55	55	55	52.8572500000000	50.7145000000000	30.3572500000000	10	10	10	10	10	10	10	32.5000000000000	55	55	55	71.3775000000000	87.7550000000000	93.8775000000000	100	100	100	100	100	100	100	100	100	100	100	100	100	55	10	10	10	10	10	10	10	10	10	55	100	96.9390000000000	93.8780000000000	53.7757500000000	13.6735000000000	38.6225000000000	63.5715000000000	81.7857500000000	100	100	100	91.6667500000000	83.3335000000000	41.6667500000000	0	0	0	0	0	0	0	0	0	0	0	0	0	0	0	0	0	0	0	0	0	0	0	0	0	0	0
0	0	0	0	0	0	0	0	0	0	0	0	0	0	0	0	0	0	0	0	0	0	0	0	0	0	0	0	0	0	50	100	100	100	55	10	10	10	27.4490000000000	44.8980000000000	72.4490000000000	100	55	10	10	10	10	10	10	10	10	10	10	10	10	10	55	100	100	100	100	100	100	100	100	100	100	100	100	100	100	100	100	100	100	100	55	10	10	10	10	10	10	10	10	10	55	100	98.1635000000000	96.3270000000000	56.8370000000000	17.3470000000000	58.6735000000000	100	100	100	100	100	100	100	50	0	0	0	0	0	0	0	0	0	0	0	0	0	0	0	0	0	0	0	0	0	0	0	0	0	0	0
0	0	0	0	0	0	0	0	0	0	0	0	0	0	0	0	0	0	0	0	0	0	0	0	0	0	0	0	0	0	50	100	100	100	77.5000000000000	55	47.6530000000000	40.3060000000000	33.8775000000000	27.4490000000000	41.2245000000000	55	32.5000000000000	10	10	10	10	10	10	10	10	10	10	10	10	10	41.0715000000000	72.1430000000000	72.1430000000000	72.1430000000000	86.0715000000000	100	100	100	100	100	100	100	86.0715000000000	72.1430000000000	63.5715000000000	55	55	55	63.5715000000000	72.1430000000000	41.0715000000000	10	10	10	10	10	10	10	10	10	55	100	99.0817500000000	98.1635000000000	78.4185000000000	58.6735000000000	79.3367500000000	100	100	100	100	100	100	100	75	50	25	0	0	0	0	0	0	0	0	0	0	0	0	0	0	0	0	0	0	0	0	0	0	0	0	0
0	0	0	0	0	0	0	0	0	0	0	0	0	0	0	0	0	0	0	0	0	0	0	0	0	0	0	0	0	0	50	100	100	100	100	100	85.3060000000000	70.6120000000000	40.3060000000000	10	10	10	10	10	10	10	10	10	10	10	10	10	10	10	10	10	27.1430000000000	44.2860000000000	44.2860000000000	44.2860000000000	72.1430000000000	100	100	100	100	100	100	100	72.1430000000000	44.2860000000000	27.1430000000000	10	10	10	27.1430000000000	44.2860000000000	27.1430000000000	10	10	10	10	10	10	10	10	10	55	100	100	100	100	100	100	100	100	100	100	100	100	100	100	100	50	0	0	0	0	0	0	0	0	0	0	0	0	0	0	0	0	0	0	0	0	0	0	0	0	0
0	0	0	0	0	0	0	0	0	0	0	0	0	0	0	0	0	0	0	0	0	0	0	0	0	0	0	0	25	50	75	100	100	100	100	100	79.7957500000000	59.5915000000000	34.7957500000000	10	10	10	10	10	10	10	10	10	10	10	10	10	10	10	10	10	18.5715000000000	27.1430000000000	27.1430000000000	27.1430000000000	41.0715000000000	55	69.6427500000000	84.2855000000000	76.7855000000000	69.2855000000000	84.6427500000000	100	86.0715000000000	72.1430000000000	41.0715000000000	10	10	10	18.5715000000000	27.1430000000000	18.5715000000000	10	10	10	10	10	10	10	10	10	32.5000000000000	55	55	55	55	55	55	55	55	55	62.5000000000000	70	85	100	100	100	50	0	0	0	0	0	0	0	0	0	0	0	0	0	0	0	0	0	0	0	0	0	0	0	0	0
0	0	0	0	0	0	0	0	0	0	0	0	0	0	0	0	0	0	0	0	0	0	0	0	0	0	0	0	50	100	100	100	100	100	100	100	74.2855000000000	48.5710000000000	29.2855000000000	10	10	10	10	10	10	10	10	10	10	10	10	10	10	10	10	10	10	10	10	10	10	10	39.2855000000000	68.5710000000000	53.5710000000000	38.5710000000000	69.2855000000000	100	100	100	55	10	10	10	10	10	10	10	10	10	10	10	10	10	10	10	10	10	10	10	10	10	10	10	10	10	25	40	70	100	100	100	50	0	0	0	0	0	0	0	0	0	0	0	0	0	0	0	0	0	0	0	0	0	0	0	0	0
0	0	0	0	0	0	0	0	0	0	0	0	0	0	0	0	0	0	0	0	0	0	0	0	0	0	22.2790000000000	44.5580000000000	72.2790000000000	100	100	100	77.5000000000000	55	55	55	42.1427500000000	29.2855000000000	19.6427500000000	10	10	10	10	10	10	10	10	10	10	10	10	10	7.50000000000000	5	5.20400000000000	5.40800000000000	7.70400000000000	10	10	10	10	10	24.6427500000000	39.2855000000000	31.7855000000000	24.2855000000000	43.3162500000000	62.3470000000000	65.1020000000000	67.8570000000000	38.9285000000000	10	10	10	10	10	10	10	9.74500000000000	9.49000000000000	9.74500000000000	10	10	10	10	10	10	10	10	10	12.2960000000000	14.5920000000000	28.3675000000000	42.1430000000000	42.1430000000000	42.1430000000000	33.5715000000000	25	58.2142500000000	91.4285000000000	95.7142500000000	100	64.2857500000000	28.5715000000000	14.2857500000000	0	0	0	0	0	0	0	0	0	0	0	0	0	0	0	0	0	0	0	0	0	0	0
0	0	0	0	0	0	0	0	0	0	0	0	0	0	0	0	0	0	0	0	0	0	0	0	0	0	44.5580000000000	89.1160000000000	94.5580000000000	100	100	100	55	10	10	10	10	10	10	10	10	10	10	10	10	10	10	10	10	10	10	10	5	0	0.408000000000000	0.816000000000000	5.40800000000000	10	10	10	10	10	10	10	10	10	17.3470000000000	24.6940000000000	30.2040000000000	35.7140000000000	22.8570000000000	10	10	10	10	10	10	10	9.49000000000000	8.98000000000000	9.49000000000000	10	10	10	10	10	10	10	10	10	14.5920000000000	19.1840000000000	46.7350000000000	74.2860000000000	74.2860000000000	74.2860000000000	42.1430000000000	10	46.4285000000000	82.8570000000000	91.4285000000000	100	78.5715000000000	57.1430000000000	28.5715000000000	0	0	0	0	0	0	0	0	0	0	0	0	0	0	0	0	0	0	0	0	0	0	0
0	0	0	0	0	0	0	0	0	0	0	0	0	0	0	0	0	0	0	0	0	0	0	0	0	0	47.2790000000000	94.5580000000000	97.2790000000000	100	100	100	77.5000000000000	55	55	55	32.5000000000000	10	10	10	32.5000000000000	55	55	55	55	55	54.4897500000000	53.9795000000000	31.9897500000000	10	10	10	5	0	0.204000000000000	0.408000000000000	2.90250000000000	5.39700000000000	7.69850000000000	10	10	10	10	10	10	10	13.6735000000000	17.3470000000000	20.1020000000000	22.8570000000000	16.4285000000000	10	10	10	10	10	7.50000000000000	5	4.74500000000000	4.49000000000000	7.24500000000000	10	10	10	27.1427500000000	44.2855000000000	27.1427500000000	10	10	10	34.7960000000000	59.5920000000000	73.3675000000000	87.1430000000000	87.1430000000000	87.1430000000000	71.0715000000000	55	73.2142500000000	91.4285000000000	95.7142500000000	100	67.6870000000000	35.3740000000000	17.6870000000000	0	0	0	0	0	0	0	0	0	0	0	0	0	0	0	0	0	0	0	0	0	0	0
0	0	0	0	0	0	0	0	0	0	0	0	0	0	0	0	0	0	0	0	0	0	0	0	0	0	50	100	100	100	100	100	100	100	100	100	55	10	10	10	55	100	100	100	100	100	98.9795000000000	97.9590000000000	53.9795000000000	10	10	10	5	0	0	0	0.397000000000000	0.794000000000000	5.39700000000000	10	10	10	10	10	10	10	10	10	10	10	10	10	10	10	10	10	5	0	0	0	5	10	10	10	44.2855000000000	78.5710000000000	44.2855000000000	10	10	10	55	100	100	100	100	100	100	100	100	100	100	100	56.8025000000000	13.6050000000000	6.80250000000000	0	0	0	0	0	0	0	0	0	0	0	0	0	0	0	0	0	0	0	0	0	0	0
0	0	0	0	0	0	0	0	0	0	0	0	0	0	0	0	0	0	0	0	0	0	0	0	0	0	50	100	100	100	100	100	86.1225000000000	72.2450000000000	63.6225000000000	55	32.5000000000000	10	13.8775000000000	17.7550000000000	58.8775000000000	100	100	100	100	100	99.4897500000000	98.9795000000000	54.4897500000000	10	10	10	7.50000000000000	5	2.50000000000000	0	0.198500000000000	0.397000000000000	2.88000000000000	5.36300000000000	7.68150000000000	10	10	10	10	10	10	10	10	10	10	10	10	10	7.61350000000000	5.22700000000000	2.61350000000000	0	0	0	5	10	27.3470000000000	44.6940000000000	66.9897500000000	89.2855000000000	49.6427500000000	10	10	10	32.5000000000000	55	55	55	77.5000000000000	100	100	100	100	100	100	100	64.9660000000000	29.9320000000000	14.9660000000000	0	0	0	0	0	0	0	0	0	0	0	0	0	0	0	0	0	0	0	0	0	0	0
0	0	0	0	0	0	0	0	0	0	0	0	0	0	0	0	0	0	0	0	0	0	0	0	0	0	50	100	100	100	100	100	72.2450000000000	44.4900000000000	27.2450000000000	10	10	10	17.7550000000000	25.5100000000000	62.7550000000000	100	100	100	100	100	100	100	55	10	10	10	10	10	5	0	0	0	0.363000000000000	0.726000000000000	5.36300000000000	10	10	10	10	10	10	10	10	10	10	10	10	10	5.22700000000000	0.454000000000000	0.227000000000000	0	0	0	5	10	44.6940000000000	79.3880000000000	89.6940000000000	100	55	10	10	10	10	10	10	10	55	100	100	100	100	100	100	100	73.1295000000000	46.2590000000000	23.1295000000000	0	0	0	0	0	0	0	0	0	0	0	0	0	0	0	0	0	0	0	0	0	0	0
0	0	0	0	0	0	0	0	0	0	0	0	0	0	0	0	0	0	0	0	0	0	0	0	0	0	50	100	100	100	100	100	63.6225000000000	27.2450000000000	18.6225000000000	10	10	10	13.8775000000000	17.7550000000000	57.8060000000000	97.8570000000000	98.9285000000000	100	100	100	100	100	55	10	10	10	15.3572500000000	20.7145000000000	31.7857500000000	42.8570000000000	21.4285000000000	0	0.181500000000000	0.363000000000000	2.68150000000000	5	5	5	5.35725000000000	5.71450000000000	7.85725000000000	10	10	10	7.61900000000000	5.23800000000000	5.11900000000000	5	2.61350000000000	0.227000000000000	0.113500000000000	0	1.83675000000000	3.67350000000000	6.83675000000000	10	48.7755000000000	87.5510000000000	93.7755000000000	100	76.4285000000000	52.8570000000000	31.4285000000000	10	10	10	10	10	32.5000000000000	55	55	55	55	55	77.5000000000000	100	86.5647500000000	73.1295000000000	36.5647500000000	0	0	0	0	0	0	0	0	0	0	0	0	0	0	0	0	0	0	0	0	0	0	0
0	0	0	0	0	0	0	0	0	0	0	0	0	0	0	0	0	0	0	0	0	0	0	0	0	0	50	100	100	100	100	100	55	10	10	10	10	10	10	10	52.8570000000000	95.7140000000000	97.8570000000000	100	100	100	100	100	55	10	10	10	20.7145000000000	31.4290000000000	58.5715000000000	85.7140000000000	42.8570000000000	0	0	0	0	0	0	0	0.714500000000000	1.42900000000000	5.71450000000000	10	10	10	5.23800000000000	0.476000000000000	0.238000000000000	0	0	0	0	0	3.67350000000000	7.34700000000000	8.67350000000000	10	52.8570000000000	95.7140000000000	97.8570000000000	100	97.8570000000000	95.7140000000000	52.8570000000000	10	10	10	10	10	10	10	10	10	10	10	55	100	100	100	50	0	0	0	0	0	0	0	0	0	0	0	0	0	0	0	0	0	0	0	0	0	0	0
0	0	0	0	0	0	0	0	0	0	0	0	0	0	0	0	0	0	0	0	0	0	0	0	0	0	50	100	100	100	100	100	77.5000000000000	55	55	55	55	55	34.4387500000000	13.8775000000000	33.3672500000000	52.8570000000000	76.4285000000000	100	100	100	100	100	55	10	10	10	20.7145000000000	31.4290000000000	62.1430000000000	92.8570000000000	70.6347500000000	48.4125000000000	24.2062500000000	0	0	0	0	0	0.357250000000000	0.714500000000000	2.85725000000000	5	5	5	2.61900000000000	0.238000000000000	0.119000000000000	0	17.2335000000000	34.4670000000000	41.7800000000000	49.0930000000000	32.0975000000000	15.1020000000000	12.5510000000000	10	52.8570000000000	95.7140000000000	97.8570000000000	100	98.9285000000000	97.8570000000000	53.9285000000000	10	10	10	30.3572500000000	50.7145000000000	52.8572500000000	55	54.3877500000000	53.7755000000000	54.3877500000000	55	77.5000000000000	100	100	100	50	0	0	0	0	0	0	0	0	0	0	0	0	0	0	0	0	0	0	0	0	0	0	0
0	0	0	0	0	0	0	0	0	0	0	0	0	0	0	0	0	0	0	0	0	0	0	0	0	0	50	100	100	100	100	100	100	100	100	100	100	100	58.8775000000000	17.7550000000000	13.8775000000000	10	55	100	100	100	100	100	55	10	10	10	20.7145000000000	31.4290000000000	65.7145000000000	100	98.4125000000000	96.8250000000000	48.4125000000000	0	0	0	0	0	0	0	0	0	0	0	0	0	0	0	34.4670000000000	68.9340000000000	83.5600000000000	98.1860000000000	60.5215000000000	22.8570000000000	16.4285000000000	10	52.8570000000000	95.7140000000000	97.8570000000000	100	100	100	55	10	10	10	50.7145000000000	91.4290000000000	95.7145000000000	100	98.7755000000000	97.5510000000000	98.7755000000000	100	100	100	100	100	50	0	0	0	0	0	0	0	0	0	0	0	0	0	0	0	0	0	0	0	0	0	0	0
0	0	0	0	0	0	0	0	0	0	0	0	0	0	0	0	0	0	0	0	0	0	0	0	0	0	50	100	100	100	100	100	100	100	100	100	100	100	57.0407500000000	14.0815000000000	12.0407500000000	10	55	100	100	100	100	100	55	10	10	10	20.7145000000000	31.4290000000000	65.7145000000000	100	99.2062500000000	98.4125000000000	73.7527500000000	49.0930000000000	24.5465000000000	0	0	0	0	0	0	0	0	0	15.8730000000000	31.7460000000000	40.8730000000000	50	67.2335000000000	84.4670000000000	91.7800000000000	99.0930000000000	57.9137500000000	16.7345000000000	13.3672500000000	10	32.4490000000000	54.8980000000000	77.4490000000000	100	100	100	74.3877500000000	48.7755000000000	51.8877500000000	55	75.3572500000000	95.7145000000000	97.8572500000000	100	99.3877500000000	98.7755000000000	99.3877500000000	100	100	100	100	100	50	0	0	0	0	0	0	0	0	0	0	0	0	0	0	0	0	0	0	0	0	0	0	0
0	0	0	0	0	0	0	0	0	0	0	0	0	0	0	0	0	0	0	0	0	0	0	0	0	0	50	100	100	100	100	100	100	100	100	100	100	100	55.2040000000000	10.4080000000000	10.2040000000000	10	55	100	100	100	100	100	55	10	10	10	20.7145000000000	31.4290000000000	65.7145000000000	100	100	100	99.0930000000000	98.1860000000000	49.0930000000000	0	0	0	0	0	0	0	0	0	31.7460000000000	63.4920000000000	81.7460000000000	100	100	100	100	100	55.3060000000000	10.6120000000000	10.3060000000000	10	12.0410000000000	14.0820000000000	57.0410000000000	100	100	100	93.7755000000000	87.5510000000000	93.7755000000000	100	100	100	100	100	100	100	100	100	100	100	100	100	50	0	0	0	0	0	0	0	0	0	0	0	0	0	0	0	0	0	0	0	0	0	0	0
0	0	0	0	0	0	0	0	0	0	0	0	0	0	0	0	0	0	0	0	0	0	0	0	0	0	50	100	100	100	100	100	77.5000000000000	55	55	55	55	55	32.6020000000000	10.2040000000000	31.5305000000000	52.8570000000000	76.4285000000000	100	100	100	100	100	55	10	32.5000000000000	55	37.8572500000000	20.7145000000000	37.8572500000000	55	77.5000000000000	100	99.5465000000000	99.0930000000000	74.5465000000000	50	25	0	0	0	0	0	0	0	40.8730000000000	81.7460000000000	90.8730000000000	100	100	100	100	100	55.1530000000000	10.3060000000000	10.1530000000000	10	11.0205000000000	12.0410000000000	56.0205000000000	100	100	100	96.8877500000000	93.7755000000000	96.8877500000000	100	100	100	100	100	100	100	100	100	100	100	100	100	50	0	0	0	0	0	0	0	0	0	0	0	0	0	0	0	0	0	0	0	0	0	0	0
0	0	0	0	0	0	0	0	0	0	0	0	0	0	0	0	0	0	0	0	0	0	0	0	0	0	50	100	100	100	100	100	55	10	10	10	10	10	10	10	52.8570000000000	95.7140000000000	97.8570000000000	100	100	100	100	100	55	10	55	100	55	10	10	10	55	100	100	100	100	100	50	0	0	0	0	0	0	0	50	100	100	100	100	100	100	100	55	10	10	10	10	10	55	100	100	100	100	100	100	100	100	100	100	100	100	100	100	100	100	100	100	100	50	0	0	0	0	0	0	0	0	0	0	0	0	0	0	0	0	0	0	0	0	0	0	0
0	0	0	0	0	0	0	0	0	0	0	0	0	0	0	0	0	0	0	0	0	0	0	0	0	0	50	100	100	100	100	100	77.5000000000000	55	55	55	32.6530000000000	10.3060000000000	10.1530000000000	10	53.9285000000000	97.8570000000000	98.9285000000000	100	100	100	100	100	59.1327500000000	18.2655000000000	59.1327500000000	100	72.3980000000000	44.7960000000000	27.3980000000000	10	40	70	85	100	100	100	50	0	0	0	0	0	0	0	50	100	100	100	82.6020000000000	65.2040000000000	60.1020000000000	55	55	55	35.6122500000000	16.2245000000000	13.1122500000000	10	53.9285000000000	97.8570000000000	98.9285000000000	100	100	100	100	100	100	100	100	100	98.9285000000000	97.8570000000000	76.4285000000000	55	64.2347500000000	73.4695000000000	86.7347500000000	100	63.0952500000000	26.1905000000000	13.0952500000000	0	0	0	0	0	0	0	0	0	0	0	0	0	0	0	0	0	0	0	0	0
0	0	0	0	0	0	0	0	0	0	0	0	0	0	0	0	0	0	0	0	0	0	0	0	0	0	50	100	100	100	100	100	100	100	100	100	55.3060000000000	10.6120000000000	10.3060000000000	10	55	100	100	100	100	100	100	100	63.2655000000000	26.5310000000000	63.2655000000000	100	89.7960000000000	79.5920000000000	44.7960000000000	10	25	40	70	100	100	100	50	0	0	0	0	0	0	0	50	100	100	100	65.2040000000000	30.4080000000000	20.2040000000000	10	55	100	61.2245000000000	22.4490000000000	16.2245000000000	10	52.8570000000000	95.7140000000000	97.8570000000000	100	100	100	100	100	100	100	100	100	97.8570000000000	95.7140000000000	52.8570000000000	10	28.4695000000000	46.9390000000000	73.4695000000000	100	76.1905000000000	52.3810000000000	26.1905000000000	0	0	0	0	0	0	0	0	0	0	0	0	0	0	0	0	0	0	0	0	0
0	0	0	0	0	0	0	0	0	0	0	0	0	0	0	0	0	0	0	0	0	0	0	0	14.2857500000000	28.5715000000000	64.2857500000000	100	100	100	100	100	100	100	100	100	58.3672500000000	16.7345000000000	13.3672500000000	10	55	100	100	100	100	100	95.9182500000000	91.8365000000000	77.5510000000000	63.2655000000000	81.6327500000000	100	94.8980000000000	89.7960000000000	51.4285000000000	13.0610000000000	19.0305000000000	25	62.5000000000000	100	100	100	50	0	0	0	0	0	0	0	49.2062500000000	98.4125000000000	99.2062500000000	100	60.1020000000000	20.2040000000000	15.1020000000000	10	55	100	80.6122500000000	61.2245000000000	35.6122500000000	10	33.5712500000000	57.1425000000000	78.5712500000000	100	100	100	97.8572500000000	95.7145000000000	95.7145000000000	95.7145000000000	75.3572500000000	55	53.9285000000000	52.8570000000000	40.3570000000000	27.8570000000000	50.6632500000000	73.4695000000000	86.7347500000000	100	76.1905000000000	52.3810000000000	26.1905000000000	0	0	0	0	0	0	0	0	0	0	0	0	0	0	0	0	0	0	0	0	0
0	0	0	0	0	0	0	0	0	0	0	0	0	0	0	0	0	0	0	0	0	0	0	0	28.5715000000000	57.1430000000000	78.5715000000000	100	100	100	100	100	100	100	100	100	61.4285000000000	22.8570000000000	16.4285000000000	10	55	100	100	100	100	100	91.8365000000000	83.6730000000000	91.8365000000000	100	100	100	100	100	58.0610000000000	16.1220000000000	13.0610000000000	10	55	100	100	100	50	0	0	0	0	0	0	0	48.4125000000000	96.8250000000000	98.4125000000000	100	55	10	10	10	55	100	100	100	55	10	14.2855000000000	18.5710000000000	59.2855000000000	100	100	100	95.7145000000000	91.4290000000000	91.4290000000000	91.4290000000000	50.7145000000000	10	10	10	27.8570000000000	45.7140000000000	72.8570000000000	100	100	100	76.1905000000000	52.3810000000000	26.1905000000000	0	0	0	0	0	0	0	0	0	0	0	0	0	0	0	0	0	0	0	0	0
0	0	0	0	0	0	0	0	0	0	0	0	0	0	0	0	0	0	0	0	0	0	0	0	28.5715000000000	57.1430000000000	78.5715000000000	100	100	100	100	100	100	100	81.1735000000000	62.3470000000000	39.3877500000000	16.4285000000000	16.1225000000000	15.8165000000000	57.9082500000000	100	100	100	100	100	73.4182500000000	46.8365000000000	73.4182500000000	100	100	100	100	100	56.5305000000000	13.0610000000000	11.5305000000000	10	41.0715000000000	72.1430000000000	61.0715000000000	50	25	0	0	0	0	0	0	0	24.2062500000000	48.4125000000000	58.1347500000000	67.8570000000000	38.9285000000000	10	28.2142500000000	46.4285000000000	73.2142500000000	100	100	100	56.0715000000000	12.1430000000000	35.7142500000000	59.2855000000000	79.6427500000000	100	98.1632500000000	96.3265000000000	76.2755000000000	56.2245000000000	53.4695000000000	50.7145000000000	30.3572500000000	10	18.7245000000000	27.4490000000000	50.1530000000000	72.8570000000000	86.4285000000000	100	100	100	76.1905000000000	52.3810000000000	26.1905000000000	0	0	0	0	0	0	0	0	0	0	0	0	0	0	0	0	0	0	0	0	0
0	0	0	0	0	0	0	0	0	0	0	0	0	0	0	0	0	0	0	0	0	0	0	0	28.5715000000000	57.1430000000000	78.5715000000000	100	100	100	100	100	100	100	62.3470000000000	24.6940000000000	17.3470000000000	10	15.8165000000000	21.6330000000000	60.8165000000000	100	100	100	100	100	55	10	55	100	100	100	100	100	55	10	10	10	27.1430000000000	44.2860000000000	22.1430000000000	0	0	0	0	0	0	0	0	0	0	0	17.8570000000000	35.7140000000000	22.8570000000000	10	46.4285000000000	82.8570000000000	91.4285000000000	100	100	100	57.1430000000000	14.2860000000000	57.1430000000000	100	100	100	96.3265000000000	92.6530000000000	56.8365000000000	21.0200000000000	15.5100000000000	10	10	10	27.4490000000000	44.8980000000000	72.4490000000000	100	100	100	100	100	76.1905000000000	52.3810000000000	26.1905000000000	0	0	0	0	0	0	0	0	0	0	0	0	0	0	0	0	0	0	0	0	0
0	0	0	0	0	0	0	0	0	0	0	0	0	0	0	0	0	0	0	0	0	0	0	0	39.2857500000000	78.5715000000000	89.2857500000000	100	100	100	100	100	86.1225000000000	72.2450000000000	44.7960000000000	17.3470000000000	13.6735000000000	10	35.4082500000000	60.8165000000000	80.4082500000000	100	100	100	100	100	55.4082500000000	10.8165000000000	55.4082500000000	100	100	100	100	100	55	10	10	10	18.5715000000000	27.1430000000000	13.5715000000000	0	0	0	0.249500000000000	0.499000000000000	0.249500000000000	0	0	0	0	0	11.4285000000000	22.8570000000000	16.4285000000000	10	46.4285000000000	82.8570000000000	91.4285000000000	100	100	100	57.1430000000000	14.2860000000000	34.6430000000000	55	77.5000000000000	100	98.1632500000000	96.3265000000000	78.4182500000000	60.5100000000000	53.4692500000000	46.4285000000000	28.2142500000000	10	41.2245000000000	72.4490000000000	86.2245000000000	100	100	100	100	100	88.0952500000000	76.1905000000000	38.0952500000000	0	0	0	0	0	0	0	0	0	0	0	0	0	0	0	0	0	0	0	0	0
0	0	0	0	0	0	0	0	0	0	0	0	0	0	0	0	0	0	0	0	0	0	0	0	50	100	100	100	100	100	100	100	72.2450000000000	44.4900000000000	27.2450000000000	10	10	10	55	100	100	100	100	100	100	100	55.8165000000000	11.6330000000000	55.8165000000000	100	100	100	100	100	55	10	10	10	10	10	5	0	0	0	0.499000000000000	0.998000000000000	0.499000000000000	0	0	0	0	0	5	10	10	10	46.4285000000000	82.8570000000000	91.4285000000000	100	100	100	57.1430000000000	14.2860000000000	12.1430000000000	10	55	100	100	100	100	100	91.4285000000000	82.8570000000000	46.4285000000000	10	55	100	100	100	100	100	100	100	100	100	50	0	0	0	0	0	0	0	0	0	0	0	0	0	0	0	0	0	0	0	0	0
0	0	0	0	0	0	0	0	0	0	0	0	0	0	0	0	0	0	0	0	0	0	0	0	50	100	100	100	100	100	100	100	86.1225000000000	72.2450000000000	63.6225000000000	55	40.3060000000000	25.6120000000000	62.8060000000000	100	100	100	100	100	98.9285000000000	97.8570000000000	56.4795000000000	15.1020000000000	57.5510000000000	100	100	100	94.6427500000000	89.2855000000000	49.6427500000000	10	10	10	10	10	6.68375000000000	3.36750000000000	2.27900000000000	1.19050000000000	3.34475000000000	5.49900000000000	4.16100000000000	2.82300000000000	1.41150000000000	0	0.396750000000000	0.793500000000000	5.39675000000000	10	10	10	28.2142500000000	46.4285000000000	73.2142500000000	100	100	100	78.5715000000000	57.1430000000000	33.5715000000000	10	55	100	100	100	100	100	92.4490000000000	84.8980000000000	47.4490000000000	10	49.6427500000000	89.2855000000000	72.1427500000000	55	66.8877500000000	78.7755000000000	89.3877500000000	100	100	100	50	0	0	0	0	0	0	0	0	0	0	0	0	0	0	0	0	0	0	0	0	0
0	0	0	0	0	0	0	0	0	0	0	0	0	0	0	0	0	0	0	0	0	0	0	0	50	100	100	100	100	100	100	100	100	100	100	100	70.6120000000000	41.2240000000000	70.6120000000000	100	100	100	100	100	97.8570000000000	95.7140000000000	57.1425000000000	18.5710000000000	59.2855000000000	100	100	100	89.2855000000000	78.5710000000000	44.2855000000000	10	10	10	10	10	8.36750000000000	6.73500000000000	4.55800000000000	2.38100000000000	6.19050000000000	10	7.82300000000000	5.64600000000000	2.82300000000000	0	0.793500000000000	1.58700000000000	5.79350000000000	10	10	10	10	10	55	100	100	100	100	100	55	10	55	100	100	100	100	100	93.4695000000000	86.9390000000000	48.4695000000000	10	44.2855000000000	78.5710000000000	44.2855000000000	10	33.7755000000000	57.5510000000000	78.7755000000000	100	100	100	50	0	0	0	0	0	0	0	0	0	0	0	0	0	0	0	0	0	0	0	0	0
0	0	0	0	0	0	0	0	0	0	0	0	0	0	0	0	0	0	0	0	0	0	0	0	50	100	100	100	100	100	100	100	100	100	100	100	85.3060000000000	70.6120000000000	85.3060000000000	100	100	100	100	100	98.9285000000000	97.8570000000000	58.2140000000000	18.5710000000000	59.2855000000000	100	100	100	72.1427500000000	44.2855000000000	27.1427500000000	10	10	10	16.4285000000000	22.8570000000000	38.1122500000000	53.3675000000000	29.7790000000000	6.19050000000000	6.44550000000000	6.70050000000000	6.19025000000000	5.68000000000000	11.7685000000000	17.8570000000000	18.2537500000000	18.6505000000000	20.7537500000000	22.8570000000000	16.4285000000000	10	10	10	51.7857500000000	93.5715000000000	96.7857500000000	100	100	100	55	10	32.5000000000000	55	77.5000000000000	100	100	100	96.7347500000000	93.4695000000000	51.7347500000000	10	27.1427500000000	44.2855000000000	38.9285000000000	33.5715000000000	56.1735000000000	78.7755000000000	89.3877500000000	100	100	100	50	0	0	0	0	0	0	0	0	0	0	0	0	0	0	0	0	0	0	0	0	0
0	0	0	0	0	0	0	0	0	0	0	0	0	0	0	0	0	0	0	0	0	0	0	0	50	100	100	100	100	100	100	100	100	100	100	100	100	100	100	100	100	100	100	100	100	100	59.2855000000000	18.5710000000000	59.2855000000000	100	100	100	55	10	10	10	10	10	22.8570000000000	35.7140000000000	67.8570000000000	100	55	10	6.70050000000000	3.40100000000000	4.55750000000000	5.71400000000000	20.7140000000000	35.7140000000000	35.7140000000000	35.7140000000000	35.7140000000000	35.7140000000000	22.8570000000000	10	10	10	48.5715000000000	87.1430000000000	93.5715000000000	100	100	100	55	10	10	10	55	100	100	100	100	100	55	10	10	10	33.5715000000000	57.1430000000000	78.5715000000000	100	100	100	100	100	50	0	0	0	0	0	0	0	0	0	0	0	0	0	0	0	0	0	0	0	0	0
0	0	0	0	0	0	0	0	0	0	0	0	0	0	0	0	0	0	0	0	0	0	0	0	50	100	100	100	82.5000000000000	65	60	55	77.5000000000000	100	100	100	100	100	100	100	100	100	100	100	100	100	66.0712500000000	32.1425000000000	66.0712500000000	100	100	100	55	10	10	10	32.5000000000000	55	61.4285000000000	67.8570000000000	83.9285000000000	100	77.5000000000000	55	28.3502500000000	1.70050000000000	16.5645000000000	31.4285000000000	49.6427500000000	67.8570000000000	67.8570000000000	67.8570000000000	67.8570000000000	67.8570000000000	50	32.1430000000000	21.0715000000000	10	29.2857500000000	48.5715000000000	74.2857500000000	100	100	100	55	10	32.5000000000000	55	77.5000000000000	100	100	100	100	100	55	10	16.4285000000000	22.8570000000000	50.7142500000000	78.5715000000000	89.2857500000000	100	100	100	100	100	50	0	0	0	0	0	0	0	0	0	0	0	0	0	0	0	0	0	0	0	0	0
0	0	0	0	0	0	0	0	0	0	0	0	0	0	0	0	0	0	0	0	0	0	0	0	50	100	100	100	65	30	20	10	55	100	100	100	100	100	100	100	100	100	100	100	100	100	72.8570000000000	45.7140000000000	72.8570000000000	100	100	100	55	10	10	10	55	100	100	100	100	100	100	100	50	0	28.5715000000000	57.1430000000000	78.5715000000000	100	100	100	100	100	77.1430000000000	54.2860000000000	32.1430000000000	10	10	10	55	100	100	100	55	10	55	100	100	100	100	100	100	100	55	10	22.8570000000000	35.7140000000000	67.8570000000000	100	100	100	100	100	100	100	50	0	0	0	0	0	0	0	0	0	0	0	0	0	0	0	0	0	0	0	0	0
0	0	0	0	0	0	0	0	0	0	0	0	0	0	0	0	0	0	0	0	0	0	4.98875000000000	9.97750000000000	54.9887500000000	100	100	100	73.2142500000000	46.4285000000000	28.2142500000000	10	43.1122500000000	76.2245000000000	88.1122500000000	100	100	100	100	100	100	100	100	100	100	100	86.4285000000000	72.8570000000000	86.4285000000000	100	88.7755000000000	77.5510000000000	43.7755000000000	10	16.4285000000000	22.8570000000000	61.4285000000000	100	100	100	100	100	100	100	50	0	28.5715000000000	57.1430000000000	78.5715000000000	100	100	100	100	100	88.5715000000000	77.1430000000000	43.5715000000000	10	10	10	55	100	100	100	55	10	55	100	100	100	100	100	100	100	55	10	22.8570000000000	35.7140000000000	67.8570000000000	100	100	100	100	100	100	100	54.5352500000000	9.07050000000000	4.53525000000000	0	0	0	0	0	0	0	0	0	0	0	0	0	0	0	0	0	0	0
0	0	0	0	0	0	0	0	0	0	0	0	0	0	0	0	0	0	0	0	0	0	9.97750000000000	19.9550000000000	59.9775000000000	100	100	100	81.4285000000000	62.8570000000000	36.4285000000000	10	31.2245000000000	52.4490000000000	76.2245000000000	100	100	100	100	100	100	100	100	100	100	100	100	100	100	100	77.5510000000000	55.1020000000000	32.5510000000000	10	22.8570000000000	35.7140000000000	67.8570000000000	100	100	100	100	100	100	100	50	0	28.5715000000000	57.1430000000000	78.5715000000000	100	100	100	100	100	100	100	55	10	10	10	55	100	100	100	55	10	55	100	100	100	100	100	100	100	55	10	22.8570000000000	35.7140000000000	67.8570000000000	100	100	100	100	100	100	100	59.0705000000000	18.1410000000000	9.07050000000000	0	0	0	0	0	0	0	0	0	0	0	0	0	0	0	0	0	0	0
0	0	0	0	0	0	0	0	0	0	0	0	0	0	0	0	0	0	0	0	0	0	18.0840000000000	36.1680000000000	68.0840000000000	100	100	100	90.7142500000000	81.4285000000000	68.2142500000000	55	43.1122500000000	31.2245000000000	63.7755000000000	96.3265000000000	98.1632500000000	100	79.6427500000000	59.2855000000000	57.1427500000000	55	77.5000000000000	100	99.5407500000000	99.0815000000000	99.5407500000000	100	100	100	66.2755000000000	32.5510000000000	21.2755000000000	10	38.9285000000000	67.8570000000000	83.9285000000000	100	100	100	100	100	100	100	50	0	28.5715000000000	57.1430000000000	78.5715000000000	100	100	100	100	100	100	100	56.8367500000000	13.6735000000000	11.8367500000000	10	52.8572500000000	95.7145000000000	97.8572500000000	100	55	10	55	100	100	100	100	100	100	100	55	10	16.4285000000000	22.8570000000000	43.2142500000000	63.5715000000000	64.1837500000000	64.7960000000000	82.3980000000000	100	100	100	66.4400000000000	32.8800000000000	16.4400000000000	0	0	0	0	0	0	0	0	0	0	0	0	0	0	0	0	0	0	0
0	0	0	0	0	0	0	0	0	0	0	0	0	0	0	0	0	0	0	0	0	0	26.1905000000000	52.3810000000000	76.1905000000000	100	100	100	100	100	100	100	55	10	51.3265000000000	92.6530000000000	96.3265000000000	100	59.2855000000000	18.5710000000000	14.2855000000000	10	55	100	99.0815000000000	98.1630000000000	99.0815000000000	100	100	100	55	10	10	10	55	100	100	100	100	100	100	100	100	100	50	0	28.5715000000000	57.1430000000000	78.5715000000000	100	100	100	100	100	100	100	58.6735000000000	17.3470000000000	13.6735000000000	10	50.7145000000000	91.4290000000000	95.7145000000000	100	55	10	55	100	100	100	100	100	100	100	55	10	10	10	18.5715000000000	27.1430000000000	28.3675000000000	29.5920000000000	64.7960000000000	100	100	100	73.8095000000000	47.6190000000000	23.8095000000000	0	0	0	0	0	0	0	0	0	0	0	0	0	0	0	0	0	0	0
0	0	0	0	0	0	0	0	0	0	0	0	0	0	0	0	0	0	0	0	0	0	31.8595000000000	63.7190000000000	81.8595000000000	100	77.5000000000000	55	62.8572500000000	70.7145000000000	85.3572500000000	100	77.5000000000000	55	55.2040000000000	55.4080000000000	55.2040000000000	55	34.6427500000000	14.2855000000000	12.1427500000000	10	55	100	98.4692500000000	96.9385000000000	98.4692500000000	100	87.6020000000000	75.2040000000000	42.6020000000000	10	23.5205000000000	37.0410000000000	68.5205000000000	100	100	100	100	100	100	100	100	100	50	0	28.5715000000000	57.1430000000000	78.5715000000000	100	100	100	100	100	100	100	69.7960000000000	39.5920000000000	24.7960000000000	10	41.0205000000000	72.0410000000000	86.0205000000000	100	55	10	55	100	100	100	100	100	100	100	55	10	10	10	14.2857500000000	18.5715000000000	23.2655000000000	27.9595000000000	63.9797500000000	100	100	100	73.8095000000000	47.6190000000000	23.8095000000000	0	0	0	0	0	0	0	0	0	0	0	0	0	0	0	0	0	0	0
0	0	0	0	0	0	0	0	0	0	0	0	0	0	0	0	0	0	0	0	0	0	37.5285000000000	75.0570000000000	87.5285000000000	100	55	10	25.7145000000000	41.4290000000000	70.7145000000000	100	100	100	59.0815000000000	18.1630000000000	14.0815000000000	10	10	10	10	10	55	100	97.8570000000000	95.7140000000000	97.8570000000000	100	75.2040000000000	50.4080000000000	30.2040000000000	10	37.0410000000000	64.0820000000000	82.0410000000000	100	100	100	100	100	100	100	100	100	50	0	28.5715000000000	57.1430000000000	78.5715000000000	100	100	100	100	100	100	100	80.9185000000000	61.8370000000000	35.9185000000000	10	31.3265000000000	52.6530000000000	76.3265000000000	100	55	10	55	100	100	100	100	100	100	100	55	10	10	10	10	10	18.1635000000000	26.3270000000000	63.1635000000000	100	100	100	73.8095000000000	47.6190000000000	23.8095000000000	0	0	0	0	0	0	0	0	0	0	0	0	0	0	0	0	0	0	0
0	0	0	0	0	0	0	0	0	0	0	0	0	0	0	0	0	0	0	0	0	0	43.7642500000000	87.5285000000000	93.7642500000000	100	55	10	17.8572500000000	25.7145000000000	40.3572500000000	55	77.5000000000000	100	79.5407500000000	59.0815000000000	34.5407500000000	10	10	10	10	10	55	100	98.9285000000000	97.8570000000000	87.1427500000000	76.4285000000000	53.3162500000000	30.2040000000000	20.1020000000000	10	46.0205000000000	82.0410000000000	91.0205000000000	100	100	100	100	100	100	100	100	100	50	0	14.2857500000000	28.5715000000000	64.2857500000000	100	100	100	100	100	100	100	90.4592500000000	80.9185000000000	45.4592500000000	10	20.6632500000000	31.3265000000000	65.6632500000000	100	55	10	55	100	100	100	100	100	86.1735000000000	72.3470000000000	41.1735000000000	10	13.3672500000000	16.7345000000000	35.8672500000000	55	59.0817500000000	63.1635000000000	81.5817500000000	100	100	100	86.9047500000000	73.8095000000000	36.9047500000000	0	0	0	0	0	0	0	0	0	0	0	0	0	0	0	0	0	0	0
0	0	0	0	0	0	0	0	0	0	0	0	0	0	0	0	0	0	0	0	0	0	50	100	100	100	55	10	10	10	10	10	55	100	100	100	55	10	10	10	10	10	55	100	100	100	76.4285000000000	52.8570000000000	31.4285000000000	10	10	10	55	100	100	100	100	100	100	100	100	100	100	100	50	0	0	0	50	100	100	100	100	100	100	100	100	100	55	10	10	10	55	100	55	10	55	100	100	100	100	100	72.3470000000000	44.6940000000000	27.3470000000000	10	16.7345000000000	23.4690000000000	61.7345000000000	100	100	100	100	100	100	100	100	100	50	0	0	0	0	0	0	0	0	0	0	0	0	0	0	0	0	0	0	0
0	0	0	0	0	0	0	0	0	0	0	0	0	0	0	0	0	0	0	0	0	0	50	100	100	100	77.5000000000000	55	55	55	36.1735000000000	17.3470000000000	36.1735000000000	55	67.0917500000000	79.1835000000000	44.5917500000000	10	10	10	10	10	55	100	100	100	65.7142500000000	31.4285000000000	20.7142500000000	10	24.6940000000000	39.3880000000000	69.6940000000000	100	100	100	100	100	100	100	100	100	93.1972500000000	86.3945000000000	43.1972500000000	0	0	0	50	100	100	100	100	100	100	100	100	100	58.2142500000000	16.4285000000000	13.2142500000000	10	32.5000000000000	55	55	55	77.5000000000000	100	100	100	98.1632500000000	96.3265000000000	61.8367500000000	27.3470000000000	33.8265000000000	40.3060000000000	51.0202500000000	61.7345000000000	80.8672500000000	100	95.1020000000000	90.2040000000000	72.6020000000000	55	59.5917500000000	64.1835000000000	82.0917500000000	100	50	0	0	0	0	0	0	0	0	0	0	0	0	0	0	0	0	0	0	0
0	0	0	0	0	0	0	0	0	0	0	0	0	0	0	0	0	0	0	0	0	0	50	100	100	100	100	100	100	100	62.3470000000000	24.6940000000000	17.3470000000000	10	34.1835000000000	58.3670000000000	34.1835000000000	10	10	10	10	10	55	100	100	100	55	10	10	10	39.3880000000000	68.7760000000000	84.3880000000000	100	100	100	100	100	100	100	100	100	86.3945000000000	72.7890000000000	36.3945000000000	0	0	0	50	100	100	100	100	100	100	100	100	100	61.4285000000000	22.8570000000000	16.4285000000000	10	10	10	55	100	100	100	100	100	96.3265000000000	92.6530000000000	51.3265000000000	10	40.3060000000000	70.6120000000000	85.3060000000000	100	100	100	90.2040000000000	80.4080000000000	45.2040000000000	10	19.1835000000000	28.3670000000000	64.1835000000000	100	50	0	0	0	0	0	0	0	0	0	0	0	0	0	0	0	0	0	0	0
0	0	0	0	0	0	0	0	0	0	0	0	0	0	0	0	0	0	0	0	0	0	50	100	100	100	100	100	100	100	81.1735000000000	62.3470000000000	36.1735000000000	10	22.0917500000000	34.1835000000000	22.0917500000000	10	10	10	10	10	32.5000000000000	55	76.8367500000000	98.6735000000000	54.3367500000000	10	10	10	47.1940000000000	84.3880000000000	92.1940000000000	100	100	100	100	100	100	100	100	100	81.2925000000000	62.5850000000000	31.2925000000000	0	0	0	50	100	100	100	100	100	100	100	100	100	73.3672500000000	46.7345000000000	28.3672500000000	10	10	10	55	100	100	100	100	100	75.6632500000000	51.3265000000000	53.1632500000000	55	70.1530000000000	85.3060000000000	92.6530000000000	100	95.3572500000000	90.7145000000000	67.9592500000000	45.2040000000000	27.6020000000000	10	14.5917500000000	19.1835000000000	59.5917500000000	100	50	0	0	0	0	0	0	0	0	0	0	0	0	0	0	0	0	0	0	0
0	0	0	0	0	0	0	0	0	0	0	0	0	0	0	0	0	0	0	0	0	0	50	100	100	100	100	100	100	100	100	100	55	10	10	10	10	10	10	10	10	10	10	10	53.6735000000000	97.3470000000000	53.6735000000000	10	10	10	55	100	100	100	100	100	100	100	100	100	100	100	76.1905000000000	52.3810000000000	26.1905000000000	0	0	0	50	100	100	100	100	100	100	100	100	100	85.3060000000000	70.6120000000000	40.3060000000000	10	10	10	55	100	100	100	100	100	55	10	55	100	100	100	100	100	90.7145000000000	81.4290000000000	45.7145000000000	10	10	10	10	10	55	100	50	0	0	0	0	0	0	0	0	0	0	0	0	0	0	0	0	0	0	0
0	0	0	0	0	0	0	0	0	0	0	0	0	0	0	0	0	0	0	0	0	0	50	100	100	100	100	100	85	70	85	100	55	10	10	10	10	10	10	10	10	10	10	10	31.8367500000000	53.6735000000000	31.8367500000000	10	10	10	55	100	100	100	100	100	100	100	100	100	92.8572500000000	85.7145000000000	55.9525000000000	26.1905000000000	13.0952500000000	0	0	0	43.6507500000000	87.3015000000000	93.6507500000000	100	100	100	100	100	100	100	92.6530000000000	85.3060000000000	47.6530000000000	10	10	10	55	100	100	100	84.2857500000000	68.5715000000000	39.2857500000000	10	55	100	100	100	95.7142500000000	91.4285000000000	68.5715000000000	45.7145000000000	27.8572500000000	10	10	10	32.5000000000000	55	77.5000000000000	100	50	0	0	0	0	0	0	0	0	0	0	0	0	0	0	0	0	0	0	0
0	0	0	0	0	0	0	0	0	0	0	0	0	0	0	0	0	0	0	0	0	0	50	100	100	100	100	100	70	40	70	100	55	10	10	10	10	10	10	10	10	10	10	10	10	10	10	10	10	10	55	100	100	100	100	100	100	100	100	100	85.7145000000000	71.4290000000000	35.7145000000000	0	0	0	0	0	37.3015000000000	74.6030000000000	87.3015000000000	100	100	100	100	100	100	100	100	100	55	10	10	10	55	100	100	100	68.5715000000000	37.1430000000000	23.5715000000000	10	55	100	100	100	91.4285000000000	82.8570000000000	46.4285000000000	10	10	10	10	10	55	100	100	100	50	0	0	0	0	0	0	0	0	0	0	0	0	0	0	0	0	0	0	0
0	0	0	0	0	0	0	0	0	0	0	0	0	0	0	0	0	0	0	0	0	0	50	100	100	100	100	100	62.5000000000000	25	40	55	32.5000000000000	10	10	10	10	10	10	10	10	10	10	10	10	10	10	10	10	10	33.7245000000000	57.4490000000000	78.7245000000000	100	100	100	100	100	100	100	67.8572500000000	35.7145000000000	17.8572500000000	0	0	0	0	0	18.6507500000000	37.3015000000000	62.6982500000000	88.0950000000000	94.0475000000000	100	100	100	100	100	100	100	55	10	10	10	32.5000000000000	55	55	55	39.2857500000000	23.5715000000000	39.2857500000000	55	77.5000000000000	100	96.1735000000000	92.3470000000000	69.3877500000000	46.4285000000000	28.2142500000000	10	10	10	10	10	46.5817500000000	83.1635000000000	91.5817500000000	100	60.7142500000000	21.4285000000000	10.7142500000000	0	0	0	0	0	0	0	0	0	0	0	0	0	0	0	0	0
0	0	0	0	0	0	0	0	0	0	0	0	0	0	0	0	0	0	0	0	0	0	50	100	100	100	100	100	55	10	10	10	10	10	10	10	10	10	10	10	10	10	10	10	10	10	10	10	10	10	12.4490000000000	14.8980000000000	57.4490000000000	100	100	100	100	100	100	100	50	0	0	0	0	0	0	0	0	0	38.0950000000000	76.1900000000000	88.0950000000000	100	100	100	100	100	100	100	55	10	10	10	10	10	10	10	10	10	55	100	100	100	92.3470000000000	84.6940000000000	47.3470000000000	10	10	10	10	10	10	10	38.1635000000000	66.3270000000000	83.1635000000000	100	71.4285000000000	42.8570000000000	21.4285000000000	0	0	0	0	0	0	0	0	0	0	0	0	0	0	0	0	0
0	0	0	0	0	0	0	0	0	0	0	0	0	0	0	0	0	0	0	0	0	0	50	100	100	100	100	100	77.5000000000000	55	55	55	55	55	55	55	50.4082500000000	45.8165000000000	45.0510000000000	44.2855000000000	27.9590000000000	11.6325000000000	10.8162500000000	10	10	10	10	10	9.72800000000000	9.45600000000000	8.45250000000000	7.44900000000000	31.2245000000000	55	55	55	54.1667500000000	53.3335000000000	51.6667500000000	50	26.9047500000000	3.80950000000000	3.80950000000000	3.80950000000000	3.80950000000000	3.80950000000000	2.72100000000000	1.63250000000000	0.816250000000000	0	19.0475000000000	38.0950000000000	46.5475000000000	55	60.3572500000000	65.7145000000000	65.7145000000000	65.7145000000000	61.1225000000000	56.5305000000000	33.2652500000000	10	10	10	10	10	10	10	12.1427500000000	14.2855000000000	57.1427500000000	100	96.7347500000000	93.4695000000000	70.4082500000000	47.3470000000000	28.6735000000000	10	10	10	10	10	10	10	24.0817500000000	38.1635000000000	69.0817500000000	100	71.4285000000000	42.8570000000000	21.4285000000000	0	0	0	0	0	0	0	0	0	0	0	0	0	0	0	0	0
0	0	0	0	0	0	0	0	0	0	0	0	0	0	0	0	0	0	0	0	0	0	50	100	100	100	100	100	100	100	100	100	100	100	100	100	90.8165000000000	81.6330000000000	80.1020000000000	78.5710000000000	45.9180000000000	13.2650000000000	11.6325000000000	10	10	10	10	10	9.45600000000000	8.91200000000000	4.45600000000000	0	5	10	10	10	8.33350000000000	6.66700000000000	3.33350000000000	0	3.80950000000000	7.61900000000000	7.61900000000000	7.61900000000000	7.61900000000000	7.61900000000000	5.44200000000000	3.26500000000000	1.63250000000000	0	0	0	5	10	20.7145000000000	31.4290000000000	31.4290000000000	31.4290000000000	22.2450000000000	13.0610000000000	11.5305000000000	10	10	10	10	10	10	10	14.2855000000000	18.5710000000000	59.2855000000000	100	93.4695000000000	86.9390000000000	48.4695000000000	10	10	10	10	10	10	10	10	10	10	10	55	100	71.4285000000000	42.8570000000000	21.4285000000000	0	0	0	0	0	0	0	0	0	0	0	0	0	0	0	0	0
0	0	0	0	0	0	0	0	0	0	0	0	0	0	0	0	0	0	0	0	0	0	38.0952500000000	76.1905000000000	88.0952500000000	100	100	100	100	100	100	100	100	100	100	100	95.4082500000000	90.8165000000000	90.0510000000000	89.2855000000000	72.9590000000000	56.6325000000000	33.3162500000000	10	10	10	9.80725000000000	9.61450000000000	7.03525000000000	4.45600000000000	2.22800000000000	0	2.61350000000000	5.22700000000000	7.61350000000000	10	9.16675000000000	8.33350000000000	6.66675000000000	5	6.90475000000000	8.80950000000000	8.80950000000000	8.80950000000000	8.80950000000000	8.80950000000000	7.72100000000000	6.63250000000000	5.81625000000000	5	5	5	7.50000000000000	10	13.8152500000000	17.6305000000000	16.6725000000000	15.7145000000000	11.1225000000000	6.53050000000000	6.19600000000000	5.86150000000000	7.93075000000000	10	10	10	10	10	34.6427500000000	59.2855000000000	77.0407500000000	94.7960000000000	71.6327500000000	48.4695000000000	29.2347500000000	10	10	10	10	10	10	10	10	10	30.2550000000000	50.5100000000000	75.2550000000000	100	71.4285000000000	42.8570000000000	21.4285000000000	0	0	0	0	0	0	0	0	0	0	0	0	0	0	0	0	0
0	0	0	0	0	0	0	0	0	0	0	0	0	0	0	0	0	0	0	0	0	0	26.1905000000000	52.3810000000000	76.1905000000000	100	100	100	100	100	100	100	100	100	100	100	100	100	100	100	100	100	55	10	10	10	9.61450000000000	9.22900000000000	4.61450000000000	0	0	0	0.227000000000000	0.454000000000000	5.22700000000000	10	10	10	10	10	10	10	10	10	10	10	10	10	10	10	10	10	10	10	6.91600000000000	3.83200000000000	1.91600000000000	0	0	0	0.861500000000000	1.72300000000000	5.86150000000000	10	10	10	10	10	55	100	94.7960000000000	89.5920000000000	49.7960000000000	10	10	10	10	10	10	10	10	10	10	10	50.5100000000000	91.0200000000000	95.5100000000000	100	71.4285000000000	42.8570000000000	21.4285000000000	0	0	0	0	0	0	0	0	0	0	0	0	0	0	0	0	0
0	0	0	0	0	0	0	0	0	0	0	0	0	0	0	0	0	0	0	0	0	0	13.0952500000000	26.1905000000000	63.0952500000000	100	100	100	100	100	100	100	100	100	100	100	100	100	100	100	100	100	55	10	10	10	7.30725000000000	4.61450000000000	2.30725000000000	0	0	0	0.113500000000000	0.227000000000000	5.11350000000000	10	10	10	10	10	10	10	10	10	10	10	10	10	10	10	10	10	10	10	6.55325000000000	3.10650000000000	1.55325000000000	0	0	0	0.430750000000000	0.861500000000000	5.31175000000000	9.76200000000000	9.88100000000000	10	10	10	32.5000000000000	55	52.3980000000000	49.7960000000000	29.8980000000000	10	10	10	10	10	10	10	10	10	32.5000000000000	55	75.2550000000000	95.5100000000000	97.7550000000000	100	71.4285000000000	42.8570000000000	21.4285000000000	0	0	0	0	0	0	0	0	0	0	0	0	0	0	0	0	0
0	0	0	0	0	0	0	0	0	0	0	0	0	0	0	0	0	0	0	0	0	0	0	0	50	100	100	100	100	100	100	100	100	100	100	100	100	100	100	100	100	100	55	10	10	10	5	0	0	0	0	0	0	0	5	10	10	10	10	10	10	10	10	10	10	10	10	10	10	10	10	10	10	10	6.19050000000000	2.38100000000000	1.19050000000000	0	0	0	0	0	4.76200000000000	9.52400000000000	9.76200000000000	10	10	10	10	10	10	10	10	10	10	10	10	10	10	10	10	10	55	100	100	100	100	100	71.4285000000000	42.8570000000000	21.4285000000000	0	0	0	0	0	0	0	0	0	0	0	0	0	0	0	0	0
0	0	0	0	0	0	0	0	0	0	0	0	0	0	0	0	0	0	0	0	0	0	0	0	50	100	100	100	100	100	100	100	84.4897500000000	68.9795000000000	61.9897500000000	55	55	55	55	55	55	55	32.5000000000000	10	10	10	5	0	0	0	0	0	0	0	5	10	10	10	10	10	30.3572500000000	50.7145000000000	30.3572500000000	10	10	10	10	10	10	10	10	10	10	10	8.09525000000000	6.19050000000000	3.09525000000000	0	0	0	0	0	4.76200000000000	9.52400000000000	9.76200000000000	10	10	10	10	10	10	10	10	10	10	10	10	10	10	10	10	10	32.5000000000000	55	55	55	77.5000000000000	100	71.4285000000000	42.8570000000000	21.4285000000000	0	0	0	0	0	0	0	0	0	0	0	0	0	0	0	0	0
0	0	0	0	0	0	0	0	0	0	0	0	0	0	0	0	0	0	0	0	0	0	0	0	50	100	100	100	100	100	100	100	68.9795000000000	37.9590000000000	23.9795000000000	10	10	10	10	10	10	10	10	10	10	10	5	0	0	0	0	0	0	0	5	10	10	10	10	10	50.7145000000000	91.4290000000000	50.7145000000000	10	10	10	10	10	10	10	10	10	10	10	10	10	5	0	0	0	0	0	4.76200000000000	9.52400000000000	9.76200000000000	10	10	10	10	10	10	10	10	10	10	10	10	10	10	10	10	10	10	10	10	10	55	100	71.4285000000000	42.8570000000000	21.4285000000000	0	0	0	0	0	0	0	0	0	0	0	0	0	0	0	0	0
0	0	0	0	0	0	0	0	0	0	0	0	0	0	0	0	0	0	0	0	0	0	0	0	39.7960000000000	79.5920000000000	89.7960000000000	100	100	100	100	100	61.9897500000000	23.9795000000000	34.3367500000000	44.6940000000000	30.4082500000000	16.1225000000000	13.0612500000000	10	10	10	10	10	10	10	5	0	0	0	0	0	2.50000000000000	5	7.50000000000000	10	10	10	10	10	52.8572500000000	95.7145000000000	52.8572500000000	10	10	10	10	10	10	10	10	10	10	10	10	10	5	0	0	0	0	0	2.38100000000000	4.76200000000000	7.38100000000000	10	10	10	10	10	10	10	10	10	10	10	10	10	10	10	32.5000000000000	55	55	55	55	55	77.5000000000000	100	60.7142500000000	21.4285000000000	10.7142500000000	0	0	0	0	0	0	0	0	0	0	0	0	0	0	0	0	0
0	0	0	0	0	0	0	0	0	0	0	0	0	0	0	0	0	0	0	0	0	0	0	0	29.5920000000000	59.1840000000000	79.5920000000000	100	100	100	100	100	55	10	44.6940000000000	79.3880000000000	50.8165000000000	22.2450000000000	16.1225000000000	10	10	10	10	10	10	10	5	0	0	0	0	0	5	10	10	10	10	10	10	10	55	100	55	10	10	10	10	10	10	10	10	10	10	10	10	10	5	0	0	0	0	0	0	0	5	10	10	10	10	10	10	10	10	10	10	10	10	10	10	10	55	100	100	100	100	100	100	100	50	0	0	0	0	0	0	0	0	0	0	0	0	0	0	0	0	0	0	0
0	0	0	0	0	0	0	0	0	0	0	0	0	0	0	0	0	0	0	0	0	0	0	0	14.7960000000000	29.5920000000000	64.7960000000000	100	100	100	100	100	77.5000000000000	55	72.3470000000000	89.6940000000000	75.4082500000000	61.1225000000000	37.7040000000000	14.2855000000000	12.1427500000000	10	10	10	10	10	5	0	0	0	0	0	5	10	10	10	10	10	10	10	42.1427500000000	74.2855000000000	53.9285000000000	33.5715000000000	21.7857500000000	10	22.8572500000000	35.7145000000000	45.3572500000000	55	32.5000000000000	10	10	10	10	10	7.50000000000000	5	2.50000000000000	0	0	0	0	0	5	10	10	10	10	10	10	10	10	10	32.5000000000000	55	55	55	40	25	62.5000000000000	100	100	100	100	100	100	100	50	0	0	0	0	0	0	0	0	0	0	0	0	0	0	0	0	0	0	0
0	0	0	0	0	0	0	0	0	0	0	0	0	0	0	0	0	0	0	0	0	0	0	0	0	0	50	100	100	100	100	100	100	100	100	100	100	100	59.2855000000000	18.5710000000000	14.2855000000000	10	10	10	10	10	5	0	0	0	0	0	5	10	10	10	10	10	10	10	29.2855000000000	48.5710000000000	52.8570000000000	57.1430000000000	33.5715000000000	10	35.7145000000000	61.4290000000000	80.7145000000000	100	55	10	10	10	10	10	10	10	5	0	0	0	0	0	5	10	10	10	10	10	10	10	10	10	55	100	100	100	70	40	70	100	100	100	100	100	100	100	50	0	0	0	0	0	0	0	0	0	0	0	0	0	0	0	0	0	0	0
0	0	0	0	0	0	0	0	0	0	0	0	0	0	0	0	0	0	0	0	0	0	0	0	0	0	50	100	100	100	100	100	100	100	100	100	77.5000000000000	55	34.6427500000000	14.2855000000000	12.1427500000000	10	10	10	10	10	5	0	0	0	0.476250000000000	0.952500000000000	5.47625000000000	10	10	10	17.5000000000000	25	40	55	64.6427500000000	74.2855000000000	76.4285000000000	78.5715000000000	66.7857500000000	55	67.8572500000000	80.7145000000000	76.4287500000000	72.1430000000000	41.0715000000000	10	10	10	10	10	10	10	5	0	0	0	0	0	5	10	10	10	10	10	10	10	10	10	55	100	100	100	85	70	85	100	100	100	100	100	86.9047500000000	73.8095000000000	36.9047500000000	0	0	0	0	0	0	0	0	0	0	0	0	0	0	0	0	0	0	0
0	0	0	0	0	0	0	0	0	0	0	0	0	0	0	0	0	0	0	0	0	0	0	0	0	0	50	100	100	100	100	100	100	100	100	100	55	10	10	10	10	10	10	10	10	10	5	0	0	0	0.952500000000000	1.90500000000000	5.95250000000000	10	10	10	25	40	70	100	100	100	100	100	100	100	100	100	72.1430000000000	44.2860000000000	27.1430000000000	10	10	10	10	10	10	10	5	0	0	0	0	0	5	10	10	10	10	10	10	10	10	10	55	100	100	100	100	100	100	100	100	100	100	100	73.8095000000000	47.6190000000000	23.8095000000000	0	0	0	0	0	0	0	0	0	0	0	0	0	0	0	0	0	0	0
0	0	0	0	0	0	0	0	0	0	0	0	0	0	0	0	0	0	0	0	0	0	0	0	0	0	49.0930000000000	98.1860000000000	99.0930000000000	100	100	100	98.3672500000000	96.7345000000000	75.8672500000000	55	32.5000000000000	10	12.1427500000000	14.2855000000000	14.2855000000000	14.2855000000000	12.1427500000000	10	10	10	5	0	0	0	2.97625000000000	5.95250000000000	7.97625000000000	10	10	10	17.5000000000000	25	62.5000000000000	100	100	100	100	100	100	100	100	100	86.0715000000000	72.1430000000000	41.7857500000000	11.4285000000000	10.7142500000000	10	10	10	10	10	5.56125000000000	1.12250000000000	0.561250000000000	0	0	0	5	10	10	10	10	10	10	10	10	10	32.5000000000000	55	77.5000000000000	100	100	100	100	100	100	100	100	100	61.9047500000000	23.8095000000000	11.9047500000000	0	0	0	0	0	0	0	0	0	0	0	0	0	0	0	0	0	0	0
0	0	0	0	0	0	0	0	0	0	0	0	0	0	0	0	0	0	0	0	0	0	0	0	0	0	48.1860000000000	96.3720000000000	98.1860000000000	100	100	100	96.7345000000000	93.4690000000000	51.7345000000000	10	10	10	14.2855000000000	18.5710000000000	18.5710000000000	18.5710000000000	14.2855000000000	10	10	10	5	0	0	0	5	10	10	10	10	10	10	10	55	100	100	100	100	100	100	100	100	100	100	100	56.4285000000000	12.8570000000000	11.4285000000000	10	10	10	10	10	6.12250000000000	2.24500000000000	1.12250000000000	0	0	0	5	10	10	10	10	10	10	10	10	10	10	10	55	100	100	100	100	100	100	100	100	100	50	0	0	0	0	0	0	0	0	0	0	0	0	0	0	0	0	0	0	0	0	0
0	0	0	0	0	0	0	0	0	0	0	0	0	0	0	0	0	0	0	0	0	0	0	0	0	0	24.0930000000000	48.1860000000000	74.0930000000000	100	83.9285000000000	67.8570000000000	59.7957500000000	51.7345000000000	53.3672500000000	55	55	55	57.1427500000000	59.2855000000000	59.2855000000000	59.2855000000000	57.1427500000000	55	32.5000000000000	10	5.32325000000000	0.646500000000000	0.323250000000000	0	5	10	10.7652500000000	11.5305000000000	33.2652500000000	55	55	55	77.5000000000000	100	100	100	100	100	100	100	100	100	100	100	78.2142500000000	56.4285000000000	55.7142500000000	55	33.2652500000000	11.5305000000000	10.7652500000000	10	8.06125000000000	6.12250000000000	3.06125000000000	0	0	0	5	10	10	10	32.5000000000000	55	55	55	35.1020000000000	15.2040000000000	12.6020000000000	10	32.5000000000000	55	77.5000000000000	100	100	100	100	100	100	100	50	0	0	0	0	0	0	0	0	0	0	0	0	0	0	0	0	0	0	0	0	0
0	0	0	0	0	0	0	0	0	0	0	0	0	0	0	0	0	0	0	0	0	0	0	0	0	0	0	0	50	100	67.8570000000000	35.7140000000000	22.8570000000000	10	55	100	100	100	100	100	100	100	100	100	55	10	5.64650000000000	1.29300000000000	0.646500000000000	0	5	10	11.5305000000000	13.0610000000000	56.5305000000000	100	100	100	100	100	100	100	100	100	100	100	100	100	100	100	100	100	100	100	56.5305000000000	13.0610000000000	11.5305000000000	10	10	10	5	0	0	0	5	10	10	10	55	100	100	100	60.2040000000000	20.4080000000000	15.2040000000000	10	10	10	55	100	100	100	100	100	100	100	50	0	0	0	0	0	0	0	0	0	0	0	0	0	0	0	0	0	0	0	0	0
0	0	0	0	0	0	0	0	0	0	0	0	0	0	0	0	0	0	0	0	0	0	0	0	0	0	0	0	50	100	83.9285000000000	67.8570000000000	61.4285000000000	55	77.5000000000000	100	100	100	100	100	100	100	100	100	55	10	7.58525000000000	5.17050000000000	2.58525000000000	0	5	10	16.1225000000000	22.2450000000000	61.1225000000000	100	100	100	100	100	77.5000000000000	55	75.2550000000000	95.5100000000000	97.7550000000000	100	100	100	100	100	100	100	100	100	78.2652500000000	56.5305000000000	33.2652500000000	10	10	10	5	0	0	0	5	10	10	10	34.6427500000000	59.2855000000000	79.6427500000000	100	80.1020000000000	60.2040000000000	53.2652500000000	46.3265000000000	28.1632500000000	10	38.5715000000000	67.1430000000000	83.5715000000000	100	100	100	88.0952500000000	76.1905000000000	38.0952500000000	0	0	0	0	0	0	0	0	0	0	0	0	0	0	0	0	0	0	0	0	0
0	0	0	0	0	0	0	0	0	0	0	0	0	0	0	0	0	0	0	0	0	0	0	0	0	0	0	0	50	100	100	100	100	100	100	100	100	100	100	100	100	100	100	100	55	10	9.52400000000000	9.04800000000000	4.52400000000000	0	5	10	20.7145000000000	31.4290000000000	65.7145000000000	100	100	100	100	100	55	10	50.5100000000000	91.0200000000000	95.5100000000000	100	100	100	100	100	100	100	100	100	100	100	55	10	10	10	5	0	0	0	5	10	10	10	14.2855000000000	18.5710000000000	59.2855000000000	100	100	100	91.3265000000000	82.6530000000000	46.3265000000000	10	22.1430000000000	34.2860000000000	67.1430000000000	100	100	100	76.1905000000000	52.3810000000000	26.1905000000000	0	0	0	0	0	0	0	0	0	0	0	0	0	0	0	0	0	0	0	0	0
0	0	0	0	0	0	0	0	0	0	0	0	0	0	0	0	0	0	0	0	0	0	0	0	0	0	0	0	41.6667500000000	83.3335000000000	91.6667500000000	100	100	100	100	100	100	100	100	100	100	100	100	100	55	10	9.76200000000000	9.52400000000000	4.76200000000000	0	2.97625000000000	5.95250000000000	17.4152500000000	28.8780000000000	59.0817500000000	89.2855000000000	83.5712500000000	77.8570000000000	66.4285000000000	55	32.5000000000000	10	30.2550000000000	50.5100000000000	75.2550000000000	100	100	100	100	100	94.6427500000000	89.2855000000000	94.6427500000000	100	100	100	55	10	10	10	5	0	0	0	5	10	10	10	12.1427500000000	14.2855000000000	57.1427500000000	100	100	100	95.6632500000000	91.3265000000000	73.1632500000000	55	43.9287500000000	32.8575000000000	66.4287500000000	100	100	100	63.0952500000000	26.1905000000000	13.0952500000000	0	0	0	0	0	0	0	0	0	0	0	0	0	0	0	0	0	0	0	0	0
0	0	0	0	0	0	0	0	0	0	0	0	0	0	0	0	0	0	0	0	0	0	0	0	0	0	0	0	33.3335000000000	66.6670000000000	83.3335000000000	100	100	100	100	100	100	100	100	100	100	100	100	100	55	10	10	10	5	0	0.952500000000000	1.90500000000000	14.1160000000000	26.3270000000000	52.4490000000000	78.5710000000000	67.1425000000000	55.7140000000000	32.8570000000000	10	10	10	10	10	55	100	100	100	100	100	89.2855000000000	78.5710000000000	89.2855000000000	100	100	100	55	10	10	10	5	0	0	0	5	10	10	10	10	10	55	100	100	100	100	100	100	100	65.7145000000000	31.4290000000000	65.7145000000000	100	100	100	50	0	0	0	0	0	0	0	0	0	0	0	0	0	0	0	0	0	0	0	0	0	0	0
0	0	0	0	0	0	0	0	0	0	0	0	0	0	0	0	0	0	0	0	0	0	0	0	0	0	0	0	16.6667500000000	33.3335000000000	64.6260000000000	95.9185000000000	97.9592500000000	100	100	100	100	100	100	100	100	100	77.5000000000000	55	32.5000000000000	10	10	10	5	0	0.816500000000000	1.63300000000000	9.89825000000000	18.1635000000000	31.2245000000000	44.2855000000000	44.9997500000000	45.7140000000000	50.3570000000000	55	38.9285000000000	22.8570000000000	19.4897500000000	16.1225000000000	58.0612500000000	100	100	100	100	100	72.1427500000000	44.2855000000000	49.6427500000000	55	71.0715000000000	87.1430000000000	48.5715000000000	10	10	10	5	0	0	0	5	10	10	10	10	10	32.5000000000000	55	72.2960000000000	89.5920000000000	94.7960000000000	100	100	100	82.8572500000000	65.7145000000000	82.8572500000000	100	89.2857500000000	78.5715000000000	39.2857500000000	0	0	0	0	0	0	0	0	0	0	0	0	0	0	0	0	0	0	0	0	0	0	0
0	0	0	0	0	0	0	0	0	0	0	0	0	0	0	0	0	0	0	0	0	0	0	0	0	0	0	0	0	0	45.9185000000000	91.8370000000000	95.9185000000000	100	100	100	100	100	100	100	100	100	55	10	10	10	10	10	5	0	0.680500000000000	1.36100000000000	5.68050000000000	10	10	10	22.8570000000000	35.7140000000000	67.8570000000000	100	67.8570000000000	35.7140000000000	28.9795000000000	22.2450000000000	61.1225000000000	100	100	100	100	100	55	10	10	10	42.1430000000000	74.2860000000000	42.1430000000000	10	10	10	5	0	0	0	5	10	10	10	10	10	10	10	44.5920000000000	79.1840000000000	89.5920000000000	100	100	100	100	100	100	100	78.5715000000000	57.1430000000000	28.5715000000000	0	0	0	0	0	0	0	0	0	0	0	0	0	0	0	0	0	0	0	0	0	0	0
0	0	0	0	0	0	0	0	0	0	0	0	0	0	0	0	0	0	0	0	0	0	0	0	0	0	0	0	0	0	22.9592500000000	45.9185000000000	72.9592500000000	100	100	100	100	100	100	100	78.2142500000000	56.4285000000000	33.2142500000000	10	10	10	10	10	7.26200000000000	4.52400000000000	2.60225000000000	0.680500000000000	5.34025000000000	10	14.2857500000000	18.5715000000000	43.2142500000000	67.8570000000000	83.9285000000000	100	83.9285000000000	67.8570000000000	64.4897500000000	61.1225000000000	80.5612500000000	100	100	100	100	100	62.5000000000000	25	25	25	33.5715000000000	42.1430000000000	26.0715000000000	10	10	10	5	0	2.38100000000000	4.76200000000000	7.38100000000000	10	17.5000000000000	25	25	25	25	25	34.7960000000000	44.5920000000000	49.7960000000000	55	61.4285000000000	67.8570000000000	83.9285000000000	100	100	100	64.2857500000000	28.5715000000000	14.2857500000000	0	0	0	0	0	0	0	0	0	0	0	0	0	0	0	0	0	0	0	0	0	0	0
0	0	0	0	0	0	0	0	0	0	0	0	0	0	0	0	0	0	0	0	0	0	0	0	0	0	0	0	0	0	0	0	50	100	100	100	100	100	100	100	56.4285000000000	12.8570000000000	11.4285000000000	10	10	10	10	10	9.52400000000000	9.04800000000000	4.52400000000000	0	5	10	18.5715000000000	27.1430000000000	63.5715000000000	100	100	100	100	100	100	100	100	100	100	100	100	100	70	40	40	40	25	10	10	10	10	10	5	0	4.76200000000000	9.52400000000000	9.76200000000000	10	25	40	40	40	40	40	25	10	10	10	22.8570000000000	35.7140000000000	67.8570000000000	100	100	100	50	0	0	0	0	0	0	0	0	0	0	0	0	0	0	0	0	0	0	0	0	0	0	0	0	0
0	0	0	0	0	0	0	0	0	0	0	0	0	0	0	0	0	0	0	0	0	0	0	0	0	0	0	0	0	0	0	0	36.7915000000000	73.5830000000000	86.7915000000000	100	100	100	77.5000000000000	55	33.2142500000000	11.4285000000000	10.7142500000000	10	10	10	10	10	9.76200000000000	9.52400000000000	4.76200000000000	0	4.27450000000000	8.54900000000000	13.5602500000000	18.5715000000000	41.4285000000000	64.2855000000000	73.5712500000000	82.8570000000000	82.8570000000000	82.8570000000000	91.4285000000000	100	100	100	100	100	77.5000000000000	55	62.5000000000000	70	70	70	62.5000000000000	55	41.0715000000000	27.1430000000000	16.4287500000000	5.71450000000000	2.85725000000000	0	4.88100000000000	9.76200000000000	9.88100000000000	10	40	70	70	70	70	70	62.5000000000000	55	55	55	61.4285000000000	67.8570000000000	83.9285000000000	100	90.4762500000000	80.9525000000000	40.4762500000000	0	0	0	0	0	0	0	0	0	0	0	0	0	0	0	0	0	0	0	0	0	0	0	0	0
0	0	0	0	0	0	0	0	0	0	0	0	0	0	0	0	0	0	0	0	0	0	0	0	0	0	0	0	0	0	0	0	23.5830000000000	47.1660000000000	73.5830000000000	100	100	100	55	10	10	10	10	10	10	10	10	10	10	10	5	0	3.54900000000000	7.09800000000000	8.54900000000000	10	19.2855000000000	28.5710000000000	47.1425000000000	65.7140000000000	65.7140000000000	65.7140000000000	82.8570000000000	100	100	100	100	100	55	10	55	100	100	100	100	100	72.1430000000000	44.2860000000000	22.8575000000000	1.42900000000000	0.714500000000000	0	5	10	10	10	55	100	100	100	100	100	100	100	100	100	100	100	100	100	80.9525000000000	61.9050000000000	30.9525000000000	0	0	0	0	0	0	0	0	0	0	0	0	0	0	0	0	0	0	0	0	0	0	0	0	0
0	0	0	0	0	0	0	0	0	0	0	0	0	0	0	0	0	0	0	0	0	0	0	0	0	0	0	0	0	0	0	0	11.7915000000000	23.5830000000000	61.7915000000000	100	100	100	64.6427500000000	29.2855000000000	42.1427500000000	55	32.5000000000000	10	10	10	10	10	10	10	5.86725000000000	1.73450000000000	2.64175000000000	3.54900000000000	6.77450000000000	10	14.6427500000000	19.2855000000000	28.5712500000000	37.8570000000000	41.9897500000000	46.1225000000000	73.0612500000000	100	100	100	100	100	58.6735000000000	17.3470000000000	36.1735000000000	55	74.7450000000000	94.4900000000000	97.2450000000000	100	78.2655000000000	56.5310000000000	28.9800000000000	1.42900000000000	0.714500000000000	0	5	10	10	10	55	100	100	100	100	100	100	100	100	100	100	100	100	100	65.4762500000000	30.9525000000000	15.4762500000000	0	0	0	0	0	0	0	0	0	0	0	0	0	0	0	0	0	0	0	0	0	0	0	0	0
0	0	0	0	0	0	0	0	0	0	0	0	0	0	0	0	0	0	0	0	0	0	0	0	0	0	0	0	0	0	0	0	0	0	50	100	100	100	74.2855000000000	48.5710000000000	74.2855000000000	100	55	10	10	10	10	10	10	10	6.73450000000000	3.46900000000000	1.73450000000000	0	5	10	10	10	10	10	18.2655000000000	26.5310000000000	63.2655000000000	100	100	100	100	100	62.3470000000000	24.6940000000000	17.3470000000000	10	49.4900000000000	88.9800000000000	94.4900000000000	100	84.3880000000000	68.7760000000000	35.1025000000000	1.42900000000000	0.714500000000000	0	5	10	10	10	55	100	100	100	100	100	100	100	100	100	100	100	100	100	50	0	0	0	0	0	0	0	0	0	0	0	0	0	0	0	0	0	0	0	0	0	0	0	0	0	0	0
0	0	0	0	0	0	0	0	0	0	0	0	0	0	0	0	0	0	0	0	0	0	0	0	0	0	0	0	0	0	0	0	0	0	45.2380000000000	90.4760000000000	95.2380000000000	100	87.1427500000000	74.2855000000000	87.1427500000000	100	55	10	10	10	10	10	10	10	8.11775000000000	6.23550000000000	3.11775000000000	0	5	10	10	10	14.0817500000000	18.1635000000000	36.1227500000000	54.0820000000000	77.0410000000000	100	100	100	100	100	74.5407500000000	49.0815000000000	29.5407500000000	10	29.7450000000000	49.4900000000000	52.2450000000000	55	47.1940000000000	39.3880000000000	20.4085000000000	1.42900000000000	2.97650000000000	4.52400000000000	7.26200000000000	10	10	10	44.7960000000000	79.5920000000000	89.7960000000000	100	100	100	100	100	100	100	100	100	83.7302500000000	67.4605000000000	33.7302500000000	0	0	0	0	0	0	0	0	0	0	0	0	0	0	0	0	0	0	0	0	0	0	0	0	0	0	0
0	0	0	0	0	0	0	0	0	0	0	0	0	0	0	0	0	0	0	0	0	0	0	0	0	0	0	0	0	0	0	0	0	0	40.4760000000000	80.9520000000000	90.4760000000000	100	100	100	100	100	55	10	10	10	10	10	10	10	9.50100000000000	9.00200000000000	4.50100000000000	0	5	10	10	10	18.1635000000000	26.3270000000000	53.9800000000000	81.6330000000000	90.8165000000000	100	100	100	100	100	86.7345000000000	73.4690000000000	41.7345000000000	10	10	10	10	10	10	10	5.71450000000000	1.42900000000000	5.23850000000000	9.04800000000000	9.52400000000000	10	10	10	34.5920000000000	59.1840000000000	79.5920000000000	100	100	100	100	100	100	100	100	100	67.4605000000000	34.9210000000000	17.4605000000000	0	0	0	0	0	0	0	0	0	0	0	0	0	0	0	0	0	0	0	0	0	0	0	0	0	0	0
0	0	0	0	0	0	0	0	0	0	0	0	0	0	0	0	0	0	0	0	0	0	0	0	0	0	0	0	0	0	0	0	0	0	20.2380000000000	40.4760000000000	68.3672500000000	96.2585000000000	98.1292500000000	100	100	100	55	10	21.2245000000000	32.4490000000000	21.2245000000000	10	10	10	9.75050000000000	9.50100000000000	5.74825000000000	1.99550000000000	5.99775000000000	10	10	10	14.0817500000000	18.1635000000000	31.9900000000000	45.8165000000000	61.1225000000000	76.4285000000000	88.2142500000000	100	100	100	70.8672500000000	41.7345000000000	25.8672500000000	10	10	10	10	10	7.72675000000000	5.45350000000000	3.08400000000000	0.714500000000000	5.00575000000000	9.29700000000000	9.64850000000000	10	10	10	22.2960000000000	34.5920000000000	67.2960000000000	100	100	100	100	100	100	100	100	100	58.7302500000000	17.4605000000000	8.73025000000000	0	0	0	0	0	0	0	0	0	0	0	0	0	0	0	0	0	0	0	0	0	0	0	0	0	0	0
0	0	0	0	0	0	0	0	0	0	0	0	0	0	0	0	0	0	0	0	0	0	0	0	0	0	0	0	0	0	0	0	0	0	0	0	46.2585000000000	92.5170000000000	96.2585000000000	100	100	100	55	10	32.4490000000000	54.8980000000000	32.4490000000000	10	10	10	10	10	6.99550000000000	3.99100000000000	6.99550000000000	10	10	10	10	10	10	10	31.4285000000000	52.8570000000000	76.4285000000000	100	100	100	55	10	10	10	10	10	10	10	5.45350000000000	0.907000000000000	0.453500000000000	0	4.77300000000000	9.54600000000000	9.77300000000000	10	10	10	10	10	55	100	100	100	100	100	100	100	100	100	50	0	0	0	0	0	0	0	0	0	0	0	0	0	0	0	0	0	0	0	0	0	0	0	0	0	0	0	0	0
0	0	0	0	0	0	0	0	0	0	0	0	0	0	0	0	0	0	0	0	0	0	0	0	0	0	0	0	0	0	0	0	0	0	0	0	23.1292500000000	46.2585000000000	73.1292500000000	100	100	100	77.5000000000000	55	66.2245000000000	77.4490000000000	43.7245000000000	10	10	10	10	10	8.49775000000000	6.99550000000000	8.49775000000000	10	14.2857500000000	18.5715000000000	14.2857500000000	10	10	10	31.4285000000000	52.8570000000000	76.4285000000000	100	100	100	55	10	10	10	10	10	10	10	5.22675000000000	0.453500000000000	1.45125000000000	2.44900000000000	6.11100000000000	9.77300000000000	9.88650000000000	10	10	10	22.8572500000000	35.7145000000000	59.1327500000000	82.5510000000000	91.2755000000000	100	100	100	100	100	75	50	25	0	0	0	0	0	0	0	0	0	0	0	0	0	0	0	0	0	0	0	0	0	0	0	0	0	0	0	0	0
0	0	0	0	0	0	0	0	0	0	0	0	0	0	0	0	0	0	0	0	0	0	0	0	0	0	0	0	0	0	0	0	0	0	0	0	0	0	50	100	100	100	100	100	100	100	55	10	10	10	10	10	10	10	10	10	18.5715000000000	27.1430000000000	18.5715000000000	10	10	10	31.4285000000000	52.8570000000000	76.4285000000000	100	100	100	55	10	10	10	10	10	10	10	5	0	2.44900000000000	4.89800000000000	7.44900000000000	10	10	10	10	10	35.7145000000000	61.4290000000000	63.2655000000000	65.1020000000000	82.5510000000000	100	100	100	100	100	50	0	0	0	0	0	0	0	0	0	0	0	0	0	0	0	0	0	0	0	0	0	0	0	0	0	0	0	0	0	0	0
0	0	0	0	0	0	0	0	0	0	0	0	0	0	0	0	0	0	0	0	0	0	0	0	0	0	0	0	0	0	0	0	0	0	0	0	0	0	25	50	75	100	100	100	77.5000000000000	55	32.5000000000000	10	10	10	10	10	10	10	10	10	22.8572500000000	35.7145000000000	45.3572500000000	55	55	55	65.7142500000000	76.4285000000000	88.2142500000000	100	100	100	72.1940000000000	44.3880000000000	49.6940000000000	55	32.5000000000000	10	9.27450000000000	8.54900000000000	5.52725000000000	2.50550000000000	4.97725000000000	7.44900000000000	8.72450000000000	10	10	10	10	10	45.3572500000000	80.7145000000000	81.6327500000000	82.5510000000000	91.2755000000000	100	100	100	75	50	25	0	0	0	0	0	0	0	0	0	0	0	0	0	0	0	0	0	0	0	0	0	0	0	0	0	0	0	0	0	0	0
0	0	0	0	0	0	0	0	0	0	0	0	0	0	0	0	0	0	0	0	0	0	0	0	0	0	0	0	0	0	0	0	0	0	0	0	0	0	0	0	50	100	100	100	55	10	10	10	10	10	10	10	10	10	10	10	27.1430000000000	44.2860000000000	72.1430000000000	100	100	100	100	100	100	100	100	100	89.3880000000000	78.7760000000000	89.3880000000000	100	55	10	8.54900000000000	7.09800000000000	6.05450000000000	5.01100000000000	7.50550000000000	10	10	10	10	10	10	10	55	100	100	100	100	100	100	100	50	0	0	0	0	0	0	0	0	0	0	0	0	0	0	0	0	0	0	0	0	0	0	0	0	0	0	0	0	0	0	0	0	0
0	0	0	0	0	0	0	0	0	0	0	0	0	0	0	0	0	0	0	0	0	0	0	0	0	0	0	0	0	0	0	0	0	0	0	0	0	0	0	0	25	50	75	100	77.5000000000000	55	55	55	55	55	44.6427500000000	34.2855000000000	22.1427500000000	10	10	10	18.5715000000000	27.1430000000000	41.0715000000000	55	77.5000000000000	100	100	100	100	100	100	100	94.6940000000000	89.3880000000000	84.6940000000000	80	45	10	9.27450000000000	8.54900000000000	8.02725000000000	7.50550000000000	23.7527500000000	40	47.5000000000000	55	47.5000000000000	40	25	10	55	100	100	100	100	100	75	50	25	0	0	0	0	0	0	0	0	0	0	0	0	0	0	0	0	0	0	0	0	0	0	0	0	0	0	0	0	0	0	0	0	0
0	0	0	0	0	0	0	0	0	0	0	0	0	0	0	0	0	0	0	0	0	0	0	0	0	0	0	0	0	0	0	0	0	0	0	0	0	0	0	0	0	0	50	100	100	100	100	100	100	100	79.2855000000000	58.5710000000000	34.2855000000000	10	10	10	10	10	10	10	55	100	100	100	100	100	100	100	100	100	80	60	35	10	10	10	10	10	40	70	85	100	85	70	40	10	55	100	100	100	100	100	50	0	0	0	0	0	0	0	0	0	0	0	0	0	0	0	0	0	0	0	0	0	0	0	0	0	0	0	0	0	0	0	0	0	0	0
0	0	0	0	0	0	0	0	0	0	0	0	0	0	0	0	0	0	0	0	0	0	0	0	0	0	0	0	0	0	0	0	0	0	0	0	0	0	0	0	0	0	25	50	75	100	100	100	100	100	67.1427500000000	34.2855000000000	22.1427500000000	10	10	10	15.3572500000000	20.7145000000000	31.4287500000000	42.1430000000000	71.0715000000000	100	100	100	100	100	100	100	86.0715000000000	72.1430000000000	53.5715000000000	35	45	55	37.8572500000000	20.7145000000000	15.3572500000000	10	47.5000000000000	85	92.5000000000000	100	92.5000000000000	85	47.5000000000000	10	55	100	100	100	75	50	25	0	0	0	0	0	0	0	0	0	0	0	0	0	0	0	0	0	0	0	0	0	0	0	0	0	0	0	0	0	0	0	0	0	0	0
0	0	0	0	0	0	0	0	0	0	0	0	0	0	0	0	0	0	0	0	0	0	0	0	0	0	0	0	0	0	0	0	0	0	0	0	0	0	0	0	0	0	0	0	50	100	100	100	100	100	55	10	10	10	10	10	20.7145000000000	31.4290000000000	52.8575000000000	74.2860000000000	87.1430000000000	100	100	100	100	100	100	100	72.1430000000000	44.2860000000000	27.1430000000000	10	55	100	65.7145000000000	31.4290000000000	20.7145000000000	10	55	100	100	100	100	100	55	10	55	100	100	100	50	0	0	0	0	0	0	0	0	0	0	0	0	0	0	0	0	0	0	0	0	0	0	0	0	0	0	0	0	0	0	0	0	0	0	0	0	0
0	0	0	0	0	0	0	0	0	0	0	0	0	0	0	0	0	0	0	0	0	0	0	0	0	0	0	0	0	0	0	0	0	0	0	0	0	0	0	0	0	0	0	0	31.8595000000000	63.7190000000000	81.8595000000000	100	100	100	55	10	10	10	10	10	17.1430000000000	24.2860000000000	55.7145000000000	87.1430000000000	93.5715000000000	100	100	100	100	100	100	100	70.1020000000000	40.2040000000000	40.1020000000000	40	70	100	65.7145000000000	31.4290000000000	20.7145000000000	10	55	100	100	100	100	100	77.5000000000000	55	77.5000000000000	100	80.3855000000000	60.7710000000000	30.3855000000000	0	0	0	0	0	0	0	0	0	0	0	0	0	0	0	0	0	0	0	0	0	0	0	0	0	0	0	0	0	0	0	0	0	0	0	0	0
0	0	0	0	0	0	0	0	0	0	0	0	0	0	0	0	0	0	0	0	0	0	0	0	0	0	0	0	0	0	0	0	0	0	0	0	0	0	0	0	0	0	0	0	13.7190000000000	27.4380000000000	63.7190000000000	100	100	100	55	10	10	10	10	10	13.5715000000000	17.1430000000000	58.5715000000000	100	100	100	100	100	100	100	100	100	68.0610000000000	36.1220000000000	53.0610000000000	70	85	100	65.7145000000000	31.4290000000000	20.7145000000000	10	55	100	100	100	100	100	100	100	100	100	60.7710000000000	21.5420000000000	10.7710000000000	0	0	0	0	0	0	0	0	0	0	0	0	0	0	0	0	0	0	0	0	0	0	0	0	0	0	0	0	0	0	0	0	0	0	0	0	0
0	0	0	0	0	0	0	0	0	0	0	0	0	0	0	0	0	0	0	0	0	0	0	0	0	0	0	0	0	0	0	0	0	0	0	0	0	0	0	0	0	0	0	0	6.85950000000000	13.7190000000000	38.5487500000000	63.3785000000000	81.6892500000000	100	77.5000000000000	55	55	55	32.5000000000000	10	11.7857500000000	13.5715000000000	34.2857500000000	55	75.0510000000000	95.1020000000000	97.5510000000000	100	75	50	75	100	84.0305000000000	68.0610000000000	76.5305000000000	85	92.5000000000000	100	65.7145000000000	31.4290000000000	20.7145000000000	10	51.7857500000000	93.5715000000000	96.7857500000000	100	100	100	100	100	75	50	30.3855000000000	10.7710000000000	5.38550000000000	0	0	0	0	0	0	0	0	0	0	0	0	0	0	0	0	0	0	0	0	0	0	0	0	0	0	0	0	0	0	0	0	0	0	0	0	0
0	0	0	0	0	0	0	0	0	0	0	0	0	0	0	0	0	0	0	0	0	0	0	0	0	0	0	0	0	0	0	0	0	0	0	0	0	0	0	0	0	0	0	0	0	0	13.3785000000000	26.7570000000000	63.3785000000000	100	100	100	100	100	55	10	10	10	10	10	50.1020000000000	90.2040000000000	95.1020000000000	100	50	0	50	100	100	100	100	100	100	100	65.7145000000000	31.4290000000000	20.7145000000000	10	48.5715000000000	87.1430000000000	93.5715000000000	100	100	100	100	100	50	0	0	0	0	0	0	0	0	0	0	0	0	0	0	0	0	0	0	0	0	0	0	0	0	0	0	0	0	0	0	0	0	0	0	0	0	0	0	0	0	0
0	0	0	0	0	0	0	0	0	0	0	0	0	0	0	0	0	0	0	0	0	0	0	0	0	0	0	0	0	0	0	0	0	0	0	0	0	0	0	0	0	0	0	0	0	0	6.68925000000000	13.3785000000000	56.6892500000000	100	100	100	100	100	76.5817500000000	53.1635000000000	54.0817500000000	55	55	55	75.0510000000000	95.1020000000000	72.5510000000000	50	25	0	50	100	100	100	100	100	100	100	80.4082500000000	60.8165000000000	57.2960000000000	53.7755000000000	73.6735000000000	93.5715000000000	96.7857500000000	100	78.5715000000000	57.1430000000000	53.5715000000000	50	25	0	0	0	0	0	0	0	0	0	0	0	0	0	0	0	0	0	0	0	0	0	0	0	0	0	0	0	0	0	0	0	0	0	0	0	0	0	0	0	0	0
0	0	0	0	0	0	0	0	0	0	0	0	0	0	0	0	0	0	0	0	0	0	0	0	0	0	0	0	0	0	0	0	0	0	0	0	0	0	0	0	0	0	0	0	0	0	0	0	50	100	100	100	100	100	98.1635000000000	96.3270000000000	98.1635000000000	100	100	100	100	100	50	0	0	0	50	100	100	100	100	100	100	100	95.1020000000000	90.2040000000000	93.8775000000000	97.5510000000000	98.7755000000000	100	100	100	57.1430000000000	14.2860000000000	7.14300000000000	0	0	0	0	0	0	0	0	0	0	0	0	0	0	0	0	0	0	0	0	0	0	0	0	0	0	0	0	0	0	0	0	0	0	0	0	0	0	0	0	0	0	0
0	0	0	0	0	0	0	0	0	0	0	0	0	0	0	0	0	0	0	0	0	0	0	0	0	0	0	0	0	0	0	0	0	0	0	0	0	0	0	0	0	0	0	0	0	0	0	0	25	50	56.6892500000000	63.3785000000000	81.6892500000000	100	99.0817500000000	98.1635000000000	99.0817500000000	100	100	100	100	100	50	0	0	0	26.3605000000000	52.7210000000000	76.3605000000000	100	100	100	100	100	97.5510000000000	95.1020000000000	96.9387500000000	98.7755000000000	80	61.2245000000000	55.6122500000000	50	28.5715000000000	7.14300000000000	3.57150000000000	0	0	0	0	0	0	0	0	0	0	0	0	0	0	0	0	0	0	0	0	0	0	0	0	0	0	0	0	0	0	0	0	0	0	0	0	0	0	0	0	0	0	0
0	0	0	0	0	0	0	0	0	0	0	0	0	0	0	0	0	0	0	0	0	0	0	0	0	0	0	0	0	0	0	0	0	0	0	0	0	0	0	0	0	0	0	0	0	0	0	0	0	0	13.3785000000000	26.7570000000000	63.3785000000000	100	100	100	100	100	100	100	100	100	50	0	0	0	2.72100000000000	5.44200000000000	52.7210000000000	100	100	100	100	100	100	100	100	100	61.2245000000000	22.4490000000000	11.2245000000000	0	0	0	0	0	0	0	0	0	0	0	0	0	0	0	0	0	0	0	0	0	0	0	0	0	0	0	0	0	0	0	0	0	0	0	0	0	0	0	0	0	0	0	0	0	0	0
0	0	0	0	0	0	0	0	0	0	0	0	0	0	0	0	0	0	0	0	0	0	0	0	0	0	0	0	0	0	0	0	0	0	0	0	0	0	0	0	0	0	0	0	0	0	0	0	0	0	6.68925000000000	13.3785000000000	31.6892500000000	50	50	50	50	50	50	50	50	50	25	0	0	0	1.36050000000000	2.72100000000000	26.3605000000000	50	50	50	50	50	50	50	50	50	30.6122500000000	11.2245000000000	5.61225000000000	0	0	0	0	0	0	0	0	0	0	0	0	0	0	0	0	0	0	0	0	0	0	0	0	0	0	0	0	0	0	0	0	0	0	0	0	0	0	0	0	0	0	0	0	0	0	0
0	0	0	0	0	0	0	0	0	0	0	0	0	0	0	0	0	0	0	0	0	0	0	0	0	0	0	0	0	0	0	0	0	0	0	0	0	0	0	0	0	0	0	0	0	0	0	0	0	0	0	0	0	0	0	0	0	0	0	0	0	0	0	0	0	0	0	0	0	0	0	0	0	0	0	0	0	0	0	0	0	0	0	0	0	0	0	0	0	0	0	0	0	0	0	0	0	0	0	0	0	0	0	0	0	0	0	0	0	0	0	0	0	0	0	0	0	0	0	0	0	0	0	0	0	0	0	0
0	0	0	0	0	0	0	0	0	0	0	0	0	0	0	0	0	0	0	0	0	0	0	0	0	0	0	0	0	0	0	0	0	0	0	0	0	0	0	0	0	0	0	0	0	0	0	0	0	0	0	0	0	0	0	0	0	0	0	0	0	0	0	0	0	0	0	0	0	0	0	0	0	0	0	0	0	0	0	0	0	0	0	0	0	0	0	0	0	0	0	0	0	0	0	0	0	0	0	0	0	0	0	0	0	0	0	0	0	0	0	0	0	0	0	0	0	0	0	0	0	0	0	0	0	0	0	0
0	0	0	0	0	0	0	0	0	0	0	0	0	0	0	0	0	0	0	0	0	0	0	0	0	0	0	0	0	0	0	0	0	0	0	0	0	0	0	0	0	0	0	0	0	0	0	0	0	0	0	0	0	0	0	0	0	0	0	0	0	0	0	0	0	0	0	0	0	0	0	0	0	0	0	0	0	0	0	0	0	0	0	0	0	0	0	0	0	0	0	0	0	0	0	0	0	0	0	0	0	0	0	0	0	0	0	0	0	0	0	0	0	0	0	0	0	0	0	0	0	0	0	0	0	0	0	0