0	0	0	0	0	0	0	0	0	0	0	0	0	0	0	0	0	0	0	0	0	0	0	0	0	0	0	0	0	0	0	0	0	0	0	0	0	0	0	0	0	0	0	0	0	0	0	0	0	0	0	0	0	0	0	0	0	0	0	0	0	0	0	0	0	0	0	0	0	0	0	0	0	0	0	0	0	0	0	0	0	0	0	0	0	0	0	0	0	0	0	0	0	0	0	0	0	0	0	0	0	0	0	0	0	0	0	0	0	0	0	0	0	0	0	0	0	0	0	0	0	0	0	0	0	0	0	0
0	0	0	0	0	0	0	0	0	0	0	0	0	0	0	0	0	0	0	0	0	0	0	0	0	0	0	0	0	0	0	0	0	0	0	0	0	0	0	0	0	0	0	0	0	0	0	0	0	0	0	0	0	0	0	0	0	0	0	0	0	0	0	0	0	0	0	0	0	0	0	0	0	0	0	0	0	0	0	0	0	0	0	0	0	0	0	0	0	0	0	0	0	0	0	0	0	0	0	0	0	0	0	0	0	0	0	0	0	0	0	0	0	0	0	0	0	0	0	0	0	0	0	0	0	0	0	0
0	0	0	0	0	0	0	0	0	0	0	0	0	0	0	0	0	0	0	0	0	0	0	0	0	0	0	0	0	0	0	0	0	0	0	0	0	0	0	0	0	0	0	0	0	0	0	0	0	0	0	0	0	0	0	0	0.396750000000000	0.793500000000000	25.3967500000000	50	50	50	25.6235000000000	1.24700000000000	0.623500000000000	0	0	0	0	0	0	0	0	0	0	0	0	0	0	0	0	0	0	0	0	0	0	0	0	0	0	0	0	0	0	0	0	0	0	0	0	0	0	0	0	0	0	0	0	0	0	0	0	0	0	0	0	0	0	0	0	0	0	0	0	0	0	0
0	0	0	0	0	0	0	0	0	0	0	0	0	0	0	0	0	0	0	0	0	0	0	0	0	0	0	0	0	0	0	0	0	0	0	0	0	0	0	0	0	0	0	0	0	0	0	0	0	0	0	0	0	0	0	0	0.793500000000000	1.58700000000000	50.7935000000000	100	100	100	51.2470000000000	2.49400000000000	1.24700000000000	0	0	0	0	0	0	0	0	0	0	0	0	0	0	0	0	0	0	0	0	0	0	0	0	0	0	0	0	0	0	0	0	0	0	0	0	0	0	0	0	0	0	0	0	0	0	0	0	0	0	0	0	0	0	0	0	0	0	0	0	0	0	0
0	0	0	0	0	0	0	0	0	0	0	0	0	0	0	0	0	0	0	0	0	0	0	0	0	0	0	0	0	0	0	0	0	0	0	0	0	0	0	0	0	0	0	0	0.113500000000000	0.227000000000000	4.64875000000000	9.07050000000000	29.5352500000000	50	50	50	50	50	50	50	50.3967500000000	50.7935000000000	75.3967500000000	100	100	100	75.6235000000000	51.2470000000000	25.6235000000000	0	0	0	2.38100000000000	4.76200000000000	4.76200000000000	4.76200000000000	4.76200000000000	4.76200000000000	4.76200000000000	4.76200000000000	2.38100000000000	0	0	0	0	0	0	0	0	0	0	0	0	0	0	0	0	0	0	0	0	0	0	0	0	0	0	0	0	0	0	0	0	0	0	0	0	0	0	0	0	0	0	0	0	0	0	0	0	0	0	0
0	0	0	0	0	0	0	0	0	0	0	0	0	0	0	0	0	0	0	0	0	0	0	0	0	0	0	0	0	0	0	0	0	0	0	0	0	0	0	0	0	0	0	0	0.227000000000000	0.454000000000000	9.29750000000000	18.1410000000000	59.0705000000000	100	100	100	100	100	100	100	100	100	100	100	100	100	100	100	50	0	0	0	4.76200000000000	9.52400000000000	9.52400000000000	9.52400000000000	9.52400000000000	9.52400000000000	9.52400000000000	9.52400000000000	4.76200000000000	0	0	0	0	0	0	0	0	0	0	0	0	0	0	0	0	0	0	0	0	0	0	0	0	0	0	0	0	0	0	0	0	0	0	0	0	0	0	0	0	0	0	0	0	0	0	0	0	0	0	0
0	0	0	0	0	0	0	0	0	0	0	0	0	0	0	0	0	0	0	0	0	0	0	0	0	0	0	0	0	0	0	0	0	0	0	0	0	0	0	0	0	0	3.57150000000000	7.14300000000000	28.6850000000000	50.2270000000000	54.6487500000000	59.0705000000000	79.5352500000000	100	100	100	100	100	100	100	100	100	100	100	100	100	100	100	61.9047500000000	23.8095000000000	27.7210000000000	31.6325000000000	43.1972500000000	54.7620000000000	54.7620000000000	54.7620000000000	54.7620000000000	54.7620000000000	54.7620000000000	54.7620000000000	52.3810000000000	50	50	50	28.5715000000000	7.14300000000000	7.14300000000000	7.14300000000000	3.57150000000000	0	0	0	0	0	0	0	0	0	0	0	0	0	0	0	0	0	0	0	0	0	0	0	0	0	0	0	0	0	0	0	0	0	0	0	0	0	0	0	0	0	0	0
0	0	0	0	0	0	0	0	0	0	0	0	0	0	0	0	0	0	0	0	0	0	0	0	0	0	0	0	0	0	0	0	0	0	0	0	0	0	0	0	0	0	7.14300000000000	14.2860000000000	57.1430000000000	100	100	100	100	100	100	100	100	100	100	100	100	100	100	100	100	100	100	100	73.8095000000000	47.6190000000000	55.4420000000000	63.2650000000000	81.6325000000000	100	100	100	100	100	100	100	100	100	100	100	57.1430000000000	14.2860000000000	14.2860000000000	14.2860000000000	7.14300000000000	0	0	0	0	0	0	0	0	0	0	0	0	0	0	0	0	0	0	0	0	0	0	0	0	0	0	0	0	0	0	0	0	0	0	0	0	0	0	0	0	0	0	0
0	0	0	0	0	0	0	0	0	0	0	0	0	0	0	0	0	0	0	0	0	0	0	0	0	0	0	0	0	0	0	0	0	0	0	0	0	0	0	0	4.53525000000000	9.07050000000000	33.1067500000000	57.1430000000000	78.5715000000000	100	100	100	100	100	100	100	100	100	100	100	95.7142500000000	91.4285000000000	73.2142500000000	55	62.8060000000000	70.6120000000000	85.3060000000000	100	86.9047500000000	73.8095000000000	77.7210000000000	81.6325000000000	90.8162500000000	100	97.1427500000000	94.2855000000000	74.6427500000000	55	76.4795000000000	97.9590000000000	98.9795000000000	100	100	100	78.5715000000000	57.1430000000000	57.1430000000000	57.1430000000000	53.5715000000000	50	29.5352500000000	9.07050000000000	4.53525000000000	0	0	0	0	0	0	0	0	0	0	0	0	0	0	0	0	0	0	0	0	0	0	0	0	0	0	0	0	0	0	0	0	0	0	0	0	0	0	0
0	0	0	0	0	0	0	0	0	0	0	0	0	0	0	0	0	0	0	0	0	0	0	0	0	0	0	0	0	0	0	0	0	0	0	0	0	0	0	0	9.07050000000000	18.1410000000000	59.0705000000000	100	100	100	100	100	100	100	100	100	100	100	100	100	91.4285000000000	82.8570000000000	46.4285000000000	10	25.6120000000000	41.2240000000000	70.6120000000000	100	100	100	100	100	100	100	94.2855000000000	88.5710000000000	49.2855000000000	10	52.9590000000000	95.9180000000000	97.9590000000000	100	100	100	100	100	100	100	100	100	59.0705000000000	18.1410000000000	9.07050000000000	0	0	0	0	0	0	0	0	0	0	0	0	0	0	0	0	0	0	0	0	0	0	0	0	0	0	0	0	0	0	0	0	0	0	0	0	0	0	0
0	0	0	0	0	0	0	0	0	0	0	0	0	0	0	0	0	0	0	0	0	0	0	0	0	0	0	0	0	0	0	0	0	0	0	0	0	0	5.38550000000000	10.7710000000000	34.9207500000000	59.0705000000000	79.5352500000000	100	100	100	100	100	100	100	77.5000000000000	55	55	55	72.1427500000000	89.2855000000000	67.8570000000000	46.4285000000000	28.2142500000000	10	17.8060000000000	25.6120000000000	62.8060000000000	100	100	100	100	100	100	100	85.7142500000000	71.4285000000000	40.7142500000000	10	31.4795000000000	52.9590000000000	76.4795000000000	100	100	100	100	100	100	100	100	100	79.5352500000000	59.0705000000000	52.7212500000000	46.3720000000000	28.2880000000000	10.2040000000000	5.10200000000000	0	0	0	0	0	0	0	0	0	0	0	0	0	0	0	0	0	0	0	0	0	0	0	0	0	0	0	0	0	0	0	0	0	0	0
0	0	0	0	0	0	0	0	0	0	0	0	0	0	0	0	0	0	0	0	0	0	0	0	0	0	0	0	0	0	0	0	0	0	0	0	0	0	10.7710000000000	21.5420000000000	60.7710000000000	100	100	100	100	100	100	100	100	100	55	10	10	10	44.2855000000000	78.5710000000000	44.2855000000000	10	10	10	10	10	55	100	100	100	100	100	100	100	77.1430000000000	54.2860000000000	32.1430000000000	10	10	10	55	100	100	100	100	100	100	100	100	100	100	100	96.3720000000000	92.7440000000000	56.5760000000000	20.4080000000000	10.2040000000000	0	0	0	0	0	0	0	0	0	0	0	0	0	0	0	0	0	0	0	0	0	0	0	0	0	0	0	0	0	0	0	0	0	0	0
0	0	0	0	0	0	0	0	0	0	0	0	0	0	0	0	0	0	0	0	0	0	0	0	0	0	0	0	0	0	0	0	0	0	0	0	22.4490000000000	44.8980000000000	52.8345000000000	60.7710000000000	80.3855000000000	100	100	100	100	100	100	100	100	100	55	10	10	10	27.1427500000000	44.2855000000000	27.1427500000000	10	10	10	10	10	55	100	100	100	100	100	100	100	88.5715000000000	77.1430000000000	43.5715000000000	10	10	10	53.7755000000000	97.5510000000000	98.7755000000000	100	100	100	100	100	100	100	100	100	98.1860000000000	96.3720000000000	78.2880000000000	60.2040000000000	55.1020000000000	50	25	0	0	0	0	0	0	0	0	0	0	0	0	0	0	0	0	0	0	0	0	0	0	0	0	0	0	0	0	0	0	0	0	0
0	0	0	0	0	0	0	0	0	0	0	0	0	0	0	0	0	0	0	0	0	0	0	0	0	0	0	0	0	0	0	0	0	0	0	0	44.8980000000000	89.7960000000000	94.8980000000000	100	100	100	100	100	100	100	100	100	100	100	55	10	10	10	10	10	10	10	10	10	10	10	55	100	100	100	100	100	100	100	100	100	55	10	10	10	52.5510000000000	95.1020000000000	97.5510000000000	100	100	100	100	100	100	100	100	100	100	100	100	100	100	100	50	0	0	0	0	0	0	0	0	0	0	0	0	0	0	0	0	0	0	0	0	0	0	0	0	0	0	0	0	0	0	0	0	0
0	0	0	0	0	0	0	0	0	0	0	0	0	0	0	0	0	0	0	0	0	0	0	0	0	0	0	0	0	0	0	0	0	0	6.74600000000000	13.4920000000000	54.1950000000000	94.8980000000000	97.4490000000000	100	100	100	100	100	100	100	100	100	100	100	55	10	10	10	10	10	10	10	10	10	10	10	55	100	100	100	100	100	100	100	82.5000000000000	65	37.5000000000000	10	10	10	31.2755000000000	52.5510000000000	75.2040000000000	97.8570000000000	98.9285000000000	100	92.5000000000000	85	70	55	70.3572500000000	85.7145000000000	92.8572500000000	100	100	100	100	100	69.0475000000000	38.0950000000000	19.0475000000000	0	0	0	0	0	0	0	0	0	0	0	0	0	0	0	0	0	0	0	0	0	0	0	0	0	0	0	0	0	0	0
0	0	0	0	0	0	0	0	0	0	0	0	0	0	0	0	0	0	0	0	0	0	0	0	0	0	0	0	0	0	0	0	0	0	13.4920000000000	26.9840000000000	63.4920000000000	100	100	100	100	100	100	100	100	100	100	100	100	100	55	10	10	10	10	10	10	10	10	10	10	10	55	100	100	100	100	100	100	100	65	30	20	10	10	10	10	10	52.8570000000000	95.7140000000000	97.8570000000000	100	85	70	40	10	40.7145000000000	71.4290000000000	85.7145000000000	100	100	100	100	100	88.0950000000000	76.1900000000000	38.0950000000000	0	0	0	0	0	0	0	0	0	0	0	0	0	0	0	0	0	0	0	0	0	0	0	0	0	0	0	0	0	0	0
0	0	0	0	0	0	0	0	0	0	0	0	0	0	0	0	0	0	0	0	0	0	0	0	0	0	0	0	0	0	0	0	0	0	31.7460000000000	63.4920000000000	81.7460000000000	100	100	100	100	100	91.4285000000000	82.8570000000000	91.4285000000000	100	100	100	100	100	55	10	10	10	10	10	12.8572500000000	15.7145000000000	35.3572500000000	55	55	55	77.5000000000000	100	100	100	100	100	100	100	82.5000000000000	65	39.9490000000000	14.8980000000000	12.4490000000000	10	10	10	31.4285000000000	52.8570000000000	53.9285000000000	55	47.5000000000000	40	25	10	26.0205000000000	42.0410000000000	63.2655000000000	84.4900000000000	92.2450000000000	100	100	100	94.0475000000000	88.0950000000000	44.0475000000000	0	0	0	0	0	0	0	0	0	0	0	0	0	0	0	0	0	0	0	0	0	0	0	0	0	0	0	0	0	0	0
0	0	0	0	0	0	0	0	0	0	0	0	0	0	0	0	0	0	0	0	0	0	0	0	0	0	0	0	0	0	0	0	0	0	50	100	100	100	100	100	100	100	82.8570000000000	65.7140000000000	82.8570000000000	100	100	100	100	100	55	10	10	10	10	10	15.7145000000000	21.4290000000000	60.7145000000000	100	100	100	100	100	100	100	100	100	100	100	100	100	59.8980000000000	19.7960000000000	14.8980000000000	10	10	10	10	10	10	10	10	10	10	10	11.3265000000000	12.6530000000000	40.8165000000000	68.9800000000000	84.4900000000000	100	100	100	100	100	50	0	0	0	0	0	0	0	0	0	0	0	0	0	0	0	0	0	0	0	0	0	0	0	0	0	0	0	0	0	0	0
0	0	0	0	0	0	0	0	0	0	0	0	0	0	0	0	0	0	0	0	0	0	0	0	0	0	0	0	0	0	0	0	0	0	50	100	100	100	100	100	78.5715000000000	57.1430000000000	47.5000000000000	37.8570000000000	46.4285000000000	55	67.8572500000000	80.7145000000000	67.8572500000000	55	32.5000000000000	10	10	10	10	10	35.3572500000000	60.7145000000000	80.3572500000000	100	100	100	100	100	100	100	100	100	100	100	100	100	79.9490000000000	59.8980000000000	34.9490000000000	10	10	10	10	10	10	10	20.2550000000000	30.5100000000000	20.2550000000000	10	10.6632500000000	11.3265000000000	25.4082500000000	39.4900000000000	69.7450000000000	100	100	100	100	100	70.9182500000000	41.8365000000000	20.9182500000000	0	0	0	0	0	0	0	0	0	0	0	0	0	0	0	0	0	0	0	0	0	0	0	0	0	0	0	0	0
0	0	0	0	0	0	0	0	0	0	0	0	0	0	0	0	0	0	0	0	0	0	0	0	0	0	0	0	0	0	0	0	0	0	50	100	100	100	100	100	57.1430000000000	14.2860000000000	12.1430000000000	10	10	10	35.7145000000000	61.4290000000000	35.7145000000000	10	10	10	10	10	10	10	55	100	100	100	100	100	100	100	100	100	100	100	100	100	100	100	100	100	55	10	10	10	10	10	10	10	30.5100000000000	51.0200000000000	30.5100000000000	10	10	10	10	10	55	100	100	100	100	100	91.8365000000000	83.6730000000000	41.8365000000000	0	0	0	0	0	0	0	0	0	0	0	0	0	0	0	0	0	0	0	0	0	0	0	0	0	0	0	0	0
0	0	0	0	0	0	0	0	0	0	0	0	0	0	0	0	0	0	0	0	0	0	0	0	0	0	0	0	0	0	0	0	19.0475000000000	38.0950000000000	69.0475000000000	100	100	100	100	100	56.6327500000000	13.2655000000000	11.6327500000000	10	10	10	22.8572500000000	35.7145000000000	22.8572500000000	10	10	10	10	10	10	10	55	100	100	100	100	100	100	100	100	100	100	100	100	100	100	100	100	100	55	10	10	10	10	10	30.3572500000000	50.7145000000000	63.1122500000000	75.5100000000000	42.7550000000000	10	10	10	10	10	32.5000000000000	55	55	55	77.5000000000000	100	95.9182500000000	91.8365000000000	57.8230000000000	23.8095000000000	11.9047500000000	0	0	0	0	0	0	0	0	0	0	0	0	0	0	0	0	0	0	0	0	0	0	0	0	0	0	0
0	0	0	0	0	0	0	0	0	0	0	0	0	0	0	0	0	0	0	0	0	0	0	0	0	0	0	0	0	0	0	0	38.0950000000000	76.1900000000000	88.0950000000000	100	100	100	100	100	56.1225000000000	12.2450000000000	11.1225000000000	10	10	10	10	10	10	10	10	10	10	10	10	10	55	100	100	100	100	100	100	100	100	100	100	100	100	100	100	100	100	100	55	10	10	10	10	10	50.7145000000000	91.4290000000000	95.7145000000000	100	55	10	10	10	10	10	10	10	10	10	55	100	100	100	73.8095000000000	47.6190000000000	23.8095000000000	0	0	0	0	0	0	0	0	0	0	0	0	0	0	0	0	0	0	0	0	0	0	0	0	0	0	0
0	0	0	0	0	0	0	0	0	0	0	0	0	0	0	0	0	0	0	0	0	0	0	0	0	0	0	0	0	0	0	0	44.0475000000000	88.0950000000000	94.0475000000000	100	100	100	78.5205000000000	57.0410000000000	34.0817500000000	11.1225000000000	10.5612500000000	10	10	10	10	10	10	10	10	10	10	10	10	10	40	70	85	100	100	100	100	100	100	100	100	100	100	100	100	100	100	100	55	10	10	10	10	10	50.7145000000000	91.4290000000000	95.7145000000000	100	66.7857500000000	33.5715000000000	21.7857500000000	10	10	10	10	10	10	10	46.0205000000000	82.0410000000000	91.0205000000000	100	86.9047500000000	73.8095000000000	57.3695000000000	40.9295000000000	20.4647500000000	0	0	0	0	0	0	0	0	0	0	0	0	0	0	0	0	0	0	0	0	0	0	0	0	0
0	0	0	0	0	0	0	0	0	0	0	0	0	0	0	0	0	0	0	0	0	0	0	0	0	0	0	0	0	0	0	0	50	100	100	100	100	100	57.0410000000000	14.0820000000000	12.0410000000000	10	10	10	10	10	10	10	10	10	10	10	10	10	10	10	25	40	70	100	100	100	100	100	100	100	100	100	100	100	100	100	100	100	55	10	10	10	10	10	50.7145000000000	91.4290000000000	95.7145000000000	100	78.5715000000000	57.1430000000000	33.5715000000000	10	10	10	10	10	10	10	37.0410000000000	64.0820000000000	82.0410000000000	100	100	100	90.9295000000000	81.8590000000000	40.9295000000000	0	0	0	0	0	0	0	0	0	0	0	0	0	0	0	0	0	0	0	0	0	0	0	0	0
0	0	0	0	0	0	0	0	0	0	0	0	0	0	0	0	0	0	0	0	0	0	0	0	0	0	0	0	0	0	17.8572500000000	35.7145000000000	67.8572500000000	100	100	100	88.9795000000000	77.9590000000000	45	12.0410000000000	23.8777500000000	35.7145000000000	45.3572500000000	55	55	55	55	55	55	55	50.7142500000000	46.4285000000000	28.2142500000000	10	10	10	17.5000000000000	25	49.6427500000000	74.2855000000000	64.6427500000000	55	77.5000000000000	100	100	100	100	100	100	100	100	100	100	100	55	10	10	10	10	10	30.3572500000000	50.7145000000000	75.3572500000000	100	89.2857500000000	78.5715000000000	66.7857500000000	55	55	55	51.7857500000000	48.5715000000000	29.2857500000000	10	23.5205000000000	37.0410000000000	68.5205000000000	100	100	100	95.4647500000000	90.9295000000000	45.4647500000000	0	0	0	0	0	0	0	0	0	0	0	0	0	0	0	0	0	0	0	0	0	0	0	0	0
0	0	0	0	0	0	0	0	0	0	0	0	0	0	0	0	0	0	0	0	0	0	0	0	0	0	0	0	0	0	35.7145000000000	71.4290000000000	85.7145000000000	100	100	100	77.9590000000000	55.9180000000000	32.9590000000000	10	35.7145000000000	61.4290000000000	80.7145000000000	100	100	100	100	100	100	100	91.4285000000000	82.8570000000000	46.4285000000000	10	10	10	10	10	29.2855000000000	48.5710000000000	29.2855000000000	10	55	100	100	100	100	100	100	100	100	100	100	100	55	10	10	10	10	10	10	10	55	100	100	100	100	100	100	100	93.5715000000000	87.1430000000000	48.5715000000000	10	10	10	55	100	100	100	100	100	50	0	0	0	0	0	0	0	0	0	0	0	0	0	0	0	0	0	0	0	0	0	0	0	0	0
0	0	0	0	0	0	0	0	0	0	0	0	0	0	0	0	0	0	0	0	0	0	0	0	0	0	0	0	0	0	42.8572500000000	85.7145000000000	92.8572500000000	100	100	100	66.4795000000000	32.9590000000000	21.4795000000000	10	45.3572500000000	80.7145000000000	90.3572500000000	100	100	100	100	100	100	100	80.1530000000000	60.3060000000000	35.1530000000000	10	10	10	10	10	19.6427500000000	29.2855000000000	19.6427500000000	10	55	100	100	100	100	100	100	100	100	100	100	100	55	10	10	10	10	10	10	10	55	100	100	100	100	100	98.6735000000000	97.3470000000000	72.9592500000000	48.5715000000000	29.2857500000000	10	10	10	45.0510000000000	80.1020000000000	90.0510000000000	100	100	100	58.8435000000000	17.6870000000000	8.84350000000000	0	0	0	0	0	0	0	0	0	0	0	0	0	0	0	0	0	0	0	0	0	0	0
0	0	0	0	0	0	0	0	0	0	0	0	0	0	0	0	0	0	0	0	0	0	0	0	0	0	0	0	0	0	50	100	100	100	100	100	55	10	10	10	55	100	100	100	100	100	100	100	100	100	68.8775000000000	37.7550000000000	23.8775000000000	10	10	10	10	10	10	10	10	10	55	100	100	100	100	100	100	100	100	100	100	100	55	10	10	10	10	10	10	10	55	100	100	100	100	100	97.3470000000000	94.6940000000000	52.3470000000000	10	10	10	10	10	35.1020000000000	60.2040000000000	80.1020000000000	100	100	100	67.6870000000000	35.3740000000000	17.6870000000000	0	0	0	0	0	0	0	0	0	0	0	0	0	0	0	0	0	0	0	0	0	0	0
0	0	0	0	0	0	0	0	0	0	0	0	0	0	0	0	0	0	0	0	0	0	0	0	0	0	0	0	0	0	50	100	100	100	81.7857500000000	63.5715000000000	36.7857500000000	10	30.3572500000000	50.7145000000000	75.3572500000000	100	100	100	99.2857500000000	98.5715000000000	99.2857500000000	100	100	100	61.9387500000000	23.8775000000000	16.9387500000000	10	10	10	10	10	10	10	10	10	55	100	100	100	100	100	100	100	100	100	100	100	55	10	10	10	10	10	10	10	55	100	100	100	100	100	96.5307500000000	93.0615000000000	51.5307500000000	10	10	10	10	10	22.5510000000000	35.1020000000000	47.5510000000000	60	80	100	73.1292500000000	46.2585000000000	23.1292500000000	0	0	0	0	0	0	0	0	0	0	0	0	0	0	0	0	0	0	0	0	0	0	0
0	0	0	0	0	0	0	0	0	0	0	0	0	0	0	0	0	0	0	0	0	0	0	0	0	0	0	0	0	0	50	100	100	100	63.5715000000000	27.1430000000000	18.5715000000000	10	50.7145000000000	91.4290000000000	95.7145000000000	100	100	100	98.5715000000000	97.1430000000000	98.5715000000000	100	100	100	55	10	10	10	10	10	10	10	10	10	10	10	55	100	100	100	100	100	100	100	100	100	100	100	55	10	10	10	10	10	10	10	55	100	100	100	100	100	95.7145000000000	91.4290000000000	50.7145000000000	10	10	10	10	10	10	10	15	20	60	100	78.5715000000000	57.1430000000000	28.5715000000000	0	0	0	0	0	0	0	0	0	0	0	0	0	0	0	0	0	0	0	0	0	0	0
0	0	0	0	0	0	0	0	0	0	0	0	0	0	0	0	0	0	0	0	0	0	0	0	0	0	0	0	0	0	50	100	100	100	63.5715000000000	27.1430000000000	18.5715000000000	10	36.1735000000000	62.3470000000000	81.1735000000000	100	77.5000000000000	55	54.2857500000000	53.5715000000000	76.7857500000000	100	100	100	77.5000000000000	55	53.4695000000000	51.9390000000000	30.9695000000000	10	10	10	10	10	10	10	55	100	100	100	100	100	100	100	100	100	100	100	55	10	10	10	10	10	10	10	38.6225000000000	67.2450000000000	83.6225000000000	100	100	100	95.7145000000000	91.4290000000000	50.7145000000000	10	13.0612500000000	16.1225000000000	29.1327500000000	42.1430000000000	26.0715000000000	10	12.5000000000000	15	57.5000000000000	100	78.5715000000000	57.1430000000000	28.5715000000000	0	0	0	0	0	0	0	0	0	0	0	0	0	0	0	0	0	0	0	0	0	0	0
0	0	0	0	0	0	0	0	0	0	0	0	0	0	0	0	0	0	0	0	0	0	0	0	0	0	0	0	0	0	50	100	100	100	63.5715000000000	27.1430000000000	18.5715000000000	10	21.6325000000000	33.2650000000000	66.6325000000000	100	55	10	10	10	55	100	100	100	100	100	96.9390000000000	93.8780000000000	51.9390000000000	10	10	10	10	10	10	10	55	100	100	100	100	100	100	100	100	100	100	100	55	10	10	10	10	10	10	10	22.2450000000000	34.4900000000000	67.2450000000000	100	100	100	95.7145000000000	91.4290000000000	50.7145000000000	10	16.1225000000000	22.2450000000000	48.2655000000000	74.2860000000000	42.1430000000000	10	10	10	55	100	78.5715000000000	57.1430000000000	28.5715000000000	0	0	0	0	0	0	0	0	0	0	0	0	0	0	0	0	0	0	0	0	0	0	0
0	0	0	0	0	0	0	0	0	0	0	0	0	0	0	0	0	0	0	0	0	0	0	0	0	0	0	0	0	0	50	100	100	100	63.5715000000000	27.1430000000000	18.5715000000000	10	15.8162500000000	21.6325000000000	38.3162500000000	55	32.5000000000000	10	10	10	32.5000000000000	55	62.8060000000000	70.6120000000000	85.3060000000000	100	94.3877500000000	88.7755000000000	49.3877500000000	10	10	10	10	10	10	10	43.2142500000000	76.4285000000000	88.2142500000000	100	90.2040000000000	80.4080000000000	90.2040000000000	100	100	100	83.9285000000000	67.8570000000000	38.9285000000000	10	10	10	10	10	10	10	16.1225000000000	22.2450000000000	38.6225000000000	55	55	55	52.8572500000000	50.7145000000000	30.3572500000000	10	35.5612500000000	61.1225000000000	74.1327500000000	87.1430000000000	65.7142500000000	44.2855000000000	44.2855000000000	44.2855000000000	72.1427500000000	100	67.6870000000000	35.3740000000000	17.6870000000000	0	0	0	0	0	0	0	0	0	0	0	0	0	0	0	0	0	0	0	0	0	0	0
0	0	0	0	0	0	0	0	0	0	0	0	0	0	0	0	0	0	0	0	0	0	0	0	0	0	0	0	0	0	50	100	100	100	63.5715000000000	27.1430000000000	18.5715000000000	10	10	10	10	10	10	10	10	10	10	10	25.6120000000000	41.2240000000000	70.6120000000000	100	91.8365000000000	83.6730000000000	46.8365000000000	10	10	10	10	10	10	10	31.4285000000000	52.8570000000000	76.4285000000000	100	80.4080000000000	60.8160000000000	80.4080000000000	100	100	100	67.8570000000000	35.7140000000000	22.8570000000000	10	10	10	10	10	10	10	10	10	10	10	10	10	10	10	10	10	55	100	100	100	89.2855000000000	78.5710000000000	78.5710000000000	78.5710000000000	89.2855000000000	100	56.8025000000000	13.6050000000000	6.80250000000000	0	0	0	0	0	0	0	0	0	0	0	0	0	0	0	0	0	0	0	0	0	0	0
0	0	0	0	0	0	0	0	0	0	0	0	0	0	0	0	0	0	0	0	0	0	0	0	0	0	0	0	0	0	44.2177500000000	88.4355000000000	94.2177500000000	100	78.3162500000000	56.6325000000000	33.3162500000000	10	10	10	32.5000000000000	55	55	55	55	55	48.9795000000000	42.9590000000000	34.2855000000000	25.6120000000000	40.3060000000000	55	50.9182500000000	46.8365000000000	28.4182500000000	10	10	10	10	10	10	10	20.7142500000000	31.4285000000000	43.2142500000000	55	45.2040000000000	35.4080000000000	60.7652500000000	86.1225000000000	93.0612500000000	100	61.4285000000000	22.8570000000000	16.4285000000000	10	10	10	10	10	10	10	10	10	10	10	10	10	10	10	10	10	36.7857500000000	63.5715000000000	81.7857500000000	100	94.6427500000000	89.2855000000000	89.2855000000000	89.2855000000000	94.6427500000000	100	53.4012500000000	6.80250000000000	3.40125000000000	0	0	0	0	0	0	0	0	0	0	0	0	0	0	0	0	0	0	0	0	0	0	0
0	0	0	0	0	0	0	0	0	0	0	0	0	0	0	0	0	0	0	0	0	0	0	0	0	0	0	0	0	0	38.4355000000000	76.8710000000000	88.4355000000000	100	93.0610000000000	86.1220000000000	48.0610000000000	10	10	10	55	100	100	100	100	100	87.9590000000000	75.9180000000000	42.9590000000000	10	10	10	10	10	10	10	10	10	10	10	10	10	10	10	10	10	10	10	41.1225000000000	72.2450000000000	86.1225000000000	100	55	10	10	10	10	10	10	10	10	10	10	10	10	10	10	10	10	10	10	10	18.5715000000000	27.1430000000000	63.5715000000000	100	100	100	100	100	100	100	50	0	0	0	0	0	0	0	0	0	0	0	0	0	0	0	0	0	0	0	0	0	0	0	0	0
0	0	0	0	0	0	0	0	0	0	0	0	0	0	0	0	0	0	0	0	0	0	0	0	0	0	0	0	0	0	19.2177500000000	38.4355000000000	69.2177500000000	100	96.5305000000000	93.0610000000000	70.8162500000000	48.5715000000000	51.7857500000000	55	77.5000000000000	100	100	100	100	100	93.9795000000000	87.9590000000000	71.4795000000000	55	32.5000000000000	10	10	10	10	10	10	10	10	10	10	10	10	10	10	10	7.65300000000000	5.30600000000000	23.2142500000000	41.1225000000000	48.0612500000000	55	32.5000000000000	10	10	10	10	10	10	10	10	10	10	10	29.2857500000000	48.5715000000000	48.5715000000000	48.5715000000000	29.2857500000000	10	10	10	18.5715000000000	27.1430000000000	63.5715000000000	100	100	100	100	100	100	100	50	0	0	0	0	0	0	0	0	0	0	0	0	0	0	0	0	0	0	0	0	0	0	0	0	0
0	0	0	0	0	0	0	0	0	0	0	0	0	0	0	0	0	0	0	0	0	0	0	0	0	0	0	0	0	0	0	0	50	100	100	100	93.5715000000000	87.1430000000000	93.5715000000000	100	100	100	100	100	100	100	100	100	100	100	55	10	10	10	10	10	10	10	10	10	10	10	10	10	10	10	5.30600000000000	0.612000000000000	5.30600000000000	10	10	10	10	10	10	10	10	10	10	10	10	10	10	10	48.5715000000000	87.1430000000000	87.1430000000000	87.1430000000000	48.5715000000000	10	10	10	18.5715000000000	27.1430000000000	63.5715000000000	100	100	100	100	100	100	100	50	0	0	0	0	0	0	0	0	0	0	0	0	0	0	0	0	0	0	0	0	0	0	0	0	0
0	0	0	0	0	0	0	0	0	0	0	0	0	0	0	0	0	0	0	0	0	0	0	0	0	0	0	0	0	0	0	0	49.4330000000000	98.8660000000000	99.4330000000000	100	96.7857500000000	93.5715000000000	96.7857500000000	100	100	100	100	100	100	100	100	100	100	100	73.2142500000000	46.4285000000000	28.2142500000000	10	10	10	16.7857500000000	23.5715000000000	29.3877500000000	35.2040000000000	22.6020000000000	10	10	10	10	10	5.15300000000000	0.306000000000000	5.15300000000000	10	10	10	10	10	30.3572500000000	50.7145000000000	30.3572500000000	10	10	10	10	10	10	10	51.7857500000000	93.5715000000000	93.5715000000000	93.5715000000000	74.2857500000000	55	55	55	59.2857500000000	63.5715000000000	81.7857500000000	100	100	100	100	100	90.4762500000000	80.9525000000000	40.4762500000000	0	0	0	0	0	0	0	0	0	0	0	0	0	0	0	0	0	0	0	0	0	0	0	0	0
0	0	0	0	0	0	0	0	0	0	0	0	0	0	0	0	0	0	0	0	0	0	0	0	0	0	0	0	0	0	0	0	48.8660000000000	97.7320000000000	98.8660000000000	100	100	100	100	100	100	100	100	100	100	100	100	100	100	100	91.4285000000000	82.8570000000000	46.4285000000000	10	10	10	23.5715000000000	37.1430000000000	48.7755000000000	60.4080000000000	35.2040000000000	10	10	10	10	10	5	0	5	10	10	10	10	10	50.7145000000000	91.4290000000000	50.7145000000000	10	10	10	10	10	10	10	55	100	100	100	100	100	100	100	100	100	100	100	100	100	100	100	80.9525000000000	61.9050000000000	30.9525000000000	0	0	0	0	0	0	0	0	0	0	0	0	0	0	0	0	0	0	0	0	0	0	0	0	0
0	0	0	0	0	0	0	0	0	0	0	0	0	0	0	0	0	0	0	0	0	0	0	0	0	0	0	0	0	0	25	50	74.4330000000000	98.8660000000000	99.4330000000000	100	81.6327500000000	63.2655000000000	81.6327500000000	100	100	100	100	100	100	100	100	100	78.5715000000000	57.1430000000000	51.7857500000000	46.4285000000000	49.6427500000000	52.8570000000000	52.8570000000000	52.8570000000000	60.7142500000000	68.5715000000000	74.3877500000000	80.2040000000000	57.3470000000000	34.4900000000000	22.2450000000000	10	8.69050000000000	7.38100000000000	3.69050000000000	0	5	10	10	10	32.1940000000000	54.3880000000000	75.0512500000000	95.7145000000000	52.8572500000000	10	10	10	10	10	10	10	55	100	100	100	100	100	100	100	100	100	100	100	100	100	100	100	90.4762500000000	80.9525000000000	40.4762500000000	0	0	0	0	0	0	0	0	0	0	0	0	0	0	0	0	0	0	0	0	0	0	0	0	0
0	0	0	0	0	0	0	0	0	0	0	0	0	0	0	0	0	0	0	0	0	0	0	0	0	0	0	0	0	0	50	100	100	100	100	100	63.2655000000000	26.5310000000000	63.2655000000000	100	100	100	100	100	100	100	100	100	57.1430000000000	14.2860000000000	12.1430000000000	10	52.8570000000000	95.7140000000000	95.7140000000000	95.7140000000000	97.8570000000000	100	100	100	79.4900000000000	58.9800000000000	34.4900000000000	10	7.38100000000000	4.76200000000000	2.38100000000000	0	5	10	10	10	54.3880000000000	98.7760000000000	99.3880000000000	100	55	10	10	10	10	10	10	10	55	100	100	100	100	100	100	100	100	100	100	100	100	100	100	100	100	100	50	0	0	0	0	0	0	0	0	0	0	0	0	0	0	0	0	0	0	0	0	0	0	0	0	0
0	0	0	0	0	0	0	0	0	0	0	0	0	0	0	0	0	0	0	0	0	0	0	0	0	0	0	0	0	0	50	100	100	100	100	100	59.1327500000000	18.2655000000000	36.6327500000000	55	77.5000000000000	100	100	100	98.9285000000000	97.8570000000000	76.4285000000000	55	33.5715000000000	12.1430000000000	33.5715000000000	55	76.4285000000000	97.8570000000000	97.8570000000000	97.8570000000000	98.9285000000000	100	100	100	89.7450000000000	79.4900000000000	44.7450000000000	10	6.19050000000000	2.38100000000000	1.19050000000000	0	5	10	10	10	54.6940000000000	99.3880000000000	99.6940000000000	100	77.5000000000000	55	55	55	32.5000000000000	10	10	10	32.5000000000000	55	77.5000000000000	100	100	100	100	100	100	100	100	100	100	100	100	100	100	100	75	50	25	0	0	0	0	0	0	0	0	0	0	0	0	0	0	0	0	0	0	0	0	0	0	0
0	0	0	0	0	0	0	0	0	0	0	0	0	0	0	0	0	0	0	0	0	0	0	0	0	0	0	0	0	0	50	100	100	100	100	100	55	10	10	10	55	100	100	100	97.8570000000000	95.7140000000000	52.8570000000000	10	10	10	55	100	100	100	100	100	100	100	100	100	100	100	55	10	5	0	0	0	5	10	10	10	55	100	100	100	100	100	100	100	55	10	10	10	10	10	55	100	100	100	100	100	100	100	100	100	100	100	100	100	100	100	100	100	50	0	0	0	0	0	0	0	0	0	0	0	0	0	0	0	0	0	0	0	0	0	0	0
0	0	0	0	0	0	0	0	0	0	0	0	0	0	0	0	0	0	0	0	0	0	0	0	0	0	0	0	17.0635000000000	34.1270000000000	67.0635000000000	100	100	100	100	100	58.2142500000000	16.4285000000000	13.2142500000000	10	32.5000000000000	55	55	55	53.9285000000000	52.8570000000000	31.4285000000000	10	13.2142500000000	16.4285000000000	58.2142500000000	100	100	100	100	100	100	100	100	100	100	100	66.7857500000000	33.5715000000000	16.7857500000000	0	0	0	3.97400000000000	7.94800000000000	23.9740000000000	40	70	100	100	100	100	100	100	100	77.5000000000000	55	55	55	32.5000000000000	10	33.5715000000000	57.1430000000000	78.5715000000000	100	100	100	100	100	100	100	100	100	100	100	100	100	100	100	50	0	0	0	0	0	0	0	0	0	0	0	0	0	0	0	0	0	0	0	0	0	0	0
0	0	0	0	0	0	0	0	0	0	0	0	0	0	0	0	0	0	0	0	0	0	0	0	0	0	0	0	34.1270000000000	68.2540000000000	84.1270000000000	100	100	100	100	100	61.4285000000000	22.8570000000000	16.4285000000000	10	10	10	10	10	10	10	10	10	16.4285000000000	22.8570000000000	61.4285000000000	100	100	100	100	100	100	100	100	100	100	100	78.5715000000000	57.1430000000000	28.5715000000000	0	0	0	2.94800000000000	5.89600000000000	37.9480000000000	70	85	100	100	100	100	100	100	100	100	100	100	100	55	10	12.1430000000000	14.2860000000000	57.1430000000000	100	100	100	100	100	100	100	100	100	100	100	100	100	100	100	50	0	0	0	0	0	0	0	0	0	0	0	0	0	0	0	0	0	0	0	0	0	0	0
0	0	0	0	0	0	0	0	0	0	0	0	0	0	0	0	0	0	0	0	0	0	0	0	0	0	0	0	42.0635000000000	84.1270000000000	92.0635000000000	100	100	100	100	100	80.7142500000000	61.4285000000000	35.7142500000000	10	10	10	32.5000000000000	55	32.5000000000000	10	10	10	13.5202500000000	17.0405000000000	58.5202500000000	100	100	100	100	100	100	100	100	100	100	100	78.5715000000000	57.1430000000000	29.6485000000000	2.15400000000000	1.07700000000000	0	1.47400000000000	2.94800000000000	43.9740000000000	85	92.5000000000000	100	100	100	100	100	100	100	100	100	100	100	55	10	11.0715000000000	12.1430000000000	56.0715000000000	100	100	100	100	100	100	100	99.3877500000000	98.7755000000000	99.3877500000000	100	100	100	100	100	50	0	0	0	0	0	0	0	0	0	0	0	0	0	0	0	0	0	0	0	0	0	0	0
0	0	0	0	0	0	0	0	0	0	0	0	0	0	0	0	0	0	0	0	0	0	0	0	0	0	0	0	50	100	100	100	100	100	100	100	100	100	55	10	10	10	55	100	55	10	10	10	10.6120000000000	11.2240000000000	55.6120000000000	100	100	100	100	100	100	100	100	100	100	100	78.5715000000000	57.1430000000000	30.7255000000000	4.30800000000000	2.15400000000000	0	0	0	50	100	100	100	100	100	100	100	100	100	100	100	100	100	55	10	10	10	55	100	100	100	100	100	100	100	98.7755000000000	97.5510000000000	98.7755000000000	100	100	100	100	100	50	0	0	0	0	0	0	0	0	0	0	0	0	0	0	0	0	0	0	0	0	0	0	0
0	0	0	0	0	0	0	0	0	0	0	0	0	0	0	0	0	0	0	0	0	0	0	0	0	0	2.21100000000000	4.42200000000000	52.2110000000000	100	100	100	77.5000000000000	55	76.8877500000000	98.7755000000000	99.3877500000000	100	55	10	13.0612500000000	16.1225000000000	58.0612500000000	100	55	10	10	10	32.8060000000000	55.6120000000000	77.8060000000000	100	100	100	100	100	100	100	100	100	96.7857500000000	93.5715000000000	63.5715000000000	33.5715000000000	17.8627500000000	2.15400000000000	1.07700000000000	0	0	0	40.3572500000000	80.7145000000000	90.3572500000000	100	100	100	100	100	100	100	100	100	100	100	55	10	10	10	55	100	100	100	100	100	100	100	76.8877500000000	53.7755000000000	54.3877500000000	55	77.5000000000000	100	100	100	63.0952500000000	26.1905000000000	13.0952500000000	0	0	0	0	0	0	0	0	0	0	0	0	0	0	0	0	0	0	0	0	0
0	0	0	0	0	0	0	0	0	0	0	0	0	0	0	0	0	0	0	0	0	0	0	0	0	0	4.42200000000000	8.84400000000000	54.4220000000000	100	100	100	55	10	53.7755000000000	97.5510000000000	98.7755000000000	100	55	10	16.1225000000000	22.2450000000000	61.1225000000000	100	55	10	10	10	55	100	100	100	100	100	100	100	100	100	100	100	93.5715000000000	87.1430000000000	48.5715000000000	10	5	0	0	0	0	0	30.7145000000000	61.4290000000000	80.7145000000000	100	100	100	100	100	100	100	100	100	100	100	55	10	10	10	55	100	100	100	100	100	100	100	55	10	10	10	55	100	100	100	76.1905000000000	52.3810000000000	26.1905000000000	0	0	0	0	0	0	0	0	0	0	0	0	0	0	0	0	0	0	0	0	0
0	0	0	0	0	0	0	0	0	0	0	0	0	0	0	0	0	0	0	0	0	0	0	0	0	0	17.6872500000000	35.3745000000000	67.6872500000000	100	100	100	55	10	31.8877500000000	53.7755000000000	76.8877500000000	100	61.0205000000000	22.0410000000000	41.5817500000000	61.1225000000000	80.5612500000000	100	55	10	12.1427500000000	14.2855000000000	57.1427500000000	100	100	100	95.7142500000000	91.4285000000000	91.4285000000000	91.4285000000000	73.2142500000000	55	55	55	51.7857500000000	48.5715000000000	29.2857500000000	10	5	0	0	0	0	0	17.6985000000000	35.3970000000000	45.1985000000000	55	55	55	73.2142500000000	91.4285000000000	95.7142500000000	100	100	100	100	100	55	10	10	10	34.6427500000000	59.2855000000000	79.6427500000000	100	100	100	100	100	55	10	10	10	39.4387500000000	68.8775000000000	84.4387500000000	100	78.4580000000000	56.9160000000000	28.4580000000000	0	0	0	0	0	0	0	0	0	0	0	0	0	0	0	0	0	0	0	0	0
0	0	0	0	0	0	0	0	0	0	0	0	0	0	0	0	0	0	0	0	0	0	0	0	0	0	30.9525000000000	61.9050000000000	80.9525000000000	100	100	100	55	10	10	10	55	100	67.0410000000000	34.0820000000000	67.0410000000000	100	100	100	55	10	14.2855000000000	18.5710000000000	59.2855000000000	100	100	100	91.4285000000000	82.8570000000000	82.8570000000000	82.8570000000000	46.4285000000000	10	10	10	10	10	10	10	5	0	0	0	0	0	4.68250000000000	9.36500000000000	9.68250000000000	10	10	10	46.4285000000000	82.8570000000000	91.4285000000000	100	100	100	100	100	55	10	10	10	14.2855000000000	18.5710000000000	59.2855000000000	100	100	100	100	100	55	10	10	10	23.8775000000000	37.7550000000000	68.8775000000000	100	80.7255000000000	61.4510000000000	30.7255000000000	0	0	0	0	0	0	0	0	0	0	0	0	0	0	0	0	0	0	0	0	0
0	0	0	0	0	0	0	0	0	0	0	0	0	0	0	0	0	0	0	0	0	0	0	0	0	0	40.4762500000000	80.9525000000000	90.4762500000000	100	100	100	55	10	10	10	54.2347500000000	98.4695000000000	82.7552500000000	67.0410000000000	83.5205000000000	100	100	100	55	10	14.2855000000000	18.5710000000000	51.4795000000000	84.3880000000000	69.6940000000000	55	50.7142500000000	46.4285000000000	45.2890000000000	44.1495000000000	24.5747500000000	5	5	5	5	5	6.90475000000000	8.80950000000000	4.40475000000000	0	0	0	0	0	2.34125000000000	4.68250000000000	4.84125000000000	5	7.35825000000000	9.71650000000000	28.0725000000000	46.4285000000000	50.7142500000000	55	70.5102500000000	86.0205000000000	93.0102500000000	100	77.5000000000000	55	32.5000000000000	10	14.2855000000000	18.5710000000000	59.2855000000000	100	100	100	98.7245000000000	97.4490000000000	53.7245000000000	10	10	10	16.9387500000000	23.8775000000000	52.1427500000000	80.4080000000000	80.5667500000000	80.7255000000000	40.3627500000000	0	0	0	0	0	0	0	0	0	0	0	0	0	0	0	0	0	0	0	0	0
0	0	0	0	0	0	0	0	0	0	0	0	0	0	0	0	0	0	0	0	0	0	0	0	0	0	50	100	100	100	100	100	55	10	10	10	53.4695000000000	96.9390000000000	98.4695000000000	100	100	100	100	100	55	10	14.2855000000000	18.5710000000000	43.6735000000000	68.7760000000000	39.3880000000000	10	10	10	7.72100000000000	5.44200000000000	2.72100000000000	0	0	0	0	0	3.80950000000000	7.61900000000000	3.80950000000000	0	0	0	0	0	0	0	0	0	4.71650000000000	9.43300000000000	9.71650000000000	10	10	10	41.0205000000000	72.0410000000000	86.0205000000000	100	100	100	55	10	14.2855000000000	18.5710000000000	59.2855000000000	100	100	100	97.4490000000000	94.8980000000000	52.4490000000000	10	10	10	10	10	35.4080000000000	60.8160000000000	80.4080000000000	100	50	0	0	0	0	0	0	0	0	0	0	0	0	0	0	0	0	0	0	0	0	0
0	0	0	0	0	0	0	0	0	0	0	0	0	0	0	0	0	0	0	0	0	0	0	0	0	0	50	100	100	100	100	100	60.3572500000000	20.7145000000000	15.3572500000000	10	31.7347500000000	53.4695000000000	76.7347500000000	100	100	100	100	100	55	10	12.1427500000000	14.2855000000000	26.8367500000000	39.3880000000000	24.6940000000000	10	8.86050000000000	7.72100000000000	5.22100000000000	2.72100000000000	1.36050000000000	0	25	50	39.2857500000000	28.5715000000000	16.1905000000000	3.80950000000000	1.90475000000000	0	0	0	0	0	0	0	0	0	2.35825000000000	4.71650000000000	6.30375000000000	7.89100000000000	8.94550000000000	10	25.5102500000000	41.0205000000000	48.0102500000000	55	77.5000000000000	100	55	10	20.1020000000000	30.2040000000000	65.1020000000000	100	100	100	88.4695000000000	76.9390000000000	43.4695000000000	10	21.7857500000000	33.5715000000000	44.2857500000000	55	67.7040000000000	80.4080000000000	90.2040000000000	100	50	0	0	0	0	0	0	0	0	0	0	0	0	0	0	0	0	0	0	0	0	0
0	0	0	0	0	0	0	0	0	0	0	0	0	0	0	0	0	0	0	0	0	0	0	0	0	0	50	100	100	100	100	100	65.7145000000000	31.4290000000000	20.7145000000000	10	10	10	55	100	100	100	100	100	55	10	10	10	10	10	10	10	7.72100000000000	5.44200000000000	2.72100000000000	0	0	0	50	100	78.5715000000000	57.1430000000000	28.5715000000000	0	0	0	0	0	0	0	0	0	0	0	0	0	2.89100000000000	5.78200000000000	7.89100000000000	10	10	10	10	10	55	100	55	10	25.9185000000000	41.8370000000000	70.9185000000000	100	100	100	79.4900000000000	58.9800000000000	34.4900000000000	10	33.5715000000000	57.1430000000000	78.5715000000000	100	100	100	100	100	50	0	0	0	0	0	0	0	0	0	0	0	0	0	0	0	0	0	0	0	0	0
0	0	0	0	0	0	0	0	0	0	0	0	0	0	0	0	0	0	0	0	0	0	0	0	0	0	50	100	100	100	100	100	82.8572500000000	65.7145000000000	37.8572500000000	10	10	10	46.0715000000000	82.1430000000000	91.0715000000000	100	100	100	55	10	10	10	10	10	10	10	6.36050000000000	2.72100000000000	1.36050000000000	0	13.8890000000000	27.7780000000000	63.8890000000000	100	89.2857500000000	78.5715000000000	39.2857500000000	0	0	0	0	0	0	0	5.55550000000000	11.1110000000000	30.5555000000000	50	50	50	26.4455000000000	2.89100000000000	3.94550000000000	5	7.50000000000000	10	10	10	32.5000000000000	55	32.5000000000000	10	40.4592500000000	70.9185000000000	85.4592500000000	100	100	100	67.2450000000000	34.4900000000000	22.2450000000000	10	44.2857500000000	78.5715000000000	89.2857500000000	100	100	100	100	100	61.9047500000000	23.8095000000000	11.9047500000000	0	0	0	0	0	0	0	0	0	0	0	0	0	0	0	0	0	0	0
0	0	0	0	0	0	0	0	0	0	0	0	0	0	0	0	0	0	0	0	0	0	0	0	0	0	50	100	100	100	100	100	100	100	55	10	10	10	37.1430000000000	64.2860000000000	82.1430000000000	100	100	100	55	10	10	10	10	10	10	10	5	0	0	0	27.7780000000000	55.5560000000000	77.7780000000000	100	100	100	50	0	0	0	0	0	0	0	11.1110000000000	22.2220000000000	61.1110000000000	100	100	100	50	0	0	0	5	10	10	10	10	10	10	10	55	100	100	100	100	100	55	10	10	10	55	100	100	100	100	100	100	100	73.8095000000000	47.6190000000000	23.8095000000000	0	0	0	0	0	0	0	0	0	0	0	0	0	0	0	0	0	0	0
0	0	0	0	0	0	0	0	0	0	0	0	0	0	0	0	0	0	0	0	0	0	0	0	0	0	50	100	100	100	100	100	100	100	77.5000000000000	55	43.0612500000000	31.1225000000000	34.1327500000000	37.1430000000000	46.0715000000000	55	68.9285000000000	82.8570000000000	46.4285000000000	10	10	10	10	10	9.52375000000000	9.04750000000000	4.52375000000000	0	2.72100000000000	5.44200000000000	41.6100000000000	77.7780000000000	88.8890000000000	100	100	100	50	0	0	0	0	0	0	0	30.5555000000000	61.1110000000000	80.5555000000000	100	100	100	62.4717500000000	24.9435000000000	12.4717500000000	0	4.76200000000000	9.52400000000000	9.76200000000000	10	10	10	10	10	55	100	100	100	98.3672500000000	96.7345000000000	53.3672500000000	10	10	10	32.5000000000000	55	72.1940000000000	89.3880000000000	94.6940000000000	100	100	100	78.7982500000000	57.5965000000000	28.7982500000000	0	0	0	0	0	0	0	0	0	0	0	0	0	0	0	0	0	0	0
0	0	0	0	0	0	0	0	0	0	0	0	0	0	0	0	0	0	0	0	0	0	0	0	0	0	50	100	100	100	100	100	100	100	100	100	76.1225000000000	52.2450000000000	31.1225000000000	10	10	10	37.8570000000000	65.7140000000000	37.8570000000000	10	10	10	10	10	9.04750000000000	8.09500000000000	4.04750000000000	0	5.44200000000000	10.8840000000000	55.4420000000000	100	100	100	100	100	50	0	0	0	0	0	0	0	50	100	100	100	100	100	74.9435000000000	49.8870000000000	24.9435000000000	0	4.52400000000000	9.04800000000000	9.52400000000000	10	10	10	10	10	55	100	100	100	96.7345000000000	93.4690000000000	51.7345000000000	10	10	10	10	10	44.3880000000000	78.7760000000000	89.3880000000000	100	100	100	83.7870000000000	67.5740000000000	33.7870000000000	0	0	0	0	0	0	0	0	0	0	0	0	0	0	0	0	0	0	0
0	0	0	0	0	0	0	0	0	0	0	0	0	0	0	0	0	0	0	0	0	0	0	0	14.2857500000000	28.5715000000000	64.2857500000000	100	100	100	100	100	100	100	100	100	88.0612500000000	76.1225000000000	43.0612500000000	10	10	10	23.9285000000000	37.8570000000000	23.9285000000000	10	10	10	10	10	7.02375000000000	4.04750000000000	2.02375000000000	0	27.7210000000000	55.4420000000000	77.7210000000000	100	100	100	100	100	68.1972500000000	36.3945000000000	18.1972500000000	0	0	0	19.5577500000000	39.1155000000000	69.5577500000000	100	100	100	100	100	87.4717500000000	74.9435000000000	37.4717500000000	0	2.26200000000000	4.52400000000000	7.26200000000000	10	10	10	10	10	34.6427500000000	59.2855000000000	79.6427500000000	100	75.8672500000000	51.7345000000000	33.1632500000000	14.5920000000000	25.6122500000000	36.6325000000000	45.8162500000000	55	72.1940000000000	89.3880000000000	94.6940000000000	100	100	100	91.8935000000000	83.7870000000000	41.8935000000000	0	0	0	0	0	0	0	0	0	0	0	0	0	0	0	0	0	0	0
0	0	0	0	0	0	0	0	0	0	0	0	0	0	0	0	0	0	0	0	0	0	0	0	28.5715000000000	57.1430000000000	78.5715000000000	100	100	100	100	100	100	100	100	100	100	100	55	10	10	10	10	10	10	10	10	10	10	10	5	0	0	0	50	100	100	100	100	100	100	100	86.3945000000000	72.7890000000000	36.3945000000000	0	0	0	39.1155000000000	78.2310000000000	89.1155000000000	100	100	100	100	100	100	100	50	0	0	0	5	10	10	10	10	10	14.2855000000000	18.5710000000000	59.2855000000000	100	55	10	14.5920000000000	19.1840000000000	41.2245000000000	63.2650000000000	81.6325000000000	100	100	100	100	100	100	100	100	100	50	0	0	0	0	0	0	0	0	0	0	0	0	0	0	0	0	0	0	0
0	0	0	0	0	0	0	0	0	0	0	0	0	0	0	0	0	0	0	0	0	0	0	0	39.2857500000000	78.5715000000000	89.2857500000000	100	92.8572500000000	85.7145000000000	92.8572500000000	100	100	100	100	100	100	100	57.1427500000000	14.2855000000000	12.1427500000000	10	10	10	10	10	10	10	10	10	5	0	0	0	50	100	100	100	100	100	100	100	93.1972500000000	86.3945000000000	61.3377500000000	36.2810000000000	24.9432500000000	13.6055000000000	51.3605000000000	89.1155000000000	94.5577500000000	100	100	100	100	100	100	100	51.7007500000000	3.40150000000000	1.70075000000000	0	5	10	10	10	10	10	12.1427500000000	14.2855000000000	34.6427500000000	55	32.5000000000000	10	34.7960000000000	59.5920000000000	70.6122500000000	81.6325000000000	90.8162500000000	100	100	100	100	100	100	100	100	100	50	0	0	0	0	0	0	0	0	0	0	0	0	0	0	0	0	0	0	0
0	0	0	0	0	0	0	0	0	0	0	0	0	0	0	0	0	0	0	0	0	0	0	0	50	100	100	100	85.7145000000000	71.4290000000000	85.7145000000000	100	100	100	100	100	100	100	59.2855000000000	18.5710000000000	14.2855000000000	10	10	10	10	10	10	10	10	10	5	0	0	0	50	100	100	100	100	100	100	100	100	100	86.2810000000000	72.5620000000000	49.8865000000000	27.2110000000000	63.6055000000000	100	100	100	100	100	100	100	100	100	53.4015000000000	6.80300000000000	3.40150000000000	0	5	10	10	10	10	10	10	10	10	10	10	10	55	100	100	100	100	100	100	100	100	100	100	100	100	100	50	0	0	0	0	0	0	0	0	0	0	0	0	0	0	0	0	0	0	0
0	0	0	0	0	0	0	0	0	0	0	0	0	0	0	0	0	0	0	0	0	0	0	0	50	100	100	100	70.3572500000000	40.7145000000000	58.5715000000000	76.4285000000000	76.4285000000000	76.4285000000000	76.4285000000000	76.4285000000000	76.4285000000000	76.4285000000000	46.3775000000000	16.3265000000000	13.1632500000000	10	10	10	21.7857500000000	33.5715000000000	21.7857500000000	10	10	10	5	0	0	0	50	100	100	100	100	100	100	100	100	100	93.1405000000000	86.2810000000000	74.9432500000000	63.6055000000000	81.8027500000000	100	100	100	100	100	100	100	100	100	55.2722500000000	10.5445000000000	5.27225000000000	0	5	10	10	10	10	10	10	10	10	10	10	10	32.5000000000000	55	55	55	55	55	59.4897500000000	63.9795000000000	81.9897500000000	100	100	100	100	100	50	0	0	0	0	0	0	0	0	0	0	0	0	0	0	0	0	0	0	0
0	0	0	0	0	0	0	0	0	0	0	0	0	0	0	0	0	0	0	0	0	0	0	0	50	100	100	100	55	10	31.4285000000000	52.8570000000000	52.8570000000000	52.8570000000000	52.8570000000000	52.8570000000000	52.8570000000000	52.8570000000000	33.4695000000000	14.0820000000000	12.0410000000000	10	10	10	33.5715000000000	57.1430000000000	33.5715000000000	10	10	10	5	0	0	0	50	100	100	100	100	100	100	100	100	100	100	100	100	100	100	100	100	100	100	100	100	100	100	100	57.1430000000000	14.2860000000000	7.14300000000000	0	5	10	10	10	10	10	10	10	10	10	10	10	10	10	10	10	10	10	18.9795000000000	27.9590000000000	63.9795000000000	100	100	100	100	100	50	0	0	0	0	0	0	0	0	0	0	0	0	0	0	0	0	0	0	0
0	0	0	0	0	0	0	0	0	0	0	0	0	0	0	0	0	0	0	0	0	0	0	0	50	100	100	100	62.5000000000000	25	28.2142500000000	31.4285000000000	31.4285000000000	31.4285000000000	31.4285000000000	31.4285000000000	31.4285000000000	31.4285000000000	21.7347500000000	12.0410000000000	11.0205000000000	10	22.8572500000000	35.7145000000000	57.1430000000000	78.5715000000000	66.7857500000000	55	53.6225000000000	52.2450000000000	27.2790000000000	2.31300000000000	1.15650000000000	0	32.1427500000000	64.2855000000000	82.1427500000000	100	100	100	100	100	100	100	100	100	100	100	100	100	100	100	100	100	100	100	100	100	57.1430000000000	14.2860000000000	9.40500000000000	4.52400000000000	7.26200000000000	10	10	10	10	10	10	10	10	10	10	10	10	10	22.8572500000000	35.7145000000000	35.7145000000000	35.7145000000000	49.8470000000000	63.9795000000000	81.9897500000000	100	100	100	100	100	50	0	0	0	0	0	0	0	0	0	0	0	0	0	0	0	0	0	0	0
0	0	0	0	0	0	0	0	0	0	0	0	0	0	0	0	0	0	0	0	0	0	0	0	50	100	100	100	70	40	25	10	10	10	10	10	10	10	10	10	10	10	35.7145000000000	61.4290000000000	80.7145000000000	100	100	100	97.2450000000000	94.4900000000000	49.5580000000000	4.62600000000000	2.31300000000000	0	14.2855000000000	28.5710000000000	64.2855000000000	100	100	100	100	100	100	100	100	100	100	100	100	100	100	100	100	100	100	100	100	100	57.1430000000000	14.2860000000000	11.6670000000000	9.04800000000000	9.52400000000000	10	10	10	10	10	10	10	10	10	10	10	10	10	35.7145000000000	61.4290000000000	61.4290000000000	61.4290000000000	80.7145000000000	100	100	100	100	100	100	100	50	0	0	0	0	0	0	0	0	0	0	0	0	0	0	0	0	0	0	0
0	0	0	0	0	0	0	0	0	0	0	0	0	0	0	0	0	0	0	0	0	0	0	0	50	100	100	100	85	70	40	10	10	10	10	10	10	10	10	10	10	10	45.3572500000000	80.7145000000000	90.3572500000000	100	100	100	98.6225000000000	97.2450000000000	72.9650000000000	48.6850000000000	24.3425000000000	0	7.14275000000000	14.2855000000000	46.8252500000000	79.3650000000000	89.6825000000000	100	100	100	100	100	100	100	100	100	100	100	100	100	100	100	100	100	84.5237500000000	69.0475000000000	39.4217500000000	9.79600000000000	9.66000000000000	9.52400000000000	9.76200000000000	10	23.9285000000000	37.8570000000000	23.9285000000000	10	10	10	10	10	12.6530000000000	15.3060000000000	35.1530000000000	55	63.8777500000000	72.7555000000000	54.2350000000000	35.7145000000000	45.3572500000000	55	69.5407500000000	84.0815000000000	92.0407500000000	100	100	100	50	0	0	0	0	0	0	0	0	0	0	0	0	0	0	0	0	0	0	0
0	0	0	0	0	0	0	0	0	0	0	0	0	0	0	0	0	0	0	0	0	0	0	0	50	100	100	100	100	100	55	10	10	10	10	10	10	10	10	10	10	10	55	100	100	100	100	100	100	100	96.3720000000000	92.7440000000000	46.3720000000000	0	0	0	29.3650000000000	58.7300000000000	79.3650000000000	100	100	100	100	100	100	100	100	100	100	100	100	100	100	100	100	100	69.0475000000000	38.0950000000000	21.7005000000000	5.30600000000000	7.65300000000000	10	10	10	37.8570000000000	65.7140000000000	37.8570000000000	10	10	10	10	10	15.3060000000000	20.6120000000000	60.3060000000000	100	92.0410000000000	84.0820000000000	47.0410000000000	10	10	10	39.0815000000000	68.1630000000000	84.0815000000000	100	100	100	50	0	0	0	0	0	0	0	0	0	0	0	0	0	0	0	0	0	0	0
0	0	0	0	0	0	0	0	0	0	0	0	0	0	0	0	0	0	0	0	0	0	0	0	50	100	100	100	100	100	77.5000000000000	55	36.0715000000000	17.1430000000000	13.5715000000000	10	10	10	10	10	10	10	55	100	100	100	100	100	100	100	98.1860000000000	96.3720000000000	48.1860000000000	0	0	0	14.6825000000000	29.3650000000000	64.6825000000000	100	100	100	100	100	100	100	100	100	100	100	100	100	75	50	50	50	34.5237500000000	19.0475000000000	35.8502500000000	52.6530000000000	47.0407500000000	41.4285000000000	40	38.5715000000000	60.7142500000000	82.8570000000000	68.9285000000000	55	32.5000000000000	10	10	10	16.9387500000000	23.8775000000000	58.3672500000000	92.8570000000000	69.9490000000000	47.0410000000000	28.5205000000000	10	10	10	42.7550000000000	75.5100000000000	87.7550000000000	100	100	100	50	0	0	0	0	0	0	0	0	0	0	0	0	0	0	0	0	0	0	0
0	0	0	0	0	0	0	0	0	0	0	0	0	0	0	0	0	0	0	0	0	0	0	0	50	100	100	100	100	100	100	100	62.1430000000000	24.2860000000000	17.1430000000000	10	10	10	10	10	10	10	55	100	100	100	100	100	100	100	100	100	50	0	0	0	0	0	50	100	100	100	100	100	100	100	100	100	100	100	100	100	50	0	0	0	0	0	50	100	86.4285000000000	72.8570000000000	70	67.1430000000000	83.5715000000000	100	100	100	55	10	10	10	18.5715000000000	27.1430000000000	56.4285000000000	85.7140000000000	47.8570000000000	10	10	10	10	10	46.4285000000000	82.8570000000000	91.4285000000000	100	100	100	50	0	0	0	0	0	0	0	0	0	0	0	0	0	0	0	0	0	0	0
0	0	0	0	0	0	0	0	0	0	0	0	0	0	0	0	0	0	0	0	0	0	0	0	50	100	100	100	100	100	100	100	81.0715000000000	62.1430000000000	36.0715000000000	10	10	10	10	10	10	10	55	100	100	100	100	100	100	100	77.5000000000000	55	29.8300000000000	4.66000000000000	2.33000000000000	0	0	0	25	50	75	100	100	100	90.6462500000000	81.2925000000000	82.9932500000000	84.6940000000000	92.3470000000000	100	100	100	50	0	0	0	23.6395000000000	47.2790000000000	73.6395000000000	100	93.2142500000000	86.4285000000000	85	83.5715000000000	91.7857500000000	100	100	100	55	10	10	10	14.2857500000000	18.5715000000000	33.2142500000000	47.8570000000000	28.9285000000000	10	15.3572500000000	20.7145000000000	37.8572500000000	55	73.2142500000000	91.4285000000000	95.7142500000000	100	100	100	50	0	0	0	0	0	0	0	0	0	0	0	0	0	0	0	0	0	0	0
0	0	0	0	0	0	0	0	0	0	0	0	0	0	0	0	0	0	0	0	0	0	0	0	50	100	100	100	100	100	100	100	100	100	55	10	10	10	10	10	10	10	55	100	100	100	100	100	100	100	55	10	9.66000000000000	9.32000000000000	4.66000000000000	0	0	0	0	0	50	100	100	100	81.2925000000000	62.5850000000000	65.9865000000000	69.3880000000000	84.6940000000000	100	100	100	50	0	0	0	47.2790000000000	94.5580000000000	97.2790000000000	100	100	100	100	100	100	100	100	100	55	10	10	10	10	10	10	10	10	10	20.7145000000000	31.4290000000000	65.7145000000000	100	100	100	100	100	100	100	50	0	0	0	0	0	0	0	0	0	0	0	0	0	0	0	0	0	0	0
0	0	0	0	0	0	0	0	0	0	0	0	0	0	0	0	0	0	0	0	0	0	0	0	50	100	100	100	100	100	100	100	100	100	55	10	10	10	10	10	10	10	55	100	100	100	100	100	77.5000000000000	55	32.5000000000000	10	9.83000000000000	9.66000000000000	6.19050000000000	2.72100000000000	1.36050000000000	0	0	0	50	100	100	100	65.6462500000000	31.2925000000000	32.9932500000000	34.6940000000000	67.3470000000000	100	100	100	50	0	0	0	48.6395000000000	97.2790000000000	98.6395000000000	100	100	100	100	100	100	100	99.1837500000000	98.3675000000000	54.1837500000000	10	10	10	10	10	10	10	10	10	37.8572500000000	65.7145000000000	76.3267500000000	86.9390000000000	74.0307500000000	61.1225000000000	60.6122500000000	60.1020000000000	80.0510000000000	100	50	0	0	0	0	0	0	0	0	0	0	0	0	0	0	0	0	0	0	0
0	0	0	0	0	0	0	0	0	0	0	0	0	0	0	0	0	0	0	0	0	0	0	0	50	100	100	100	100	100	100	100	100	100	55	10	10	10	10	10	10	10	55	100	100	100	100	100	55	10	10	10	10	10	7.72100000000000	5.44200000000000	2.72100000000000	0	0	0	50	100	100	100	50	0	0	0	50	100	100	100	50	0	0	0	50	100	100	100	100	100	100	100	100	100	98.3675000000000	96.7350000000000	53.3675000000000	10	10	10	10	10	10	10	10	10	55	100	86.9390000000000	73.8780000000000	48.0615000000000	22.2450000000000	21.2245000000000	20.2040000000000	60.1020000000000	100	50	0	0	0	0	0	0	0	0	0	0	0	0	0	0	0	0	0	0	0
0	0	0	0	0	0	0	0	0	0	0	0	0	0	0	0	0	0	0	0	0	0	0	0	50	100	100	100	77.5000000000000	55	55	55	55	55	32.5000000000000	10	10	10	10	10	10	10	32.5000000000000	55	59.2857500000000	63.5715000000000	81.7857500000000	100	77.5000000000000	55	55	55	55	55	52.6360000000000	50.2720000000000	25.1360000000000	0	0	0	27.0407500000000	54.0815000000000	77.0407500000000	100	50	0	0	0	50	100	76.5872500000000	53.1745000000000	26.5872500000000	0	19.0475000000000	38.0950000000000	69.0475000000000	100	100	100	100	100	82.6530000000000	65.3060000000000	64.4387500000000	63.5715000000000	62.5512500000000	61.5310000000000	35.7655000000000	10	10	10	10	10	10	10	10	10	32.5000000000000	55	48.4695000000000	41.9390000000000	29.0307500000000	16.1225000000000	15.6122500000000	15.1020000000000	57.5510000000000	100	50	0	0	0	0	0	0	0	0	0	0	0	0	0	0	0	0	0	0	0
0	0	0	0	0	0	0	0	0	0	0	0	0	0	0	0	0	0	0	0	0	0	0	0	50	100	100	100	55	10	10	10	10	10	10	10	10	10	10	10	10	10	10	10	18.5715000000000	27.1430000000000	63.5715000000000	100	100	100	100	100	100	100	97.5510000000000	95.1020000000000	47.5510000000000	0	0	0	4.08150000000000	8.16300000000000	54.0815000000000	100	50	0	0	0	50	100	53.1745000000000	6.34900000000000	3.17450000000000	0	38.0950000000000	76.1900000000000	88.0950000000000	100	100	100	100	100	65.3060000000000	30.6120000000000	28.8775000000000	27.1430000000000	26.7350000000000	26.3270000000000	18.1635000000000	10	10	10	10	10	10	10	10	10	10	10	10	10	10	10	10	10	55	100	50	0	0	0	0	0	0	0	0	0	0	0	0	0	0	0	0	0	0	0
0	0	0	0	0	0	0	0	0	0	0	0	0	0	0	0	0	0	0	0	0	0	0	0	50	100	100	100	62.5000000000000	25	17.5000000000000	10	10	10	10	10	10	10	10	10	10	10	10	10	14.2857500000000	18.5715000000000	38.9285000000000	59.2855000000000	79.6427500000000	100	100	100	100	100	98.7755000000000	97.5510000000000	51.1565000000000	4.76200000000000	2.38100000000000	0	2.04075000000000	4.08150000000000	30.6122500000000	57.1430000000000	28.5715000000000	0	0	0	25	50	26.5872500000000	3.17450000000000	1.58725000000000	0	38.6902500000000	77.3805000000000	88.6902500000000	100	100	100	77.5000000000000	55	37.6530000000000	20.3060000000000	38.7245000000000	57.1430000000000	37.6532500000000	18.1635000000000	14.0817500000000	10	10	10	10	10	10	10	10	10	16.4285000000000	22.8570000000000	28.3672500000000	33.8775000000000	21.9387500000000	10	30.8162500000000	51.6325000000000	75.8162500000000	100	50	0	0	0	0	0	0	0	0	0	0	0	0	0	0	0	0	0	0	0
0	0	0	0	0	0	0	0	0	0	0	0	0	0	0	0	0	0	0	0	0	0	0	0	50	100	100	100	70	40	25	10	10	10	10	10	10	10	10	10	10	10	10	10	10	10	14.2855000000000	18.5710000000000	59.2855000000000	100	100	100	100	100	100	100	54.7620000000000	9.52400000000000	4.76200000000000	0	0	0	7.14300000000000	14.2860000000000	7.14300000000000	0	0	0	0	0	0	0	0	0	39.2855000000000	78.5710000000000	89.2855000000000	100	100	100	55	10	10	10	48.5715000000000	87.1430000000000	48.5715000000000	10	10	10	10	10	10	10	10	10	10	10	22.8570000000000	35.7140000000000	46.7345000000000	57.7550000000000	33.8775000000000	10	51.6325000000000	93.2650000000000	96.6325000000000	100	50	0	0	0	0	0	0	0	0	0	0	0	0	0	0	0	0	0	0	0
0	0	0	0	0	0	0	0	0	0	0	0	0	0	0	0	0	0	0	0	0	0	0	0	50	100	100	100	85	70	45.8162500000000	21.6325000000000	15.8162500000000	10	10	10	10	10	32.5000000000000	55	32.5000000000000	10	10	10	10	10	12.1427500000000	14.2855000000000	57.1427500000000	100	100	100	100	100	100	100	54.8810000000000	9.76200000000000	6.28125000000000	2.80050000000000	1.40025000000000	0	3.57150000000000	7.14300000000000	3.57150000000000	0	0	0	0	0	9.04750000000000	18.0950000000000	11.4795000000000	4.86400000000000	24.5747500000000	44.2855000000000	72.1427500000000	100	100	100	77.5000000000000	55	55	55	74.2857500000000	93.5715000000000	73.2142500000000	52.8570000000000	31.4285000000000	10	10	10	10	10	10	10	10	10	38.9285000000000	67.8570000000000	73.3672500000000	78.8775000000000	66.9387500000000	55	75.8162500000000	96.6325000000000	98.3162500000000	100	50	0	0	0	0	0	0	0	0	0	0	0	0	0	0	0	0	0	0	0
0	0	0	0	0	0	0	0	0	0	0	0	0	0	0	0	0	0	0	0	0	0	0	0	50	100	100	100	100	100	66.6325000000000	33.2650000000000	21.6325000000000	10	10	10	10	10	55	100	55	10	10	10	10	10	10	10	55	100	100	100	100	100	100	100	55	10	7.80050000000000	5.60100000000000	2.80050000000000	0	0	0	0	0	0	0	0	0	18.0950000000000	36.1900000000000	22.9590000000000	9.72800000000000	9.86400000000000	10	55	100	100	100	100	100	100	100	100	100	97.8570000000000	95.7140000000000	52.8570000000000	10	10	10	10	10	10	10	10	10	55	100	100	100	100	100	100	100	100	100	50	0	0	0	0	0	0	0	0	0	0	0	0	0	0	0	0	0	0	0
0	0	0	0	0	0	0	0	0	0	0	0	0	0	0	0	0	0	0	0	0	0	0	0	50	100	100	100	100	100	83.3162500000000	66.6325000000000	60	53.3675000000000	31.6837500000000	10	10	10	55	100	55	10	10	10	32.5000000000000	55	32.5000000000000	10	55	100	100	100	100	100	93.5715000000000	87.1430000000000	48.5715000000000	10	8.90025000000000	7.80050000000000	28.2880000000000	48.7755000000000	48.1972500000000	47.6190000000000	26.1905000000000	4.76200000000000	4.88100000000000	5	27.0917500000000	49.1835000000000	58.6392500000000	68.0950000000000	38.9795000000000	9.86400000000000	9.93200000000000	10	50.9182500000000	91.8365000000000	95.9182500000000	100	100	100	100	100	100	100	77.4490000000000	54.8980000000000	32.4490000000000	10	10	10	10	10	10	10	10	10	32.8572500000000	55.7145000000000	77.8572500000000	100	100	100	100	100	100	100	50	0	0	0	0	0	0	0	0	0	0	0	0	0	0	0	0	0	0	0
0	0	0	0	0	0	0	0	0	0	0	0	0	0	0	0	0	0	0	0	0	0	0	0	50	100	100	100	100	100	100	100	98.3675000000000	96.7350000000000	53.3675000000000	10	10	10	55	100	55	10	10	10	55	100	55	10	55	100	100	100	100	100	87.1430000000000	74.2860000000000	42.1430000000000	10	10	10	53.7755000000000	97.5510000000000	96.3945000000000	95.2380000000000	52.3810000000000	9.52400000000000	9.76200000000000	10	54.1835000000000	98.3670000000000	99.1835000000000	100	55	10	10	10	46.8365000000000	83.6730000000000	91.8365000000000	100	100	100	100	100	100	100	57.0410000000000	14.0820000000000	12.0410000000000	10	10	10	10	10	10	10	10	10	10.7145000000000	11.4290000000000	55.7145000000000	100	100	100	100	100	100	100	50	0	0	0	0	0	0	0	0	0	0	0	0	0	0	0	0	0	0	0
0	0	0	0	0	0	0	0	0	0	0	0	0	0	0	0	0	0	0	0	0	0	0	0	25	50	75	100	100	100	100	100	99.1837500000000	98.3675000000000	54.1837500000000	10	29.2857500000000	48.5715000000000	74.2857500000000	100	55	10	10	10	55	100	55	10	35.7142500000000	61.4285000000000	80.7142500000000	100	100	100	71.0715000000000	42.1430000000000	26.0715000000000	10	10	10	41.5305000000000	73.0610000000000	85.3400000000000	97.6190000000000	76.1905000000000	54.7620000000000	45.2382500000000	35.7145000000000	67.4490000000000	99.1835000000000	99.5917500000000	100	55	10	10	10	46.6325000000000	83.2650000000000	91.6325000000000	100	100	100	100	100	100	100	56.0205000000000	12.0410000000000	11.0205000000000	10	13.2142500000000	16.4285000000000	35.7142500000000	55	32.5000000000000	10	10	10	10.3572500000000	10.7145000000000	55.3572500000000	100	100	100	100	100	100	100	50	0	0	0	0	0	0	0	0	0	0	0	0	0	0	0	0	0	0	0
0	0	0	0	0	0	0	0	0	0	0	0	0	0	0	0	0	0	0	0	0	0	0	0	0	0	50	100	100	100	100	100	100	100	55	10	48.5715000000000	87.1430000000000	93.5715000000000	100	55	10	10	10	55	100	55	10	16.4285000000000	22.8570000000000	61.4285000000000	100	100	100	55	10	10	10	10	10	29.2855000000000	48.5710000000000	74.2855000000000	100	100	100	80.7145000000000	61.4290000000000	80.7145000000000	100	100	100	55	10	10	10	46.4285000000000	82.8570000000000	91.4285000000000	100	100	100	100	100	100	100	55	10	10	10	16.4285000000000	22.8570000000000	61.4285000000000	100	55	10	10	10	10	10	55	100	100	100	100	100	100	100	50	0	0	0	0	0	0	0	0	0	0	0	0	0	0	0	0	0	0	0
0	0	0	0	0	0	0	0	0	0	0	0	0	0	0	0	0	0	0	0	0	0	0	0	0	0	40.4762500000000	80.9525000000000	90.4762500000000	100	100	100	82.8572500000000	65.7145000000000	37.8572500000000	10	48.5715000000000	87.1430000000000	93.5715000000000	100	55	10	10	10	55	100	75.4592500000000	50.9185000000000	33.6735000000000	16.4285000000000	58.2142500000000	100	100	100	71.0715000000000	42.1430000000000	26.0715000000000	10	32.5000000000000	55	43.2142500000000	31.4285000000000	43.2142500000000	55	76.9897500000000	98.9795000000000	89.8470000000000	80.7145000000000	89.6940000000000	98.6735000000000	77.5510000000000	56.4285000000000	55.7142500000000	55	32.5000000000000	10	46.4285000000000	82.8570000000000	91.4285000000000	100	100	100	100	100	100	100	55	10	10	10	35.7142500000000	61.4285000000000	80.7142500000000	100	72.1427500000000	44.2855000000000	27.1427500000000	10	10	10	55	100	100	100	100	100	99.3765000000000	98.7530000000000	49.3765000000000	0	0	0	0	0	0	0	0	0	0	0	0	0	0	0	0	0	0	0
0	0	0	0	0	0	0	0	0	0	0	0	0	0	0	0	0	0	0	0	0	0	0	0	0	0	30.9525000000000	61.9050000000000	80.9525000000000	100	100	100	65.7145000000000	31.4290000000000	20.7145000000000	10	48.5715000000000	87.1430000000000	93.5715000000000	100	55	10	10	10	55	100	95.9185000000000	91.8370000000000	50.9185000000000	10	55	100	100	100	87.1430000000000	74.2860000000000	42.1430000000000	10	55	100	57.1430000000000	14.2860000000000	12.1430000000000	10	53.9795000000000	97.9590000000000	98.9795000000000	100	98.6735000000000	97.3470000000000	55.1020000000000	12.8570000000000	56.4285000000000	100	55	10	46.4285000000000	82.8570000000000	91.4285000000000	100	100	100	100	100	100	100	55	10	10	10	55	100	100	100	89.2855000000000	78.5710000000000	44.2855000000000	10	10	10	55	100	100	100	100	100	98.7530000000000	97.5060000000000	48.7530000000000	0	0	0	0	0	0	0	0	0	0	0	0	0	0	0	0	0	0	0
0	0	0	0	0	0	0	0	0	0	0	0	0	0	0	0	0	0	0	0	0	0	0	0	0	0	15.4762500000000	30.9525000000000	64.6825000000000	98.4125000000000	99.2062500000000	100	60.3572500000000	20.7145000000000	15.3572500000000	10	51.7857500000000	93.5715000000000	96.7857500000000	100	55	10	10	10	55	100	97.9592500000000	95.9185000000000	52.9592500000000	10	53.2652500000000	96.5305000000000	98.2652500000000	100	87.7552500000000	75.5105000000000	42.7552500000000	10	32.5000000000000	55	53.9287500000000	52.8575000000000	53.9287500000000	55	76.9897500000000	98.9795000000000	99.4897500000000	100	99.3367500000000	98.6735000000000	77.5510000000000	56.4285000000000	76.6837500000000	96.9390000000000	53.4695000000000	10	46.4285000000000	82.8570000000000	91.4285000000000	100	100	100	100	100	100	100	55	10	10	10	55	100	100	100	89.2855000000000	78.5710000000000	44.2855000000000	10	10	10	55	100	100	100	100	100	85.1475000000000	70.2950000000000	35.1475000000000	0	0	0	0	0	0	0	0	0	0	0	0	0	0	0	0	0	0	0
0	0	0	0	0	0	0	0	0	0	0	0	0	0	0	0	0	0	0	0	0	0	0	0	0	0	0	0	48.4125000000000	96.8250000000000	98.4125000000000	100	55	10	10	10	55	100	100	100	55	10	10	10	55	100	100	100	55	10	51.5305000000000	93.0610000000000	96.5305000000000	100	88.3675000000000	76.7350000000000	43.3675000000000	10	10	10	50.7145000000000	91.4290000000000	95.7145000000000	100	100	100	100	100	100	100	100	100	96.9390000000000	93.8780000000000	51.9390000000000	10	46.4285000000000	82.8570000000000	91.4285000000000	100	100	100	100	100	100	100	55	10	10	10	55	100	100	100	89.2855000000000	78.5710000000000	44.2855000000000	10	10	10	55	100	100	100	100	100	71.5420000000000	43.0840000000000	21.5420000000000	0	0	0	0	0	0	0	0	0	0	0	0	0	0	0	0	0	0	0
0	0	0	0	0	0	0	0	0	0	0	0	0	0	0	0	0	0	0	0	0	0	0	0	0	0	0	0	40.8730000000000	81.7460000000000	90.8730000000000	100	55.7652500000000	11.5305000000000	13.3672500000000	15.2040000000000	57.6020000000000	100	79.3367500000000	58.6735000000000	34.3367500000000	10	10	10	55	100	98.1632500000000	96.3265000000000	53.1632500000000	10	35.0510000000000	60.1020000000000	80.0510000000000	100	94.1837500000000	88.3675000000000	49.1837500000000	10	11.2245000000000	12.4490000000000	31.5817500000000	50.7145000000000	52.8572500000000	55	77.5000000000000	100	100	100	100	100	83.9285000000000	67.8570000000000	59.8980000000000	51.9390000000000	30.9695000000000	10	46.4285000000000	82.8570000000000	91.4285000000000	100	94.9490000000000	89.8980000000000	94.9490000000000	100	100	100	55	10	12.1427500000000	14.2855000000000	57.1427500000000	100	100	100	94.6427500000000	89.2855000000000	49.6427500000000	10	10	10	55	100	100	100	100	100	60.7710000000000	21.5420000000000	10.7710000000000	0	0	0	0	0	0	0	0	0	0	0	0	0	0	0	0	0	0	0
0	0	0	0	0	0	0	0	0	0	0	0	0	0	0	0	0	0	0	0	0	0	0	0	0	0	0	0	33.3335000000000	66.6670000000000	83.3335000000000	100	56.5305000000000	13.0610000000000	16.7345000000000	20.4080000000000	60.2040000000000	100	58.6735000000000	17.3470000000000	13.6735000000000	10	10	10	55	100	96.3265000000000	92.6530000000000	51.3265000000000	10	18.5715000000000	27.1430000000000	63.5715000000000	100	100	100	55	10	12.4490000000000	14.8980000000000	12.4490000000000	10	10	10	55	100	100	100	100	100	67.8570000000000	35.7140000000000	22.8570000000000	10	10	10	46.4285000000000	82.8570000000000	91.4285000000000	100	89.8980000000000	79.7960000000000	89.8980000000000	100	100	100	55	10	14.2855000000000	18.5710000000000	59.2855000000000	100	100	100	100	100	55	10	10	10	55	100	100	100	100	100	50	0	0	0	0	0	0	0	0	0	0	0	0	0	0	0	0	0	0	0	0	0
0	0	0	0	0	0	0	0	0	0	0	0	0	0	0	0	0	0	0	0	0	0	0	0	0	0	0	0	16.6667500000000	33.3335000000000	66.6667500000000	100	78.2652500000000	56.5305000000000	58.3672500000000	60.2040000000000	76.4285000000000	92.6530000000000	53.1632500000000	13.6735000000000	11.8367500000000	10	10	10	55	100	98.1632500000000	96.3265000000000	53.1632500000000	10	17.7552500000000	25.5105000000000	62.7552500000000	100	100	100	57.8572500000000	15.7145000000000	36.5817500000000	57.4490000000000	56.2245000000000	55	36.7857500000000	18.5715000000000	59.2857500000000	100	100	100	81.7857500000000	63.5715000000000	65.7142500000000	67.8570000000000	45.3570000000000	22.8570000000000	16.4285000000000	10	50.7142500000000	91.4285000000000	95.7142500000000	100	72.4490000000000	44.8980000000000	72.4490000000000	100	100	100	55	10	34.6427500000000	59.2855000000000	79.6427500000000	100	100	100	100	100	55	10	10	10	55	100	100	100	100	100	50	0	0	0	0	0	0	0	0	0	0	0	0	0	0	0	0	0	0	0	0	0
0	0	0	0	0	0	0	0	0	0	0	0	0	0	0	0	0	0	0	0	0	0	0	0	0	0	0	0	0	0	50	100	100	100	100	100	92.6530000000000	85.3060000000000	47.6530000000000	10	10	10	10	10	55	100	100	100	55	10	16.9390000000000	23.8780000000000	61.9390000000000	100	100	100	60.7145000000000	21.4290000000000	60.7145000000000	100	100	100	63.5715000000000	27.1430000000000	63.5715000000000	100	100	100	63.5715000000000	27.1430000000000	63.5715000000000	100	67.8570000000000	35.7140000000000	22.8570000000000	10	55	100	100	100	55	10	55	100	100	100	55	10	55	100	100	100	100	100	100	100	55	10	10	10	55	100	100	100	100	100	50	0	0	0	0	0	0	0	0	0	0	0	0	0	0	0	0	0	0	0	0	0
0	0	0	0	0	0	0	0	0	0	0	0	0	0	0	0	0	0	0	0	0	0	0	0	0	0	0	0	0	0	50	100	100	100	100	100	73.8265000000000	47.6530000000000	28.8265000000000	10	10	10	10	10	55	100	100	100	55	10	13.4695000000000	16.9390000000000	58.4695000000000	100	100	100	72.8572500000000	45.7145000000000	50.3572500000000	55	77.5000000000000	100	81.7857500000000	63.5715000000000	81.7857500000000	100	100	100	81.7857500000000	63.5715000000000	81.7857500000000	100	61.4285000000000	22.8570000000000	16.4285000000000	10	50.7142500000000	91.4285000000000	91.1225000000000	90.8165000000000	50.4082500000000	10	55	100	100	100	55	10	55	100	100	100	100	100	100	100	77.5000000000000	55	37.8572500000000	20.7145000000000	60.3572500000000	100	100	100	88.0952500000000	76.1905000000000	38.0952500000000	0	0	0	0	0	0	0	0	0	0	0	0	0	0	0	0	0	0	0	0	0
0	0	0	0	0	0	0	0	0	0	0	0	0	0	0	0	0	0	0	0	0	0	0	0	0	0	0	0	0	0	50	100	100	100	100	100	55	10	10	10	10	10	10	10	55	100	100	100	55	10	10	10	55	100	100	100	85	70	40	10	55	100	100	100	100	100	100	100	100	100	100	100	55	10	10	10	46.4285000000000	82.8570000000000	82.2450000000000	81.6330000000000	45.8165000000000	10	55	100	100	100	55	10	55	100	100	100	100	100	100	100	100	100	65.7145000000000	31.4290000000000	65.7145000000000	100	100	100	76.1905000000000	52.3810000000000	26.1905000000000	0	0	0	0	0	0	0	0	0	0	0	0	0	0	0	0	0	0	0	0	0
0	0	0	0	0	0	0	0	0	0	0	0	0	0	0	0	0	0	0	0	0	0	0	0	0	0	0	0	0	0	47.9592500000000	95.9185000000000	97.9592500000000	100	100	100	55.9182500000000	11.8365000000000	33.4182500000000	55	32.8060000000000	10.6120000000000	10.3060000000000	10	55	100	100	100	55	10	11.2245000000000	12.4490000000000	56.2245000000000	100	100	100	92.5000000000000	85	47.5000000000000	10	55	100	100	100	100	100	100	100	77.5000000000000	55	55	55	32.5000000000000	10	10	10	28.2142500000000	46.4285000000000	46.1225000000000	45.8165000000000	27.9082500000000	10	32.5000000000000	55	55	55	32.5000000000000	10	34.6427500000000	59.2855000000000	79.6427500000000	100	100	100	100	100	100	100	82.8572500000000	65.7145000000000	82.8572500000000	100	100	100	63.0952500000000	26.1905000000000	13.0952500000000	0	0	0	0	0	0	0	0	0	0	0	0	0	0	0	0	0	0	0	0	0
0	0	0	0	0	0	0	0	0	0	0	0	0	0	0	0	0	0	0	0	0	0	0	0	0	0	0	0	0	0	45.9185000000000	91.8370000000000	95.9185000000000	100	100	100	56.8365000000000	13.6730000000000	56.8365000000000	100	55.6120000000000	11.2240000000000	10.6120000000000	10	55	100	100	100	55	10	12.4490000000000	14.8980000000000	57.4490000000000	100	100	100	100	100	55	10	55	100	100	100	100	100	100	100	55	10	10	10	10	10	10	10	10	10	10	10	10	10	10	10	10	10	10	10	14.2855000000000	18.5710000000000	59.2855000000000	100	100	100	100	100	100	100	100	100	100	100	100	100	50	0	0	0	0	0	0	0	0	0	0	0	0	0	0	0	0	0	0	0	0	0	0	0
0	0	0	0	0	0	0	0	0	0	0	0	0	0	0	0	0	0	0	0	0	0	0	0	0	0	0	0	0	0	22.9592500000000	45.9185000000000	72.9592500000000	100	100	100	78.4182500000000	56.8365000000000	78.4182500000000	100	77.8060000000000	55.6120000000000	32.8060000000000	10	33.5715000000000	57.1430000000000	78.5715000000000	100	55	10	15.5102500000000	21.0205000000000	60.5102500000000	100	100	100	100	100	55	10	32.5000000000000	55	77.5000000000000	100	100	100	100	100	68.2142500000000	36.4285000000000	23.2142500000000	10	10	10	10	10	10	10	10	10	10	10	10	10	10	10	10	10	12.1427500000000	14.2855000000000	57.1427500000000	100	100	100	100	100	100	100	100	100	100	100	89.2857500000000	78.5715000000000	39.2857500000000	0	0	0	0	0	0	0	0	0	0	0	0	0	0	0	0	0	0	0	0	0	0	0
0	0	0	0	0	0	0	0	0	0	0	0	0	0	0	0	0	0	0	0	0	0	0	0	0	0	0	0	0	0	0	0	50	100	100	100	100	100	100	100	100	100	55	10	12.1430000000000	14.2860000000000	57.1430000000000	100	55	10	18.5715000000000	27.1430000000000	63.5715000000000	100	100	100	100	100	55	10	10	10	55	100	100	100	100	100	81.4285000000000	62.8570000000000	36.4285000000000	10	10	10	10	10	10	10	10	10	10	10	10	10	10	10	10	10	10	10	55	100	100	100	100	100	100	100	100	100	100	100	78.5715000000000	57.1430000000000	28.5715000000000	0	0	0	0	0	0	0	0	0	0	0	0	0	0	0	0	0	0	0	0	0	0	0
0	0	0	0	0	0	0	0	0	0	0	0	0	0	0	0	0	0	0	0	0	0	0	0	0	0	0	0	0	0	0	0	47.7325000000000	95.4650000000000	97.7325000000000	100	100	100	100	100	100	100	55	10	11.0715000000000	12.1430000000000	56.0715000000000	100	74.2857500000000	48.5715000000000	33.5715000000000	18.5715000000000	59.2857500000000	100	100	100	91.4285000000000	82.8570000000000	46.4285000000000	10	10	10	55	100	100	100	100	100	90.7142500000000	81.4285000000000	45.7142500000000	10	10	10	10	10	10	10	10	10	10	10	10	10	10	10	10	10	10	10	55	100	100	100	100	100	100	100	100	100	96.3720000000000	92.7440000000000	60.6577500000000	28.5715000000000	14.2857500000000	0	0	0	0	0	0	0	0	0	0	0	0	0	0	0	0	0	0	0	0	0	0	0
0	0	0	0	0	0	0	0	0	0	0	0	0	0	0	0	0	0	0	0	0	0	0	0	0	0	0	0	0	0	0	0	45.4650000000000	90.9300000000000	95.4650000000000	100	100	100	100	100	100	100	55	10	10	10	55	100	93.5715000000000	87.1430000000000	48.5715000000000	10	55	100	100	100	82.8570000000000	65.7140000000000	37.8570000000000	10	10	10	55	100	100	100	100	100	100	100	55	10	10	10	10	10	10	10	10	10	10	10	10	10	10	10	10	10	10	10	55	100	100	100	100	100	100	100	100	100	92.7440000000000	85.4880000000000	42.7440000000000	0	0	0	0	0	0	0	0	0	0	0	0	0	0	0	0	0	0	0	0	0	0	0	0	0
0	0	0	0	0	0	0	0	0	0	0	0	0	0	0	0	0	0	0	0	0	0	0	0	0	0	0	0	0	0	0	0	22.7325000000000	45.4650000000000	70.6917500000000	95.9185000000000	97.9592500000000	100	100	100	100	100	77.5000000000000	55	32.5000000000000	10	46.2755000000000	82.5510000000000	88.0612500000000	93.5715000000000	74.2857500000000	55	55	55	55	55	46.4285000000000	37.8570000000000	23.9285000000000	10	10	10	32.5000000000000	55	52.5000000000000	50	50	50	52.0917500000000	54.1835000000000	32.0917500000000	10	10	10	10	10	10	10	10	10	32.5000000000000	55	33.5715000000000	12.1430000000000	11.0715000000000	10	10	10	10	10	32.5000000000000	55	69.6940000000000	84.3880000000000	92.1940000000000	100	100	100	100	100	71.3720000000000	42.7440000000000	21.3720000000000	0	0	0	0	0	0	0	0	0	0	0	0	0	0	0	0	0	0	0	0	0	0	0	0	0
0	0	0	0	0	0	0	0	0	0	0	0	0	0	0	0	0	0	0	0	0	0	0	0	0	0	0	0	0	0	0	0	0	0	45.9185000000000	91.8370000000000	95.9185000000000	100	100	100	100	100	100	100	55	10	37.5510000000000	65.1020000000000	82.5510000000000	100	100	100	55	10	10	10	10	10	10	10	10	10	10	10	5	0	0	0	4.18350000000000	8.36700000000000	9.18350000000000	10	10	10	10	10	10	10	10	10	55	100	57.1430000000000	14.2860000000000	12.1430000000000	10	10	10	10	10	10	10	39.3880000000000	68.7760000000000	84.3880000000000	100	100	100	100	100	50	0	0	0	0	0	0	0	0	0	0	0	0	0	0	0	0	0	0	0	0	0	0	0	0	0	0	0
0	0	0	0	0	0	0	0	0	0	0	0	0	0	0	0	0	0	0	0	0	0	0	0	0	0	0	0	0	0	0	0	0	0	22.9592500000000	45.9185000000000	72.9592500000000	100	90.3060000000000	80.6120000000000	79.5917500000000	78.5715000000000	66.7857500000000	55	32.5000000000000	10	46.2755000000000	82.5510000000000	91.2755000000000	100	97.9592500000000	95.9185000000000	52.9592500000000	10	10	10	10	10	10	10	10	10	8.80950000000000	7.61900000000000	3.80950000000000	0	0	0	4.09300000000000	8.18600000000000	9.09300000000000	10	10	10	10	10	10	10	10	10	55	100	78.5715000000000	57.1430000000000	44.2857500000000	31.4285000000000	31.4285000000000	31.4285000000000	31.4285000000000	31.4285000000000	29.8980000000000	28.3675000000000	33.8777500000000	39.3880000000000	61.5307500000000	83.6735000000000	91.8367500000000	100	91.6667500000000	83.3335000000000	41.6667500000000	0	0	0	0	0	0	0	0	0	0	0	0	0	0	0	0	0	0	0	0	0	0	0	0	0	0	0
0	0	0	0	0	0	0	0	0	0	0	0	0	0	0	0	0	0	0	0	0	0	0	0	0	0	0	0	0	0	0	0	0	0	0	0	50	100	80.6120000000000	61.2240000000000	59.1835000000000	57.1430000000000	33.5715000000000	10	10	10	55	100	100	100	95.9185000000000	91.8370000000000	50.9185000000000	10	10	10	10	10	10	10	10	10	7.61900000000000	5.23800000000000	2.61900000000000	0	0	0	4.00250000000000	8.00500000000000	9.00250000000000	10	10	10	10	10	10	10	10	10	55	100	100	100	76.4285000000000	52.8570000000000	52.8570000000000	52.8570000000000	52.8570000000000	52.8570000000000	49.7960000000000	46.7350000000000	28.3675000000000	10	38.6735000000000	67.3470000000000	83.6735000000000	100	83.3335000000000	66.6670000000000	33.3335000000000	0	0	0	0	0	0	0	0	0	0	0	0	0	0	0	0	0	0	0	0	0	0	0	0	0	0	0
0	0	0	0	0	0	0	0	0	0	0	0	0	0	0	0	0	0	0	0	0	0	0	0	0	0	0	0	0	0	0	0	0	0	0	0	46.4285000000000	92.8570000000000	86.7345000000000	80.6120000000000	57.0917500000000	33.5715000000000	21.7857500000000	10	10	10	55	100	86.6837500000000	73.3675000000000	62.1430000000000	50.9185000000000	30.4592500000000	10	10	10	10	10	10	10	10	10	8.80950000000000	7.61900000000000	3.80950000000000	0	0	0	4.50125000000000	9.00250000000000	9.50125000000000	10	10	10	10	10	10	10	10	10	53.8775000000000	97.7550000000000	98.8775000000000	100	88.2142500000000	76.4285000000000	76.4285000000000	76.4285000000000	76.4285000000000	76.4285000000000	74.8980000000000	73.3675000000000	53.4695000000000	33.5715000000000	58.6225000000000	83.6735000000000	91.8367500000000	100	66.6667500000000	33.3335000000000	16.6667500000000	0	0	0	0	0	0	0	0	0	0	0	0	0	0	0	0	0	0	0	0	0	0	0	0	0	0	0
0	0	0	0	0	0	0	0	0	0	0	0	0	0	0	0	0	0	0	0	0	0	0	0	0	0	0	0	0	0	0	0	0	0	0	0	42.8570000000000	85.7140000000000	92.8570000000000	100	55	10	10	10	10	10	55	100	73.3675000000000	46.7350000000000	28.3675000000000	10	10	10	10	10	10	10	10	10	10	10	10	10	5	0	0	0	5	10	10	10	10	10	10	10	10	10	10	10	52.7550000000000	95.5100000000000	97.7550000000000	100	100	100	100	100	100	100	100	100	78.5715000000000	57.1430000000000	78.5715000000000	100	100	100	50	0	0	0	0	0	0	0	0	0	0	0	0	0	0	0	0	0	0	0	0	0	0	0	0	0	0	0	0	0
0	0	0	0	0	0	0	0	0	0	0	0	0	0	0	0	0	0	0	0	0	0	0	0	0	0	0	0	0	0	0	0	0	0	0	0	21.4285000000000	42.8570000000000	71.4285000000000	100	68.3162500000000	36.6325000000000	36.1735000000000	35.7145000000000	22.8572500000000	10	32.5000000000000	55	41.6837500000000	28.3675000000000	21.6327500000000	14.8980000000000	34.9490000000000	55	55	55	51.7857500000000	48.5715000000000	29.2857500000000	10	10	10	10	10	25.4082500000000	40.8165000000000	45.4082500000000	50	30	10	10	10	10	10	10	10	10	10	10	10	31.3775000000000	52.7550000000000	53.8775000000000	55	55	55	55	55	57.1427500000000	59.2855000000000	79.6427500000000	100	89.2857500000000	78.5715000000000	89.2857500000000	100	100	100	50	0	0	0	0	0	0	0	0	0	0	0	0	0	0	0	0	0	0	0	0	0	0	0	0	0	0	0	0	0
0	0	0	0	0	0	0	0	0	0	0	0	0	0	0	0	0	0	0	0	0	0	0	0	0	0	0	0	0	0	0	0	0	0	0	0	0	0	50	100	81.6325000000000	63.2650000000000	62.3470000000000	61.4290000000000	35.7145000000000	10	10	10	10	10	14.8980000000000	19.7960000000000	59.8980000000000	100	100	100	93.5715000000000	87.1430000000000	48.5715000000000	10	10	10	10	10	45.8165000000000	81.6330000000000	90.8165000000000	100	55	10	10	10	10	10	10	10	10	10	10	10	10	10	10	10	10	10	10	10	14.2855000000000	18.5710000000000	59.2855000000000	100	100	100	100	100	100	100	50	0	0	0	0	0	0	0	0	0	0	0	0	0	0	0	0	0	0	0	0	0	0	0	0	0	0	0	0	0
0	0	0	0	0	0	0	0	0	0	0	0	0	0	0	0	0	0	0	0	0	0	0	0	0	0	0	0	0	0	0	0	0	0	0	0	0	0	47.6190000000000	95.2380000000000	88.4352500000000	81.6325000000000	81.1735000000000	80.7145000000000	67.8572500000000	55	32.5000000000000	10	10	10	34.9490000000000	59.8980000000000	76.6327500000000	93.3675000000000	86.7347500000000	80.1020000000000	86.8367500000000	93.5715000000000	74.2857500000000	55	46.4285000000000	37.8570000000000	46.4285000000000	55	72.9082500000000	90.8165000000000	95.4082500000000	100	55	10	10	10	10	10	10	10	10	10	10	10	10	10	10	10	10	10	23.9285000000000	37.8570000000000	48.5712500000000	59.2855000000000	79.6427500000000	100	100	100	100	100	75	50	25	0	0	0	0	0	0	0	0	0	0	0	0	0	0	0	0	0	0	0	0	0	0	0	0	0	0	0	0	0
0	0	0	0	0	0	0	0	0	0	0	0	0	0	0	0	0	0	0	0	0	0	0	0	0	0	0	0	0	0	0	0	0	0	0	0	0	0	45.2380000000000	90.4760000000000	95.2380000000000	100	100	100	100	100	55	10	10	10	55	100	93.3675000000000	86.7350000000000	73.4695000000000	60.2040000000000	80.1020000000000	100	100	100	82.8570000000000	65.7140000000000	82.8570000000000	100	100	100	100	100	55	10	10	10	10	10	10	10	10	10	10	10	10	10	10	10	10	10	37.8570000000000	65.7140000000000	82.8570000000000	100	100	100	100	100	100	100	50	0	0	0	0	0	0	0	0	0	0	0	0	0	0	0	0	0	0	0	0	0	0	0	0	0	0	0	0	0	0	0
0	0	0	0	0	0	0	0	0	0	0	0	0	0	0	0	0	0	0	0	0	0	0	0	0	0	0	0	0	0	0	0	0	0	0	0	0	0	22.6190000000000	45.2380000000000	72.6190000000000	100	100	100	100	100	61.7857500000000	23.5715000000000	16.7857500000000	10	32.5000000000000	55	51.6837500000000	48.3675000000000	48.1632500000000	47.9590000000000	73.9795000000000	100	100	100	91.4285000000000	82.8570000000000	91.4285000000000	100	100	100	100	100	77.5000000000000	55	55	55	55	55	32.5000000000000	10	10	10	10	10	10	10	32.5000000000000	55	55	55	68.9285000000000	82.8570000000000	91.4285000000000	100	100	100	100	100	75	50	25	0	0	0	0	0	0	0	0	0	0	0	0	0	0	0	0	0	0	0	0	0	0	0	0	0	0	0	0	0	0	0
0	0	0	0	0	0	0	0	0	0	0	0	0	0	0	0	0	0	0	0	0	0	0	0	0	0	0	0	0	0	0	0	0	0	0	0	0	0	0	0	50	100	100	100	100	100	68.5715000000000	37.1430000000000	23.5715000000000	10	10	10	10	10	22.8570000000000	35.7140000000000	67.8570000000000	100	100	100	100	100	100	100	100	100	100	100	100	100	100	100	100	100	55	10	10	10	10	10	10	10	55	100	100	100	100	100	100	100	100	100	100	100	50	0	0	0	0	0	0	0	0	0	0	0	0	0	0	0	0	0	0	0	0	0	0	0	0	0	0	0	0	0	0	0	0	0
0	0	0	0	0	0	0	0	0	0	0	0	0	0	0	0	0	0	0	0	0	0	0	0	0	0	0	0	0	0	0	0	0	0	0	0	0	0	0	0	49.1497500000000	98.2995000000000	99.1497500000000	100	100	100	76.3265000000000	52.6530000000000	31.3265000000000	10	13.0612500000000	16.1225000000000	13.0612500000000	10	16.4285000000000	22.8570000000000	61.4285000000000	100	100	100	100	100	100	100	100	100	100	100	100	100	100	100	100	100	55	10	10	10	10	10	10	10	55	100	100	100	100	100	100	100	97.4490000000000	94.8980000000000	72.4490000000000	50	25	0	0	0	0	0	0	0	0	0	0	0	0	0	0	0	0	0	0	0	0	0	0	0	0	0	0	0	0	0	0	0	0	0
0	0	0	0	0	0	0	0	0	0	0	0	0	0	0	0	0	0	0	0	0	0	0	0	0	0	0	0	0	0	0	0	0	0	0	0	0	0	0	0	48.2995000000000	96.5990000000000	98.2995000000000	100	100	100	84.0815000000000	68.1630000000000	39.0815000000000	10	16.1225000000000	22.2450000000000	16.1225000000000	10	10	10	55	100	100	100	100	100	100	100	100	100	100	100	100	100	100	100	100	100	55	10	10	10	10	10	10	10	55	100	100	100	100	100	100	100	94.8980000000000	89.7960000000000	44.8980000000000	0	0	0	0	0	0	0	0	0	0	0	0	0	0	0	0	0	0	0	0	0	0	0	0	0	0	0	0	0	0	0	0	0	0	0
0	0	0	0	0	0	0	0	0	0	0	0	0	0	0	0	0	0	0	0	0	0	0	0	0	0	0	0	0	0	0	0	0	0	0	0	0	0	0	0	24.1497500000000	48.2995000000000	74.1497500000000	100	100	100	92.0407500000000	84.0815000000000	69.5407500000000	55	58.0612500000000	61.1225000000000	35.5612500000000	10	10	10	32.5000000000000	55	63.5715000000000	72.1430000000000	86.0715000000000	100	100	100	100	100	100	100	100	100	100	100	100	100	55	10	10	10	10	10	10	10	32.5000000000000	55	55	55	77.5000000000000	100	100	100	77.5510000000000	55.1020000000000	27.5510000000000	0	0	0	0	0	0	0	0	0	0	0	0	0	0	0	0	0	0	0	0	0	0	0	0	0	0	0	0	0	0	0	0	0	0	0
0	0	0	0	0	0	0	0	0	0	0	0	0	0	0	0	0	0	0	0	0	0	0	0	0	0	0	0	0	0	0	0	0	0	0	0	0	0	0	0	0	0	50	100	100	100	100	100	100	100	100	100	55	10	10	10	10	10	27.1430000000000	44.2860000000000	72.1430000000000	100	100	100	100	100	100	100	100	100	100	100	100	100	55	10	10	10	10	10	10	10	10	10	10	10	55	100	100	100	60.2040000000000	20.4080000000000	10.2040000000000	0	0	0	0	0	0	0	0	0	0	0	0	0	0	0	0	0	0	0	0	0	0	0	0	0	0	0	0	0	0	0	0	0	0	0
0	0	0	0	0	0	0	0	0	0	0	0	0	0	0	0	0	0	0	0	0	0	0	0	0	0	0	0	0	0	0	0	0	0	0	0	0	0	0	0	0	0	29.7620000000000	59.5240000000000	79.7620000000000	100	100	100	100	100	77.5000000000000	55	32.5000000000000	10	28.2142500000000	46.4285000000000	40.3570000000000	34.2855000000000	50.5612500000000	66.8370000000000	83.4185000000000	100	75	50	65.3627500000000	80.7255000000000	90.3627500000000	100	100	100	100	100	100	100	74.2347500000000	48.4695000000000	50.9185000000000	53.3675000000000	54.1837500000000	55	55	55	50.9182500000000	46.8365000000000	50.9182500000000	55	77.5000000000000	100	79.3085000000000	58.6170000000000	34.4105000000000	10.2040000000000	5.10200000000000	0	0	0	0	0	0	0	0	0	0	0	0	0	0	0	0	0	0	0	0	0	0	0	0	0	0	0	0	0	0	0	0	0	0	0
0	0	0	0	0	0	0	0	0	0	0	0	0	0	0	0	0	0	0	0	0	0	0	0	0	0	0	0	0	0	0	0	0	0	0	0	0	0	0	0	0	0	9.52400000000000	19.0480000000000	59.5240000000000	100	100	100	100	100	55	10	10	10	46.4285000000000	82.8570000000000	70.7140000000000	58.5710000000000	73.9795000000000	89.3880000000000	94.6940000000000	100	50	0	30.7255000000000	61.4510000000000	80.7255000000000	100	100	100	100	100	100	100	93.4695000000000	86.9390000000000	91.8370000000000	96.7350000000000	98.3675000000000	100	100	100	91.8365000000000	83.6730000000000	91.8365000000000	100	100	100	58.6170000000000	17.2340000000000	8.61700000000000	0	0	0	0	0	0	0	0	0	0	0	0	0	0	0	0	0	0	0	0	0	0	0	0	0	0	0	0	0	0	0	0	0	0	0	0	0
0	0	0	0	0	0	0	0	0	0	0	0	0	0	0	0	0	0	0	0	0	0	0	0	0	0	0	0	0	0	0	0	0	0	0	0	0	0	0	0	0	0	4.76200000000000	9.52400000000000	29.9320000000000	50.3400000000000	55.7822500000000	61.2245000000000	80.6122500000000	100	77.5000000000000	55	32.5000000000000	10	50.7142500000000	91.4285000000000	85.3570000000000	79.2855000000000	86.9897500000000	94.6940000000000	88.1632500000000	81.6325000000000	40.8162500000000	0	28.4580000000000	56.9160000000000	78.4580000000000	100	100	100	100	100	100	100	96.7347500000000	93.4695000000000	95.9185000000000	98.3675000000000	99.1837500000000	100	100	100	95.9182500000000	91.8365000000000	95.9182500000000	100	75	50	29.3085000000000	8.61700000000000	4.30850000000000	0	0	0	0	0	0	0	0	0	0	0	0	0	0	0	0	0	0	0	0	0	0	0	0	0	0	0	0	0	0	0	0	0	0	0	0	0
0	0	0	0	0	0	0	0	0	0	0	0	0	0	0	0	0	0	0	0	0	0	0	0	0	0	0	0	0	0	0	0	0	0	0	0	0	0	0	0	0	0	0	0	0.340000000000000	0.680000000000000	11.5645000000000	22.4490000000000	61.2245000000000	100	100	100	55	10	55	100	100	100	100	100	81.6325000000000	63.2650000000000	31.6325000000000	0	26.1905000000000	52.3810000000000	76.1905000000000	100	100	100	100	100	100	100	100	100	100	100	100	100	100	100	100	100	100	100	50	0	0	0	0	0	0	0	0	0	0	0	0	0	0	0	0	0	0	0	0	0	0	0	0	0	0	0	0	0	0	0	0	0	0	0	0	0	0	0	0	0
0	0	0	0	0	0	0	0	0	0	0	0	0	0	0	0	0	0	0	0	0	0	0	0	0	0	0	0	0	0	0	0	0	0	0	0	0	0	0	0	0	0	0	0	0.170000000000000	0.340000000000000	5.78225000000000	11.2245000000000	30.6122500000000	50	75	100	77.5000000000000	55	77.5000000000000	100	100	100	100	100	67.1767500000000	34.3535000000000	17.1767500000000	0	13.0952500000000	26.1905000000000	63.0952500000000	100	100	100	100	100	100	100	100	100	100	100	100	100	100	100	100	100	75	50	25	0	0	0	0	0	0	0	0	0	0	0	0	0	0	0	0	0	0	0	0	0	0	0	0	0	0	0	0	0	0	0	0	0	0	0	0	0	0	0	0	0
0	0	0	0	0	0	0	0	0	0	0	0	0	0	0	0	0	0	0	0	0	0	0	0	0	0	0	0	0	0	0	0	0	0	0	0	0	0	0	0	0	0	0	0	0	0	0	0	0	0	50	100	100	100	100	100	100	100	100	100	52.7210000000000	5.44200000000000	2.72100000000000	0	0	0	50	100	100	100	100	100	100	100	100	100	100	100	100	100	100	100	100	100	50	0	0	0	0	0	0	0	0	0	0	0	0	0	0	0	0	0	0	0	0	0	0	0	0	0	0	0	0	0	0	0	0	0	0	0	0	0	0	0	0	0	0	0
0	0	0	0	0	0	0	0	0	0	0	0	0	0	0	0	0	0	0	0	0	0	0	0	0	0	0	0	0	0	0	0	0	0	0	0	0	0	0	0	0	0	0	0	0	0	0	0	0	0	25	50	51.1905000000000	52.3810000000000	52.3810000000000	52.3810000000000	52.3810000000000	52.3810000000000	51.1905000000000	50	26.3605000000000	2.72100000000000	1.36050000000000	0	0	0	25.6802500000000	51.3605000000000	75.6802500000000	100	100	100	100	100	100	100	100	100	79.5917500000000	59.1835000000000	54.5917500000000	50	50	50	25	0	0	0	0	0	0	0	0	0	0	0	0	0	0	0	0	0	0	0	0	0	0	0	0	0	0	0	0	0	0	0	0	0	0	0	0	0	0	0	0	0	0	0
0	0	0	0	0	0	0	0	0	0	0	0	0	0	0	0	0	0	0	0	0	0	0	0	0	0	0	0	0	0	0	0	0	0	0	0	0	0	0	0	0	0	0	0	0	0	0	0	0	0	0	0	2.38100000000000	4.76200000000000	4.76200000000000	4.76200000000000	4.76200000000000	4.76200000000000	2.38100000000000	0	0	0	0	0	0	0	1.36050000000000	2.72100000000000	51.3605000000000	100	100	100	100	100	100	100	100	100	59.1835000000000	18.3670000000000	9.18350000000000	0	0	0	0	0	0	0	0	0	0	0	0	0	0	0	0	0	0	0	0	0	0	0	0	0	0	0	0	0	0	0	0	0	0	0	0	0	0	0	0	0	0	0	0	0	0	0
0	0	0	0	0	0	0	0	0	0	0	0	0	0	0	0	0	0	0	0	0	0	0	0	0	0	0	0	0	0	0	0	0	0	0	0	0	0	0	0	0	0	0	0	0	0	0	0	0	0	0	0	1.19050000000000	2.38100000000000	2.38100000000000	2.38100000000000	2.38100000000000	2.38100000000000	1.19050000000000	0	0	0	0	0	0	0	0.680250000000000	1.36050000000000	25.6802500000000	50	50	50	50	50	50	50	50	50	29.5917500000000	9.18350000000000	4.59175000000000	0	0	0	0	0	0	0	0	0	0	0	0	0	0	0	0	0	0	0	0	0	0	0	0	0	0	0	0	0	0	0	0	0	0	0	0	0	0	0	0	0	0	0	0	0	0	0
0	0	0	0	0	0	0	0	0	0	0	0	0	0	0	0	0	0	0	0	0	0	0	0	0	0	0	0	0	0	0	0	0	0	0	0	0	0	0	0	0	0	0	0	0	0	0	0	0	0	0	0	0	0	0	0	0	0	0	0	0	0	0	0	0	0	0	0	0	0	0	0	0	0	0	0	0	0	0	0	0	0	0	0	0	0	0	0	0	0	0	0	0	0	0	0	0	0	0	0	0	0	0	0	0	0	0	0	0	0	0	0	0	0	0	0	0	0	0	0	0	0	0	0	0	0	0	0