0	0	0	0	0	0	0	0	0	0	0	0	0	0	0	0	0	0	0	0	0	0	0	0	0	0	0	0	0	0	0	0	0	0	0	0	0	0	0	0	0	0	0	0	0	0	0	0	0	0	0	0	0	0	0	0	0	0	0	0	0	0	0	0	0	0	0	0	0	0	0	0	0	0	0	0	0	0	0	0	0	0	0	0	0	0	0	0	0	0	0	0	0	0	0	0	0	0	0	0	0	0	0	0	0	0	0	0	0	0	0	0	0	0	0	0	0	0	0	0	0	0	0	0	0	0	0	0
0	0	0	0	0	0	0	0	0	0	0	0	0	0	0	0	0	0	0	0	0	0	0	0	0	0	0	0	0	0	0	0	0	0	0	0	0	0	0	0	0	0	0	0	0	0	0	0	0	0	0	0	0	0	0	0	0	0	0	0	0	0	0	0	0	0	0	0	0	0	0	0	0	0	0	0	0	0	0	0	0	0	0	0	0	0	0	0	0	0	0	0	0	0	0	0	0	0	0	0	0	0	0	0	0	0	0	0	0	0	0	0	0	0	0	0	0	0	0	0	0	0	0	0	0	0	0	0
0	0	0	0	0	0	0	0	0	0	0	0	0	0	0	0	0	0	0	0	0	0	0	0	0	0	0	0	0	0	0	0	0	0	0	0	0	0	0	0	0	0	0	0	0	0	0	0	0	0	0	0	0	0	0	0	0	0	0	0	0	0	0	0	0	0	0	0	0	0	0	0	0	0	0	0	0	0	0	0	0	0	0	0	0	0	0	0	0	0	0	0	0	0	0	0	0	0	0	0	0	0	0	0	0	0	0	0	0	0	0	0	0	0	0	0	0	0	0	0	0	0	0	0	0	0	0	0
0	0	0	0	0	0	0	0	0	0	0	0	0	0	0	0	0	0	0	0	0	0	0	0	0	0	0	0	0	0	0	0	0	0	0	0	0	0	0	0	0	0	0	0	0	0	0	0	0	0	0	0	0	0	0	0	0	0	0	0	0	0	0	0	0	0	0	0	0	0	0	0	0	0	0	0	0	0	0	0	0	0	0	0	0	0	0	0	0	0	0	0	0	0	0	0	0	0	0	0	0	0	0	0	0	0	0	0	0	0	0	0	0	0	0	0	0	0	0	0	0	0	0	0	0	0	0	0
0	0	0	0	0	0	0	0	0	0	0	0	0	0	0	0	0	0	0	0	0	0	0	0	0	0	0	0	0	0	0	0	0	0	0	0	0	0	0	0	0	0	0	0	0	0	0	0	0	0	0	0	0	0	0	0	0	0	0	0	0	0	0	0	0	0	0	0	0	0	0	0	0	0	0	0	0	0	0	0	0	0	0	0	0	0	0	0	0	0	0	0	0	0	0	0	0	0	0	0	0	0	0	0	0	0	0	0	0	0	0	0	0	0	0	0	0	0	0	0	0	0	0	0	0	0	0	0
0	0	0	0	0	0	0	0	0	0	0	0	0	0	0	0	0	0	0	0	0	0	0	0	0	0	0	0	0	0	0	0	0	0	0	0	0	0	0	0	0	0	0	0	0	0	0	0	0	0	0	0	0	0	0	0	0	0	0	0	0	0	0	0	0	0	0	0	0	0	0	0	0	0	0	0	0	0	0	0	0	0	0	0	0	0	0	0	0	0	0	0	0	0	0	0	0	0	0	0	0	0	0	0	0	0	0	0	0	0	0	0	0	0	0	0	0	0	0	0	0	0	0	0	0	0	0	0
0	0	0	0	0	0	0	0	0	0	0	0	0	0	0	0	0	0	0	0	0	0	0	0	0	0	0	0	0	0	0	0	0	0	0	0	0	0	0	0	0	0	0	0	0	0	0	0	0	0	0	0	0	0	0	0	3.57150000000000	7.14300000000000	28.5715000000000	50	50	50	28.5715000000000	7.14300000000000	3.57150000000000	0	0	0	0	0	0	0	0	0	0	0	0	0	0	0	0	0	0	0	0	0	0	0	0	0	0	0	0	0	0	0	0	0	0	0	0	0	0	0	0	0	0	0	0	0	0	0	0	0	0	0	0	0	0	0	0	0	0	0	0	0	0	0
0	0	0	0	0	0	0	0	0	0	0	0	0	0	0	0	0	0	0	0	0	0	0	0	0	0	0	0	0	0	0	0	0	0	0	0	0	0	0	0	0	0	0	0	0	0	0	0	0	0	0	0	0	0	0	0	7.14300000000000	14.2860000000000	57.1430000000000	100	100	100	57.1430000000000	14.2860000000000	7.14300000000000	0	0	0	0	0	0	0	0	0	0	0	0	0	0	0	0	0	0	0	0	0	0	0	0	0	0	0	0	0	0	0	0	0	0	0	0	0	0	0	0	0	0	0	0	0	0	0	0	0	0	0	0	0	0	0	0	0	0	0	0	0	0	0
0	0	0	0	0	0	0	0	0	0	0	0	0	0	0	0	0	0	0	0	0	0	0	0	0	0	0	0	0	0	0	0	0	0	0	0	0	0	0	0	0	0	0	0	0	0	0	0	0	0	0	0	0	0	0	0	28.5715000000000	57.1430000000000	78.5715000000000	100	100	100	78.5715000000000	57.1430000000000	53.5715000000000	50	25	0	25	50	50	50	35.5442500000000	21.0885000000000	11.6780000000000	2.26750000000000	1.13375000000000	0	0	0	0	0	0	0	0	0	0	0	0	0	0	0	0	0	0	0	0	0	0	0	0	0	0	0	0	0	0	0	0	0	0	0	0	0	0	0	0	0	0	0	0	0	0	0	0	0	0	0
0	0	0	0	0	0	0	0	0	0	0	0	0	0	0	0	0	0	0	0	0	0	0	0	0	0	0	0	0	0	0	0	0	0	0	0	0	0	0	0	0	0	0	0	0	0	0	0	0	0	0	0	0	0	0	0	50	100	100	100	100	100	100	100	100	100	50	0	50	100	100	100	71.0885000000000	42.1770000000000	23.3560000000000	4.53500000000000	2.26750000000000	0	0	0	0	0	0	0	0	0	0	0	0	0	0	0	0	0	0	0	0	0	0	0	0	0	0	0	0	0	0	0	0	0	0	0	0	0	0	0	0	0	0	0	0	0	0	0	0	0	0	0
0	0	0	0	0	0	0	0	0	0	0	0	0	0	0	0	0	0	0	0	0	0	0	0	0	0	0	0	0	0	0	0	0	0	0	0	0	0	0	0	0	0	0	0	0	0	0	0	0	0	0	0	0	0	0	0	50	100	100	100	100	100	100	100	100	100	50	0	50	100	100	100	85.5442500000000	71.0885000000000	61.6780000000000	52.2675000000000	27.2675000000000	2.26750000000000	1.13375000000000	0	0	0	0	0	0	0	0	0	0	0	0	0	0	0	0	0	0	0	0	0	0	0	0	0	0	0	0	0	0	0	0	0	0	0	0	0	0	0	0	0	0	0	0	0	0	0	0	0
0	0	0	0	0	0	0	0	0	0	0	0	0	0	0	0	0	0	0	0	0	0	0	0	0	0	0	0	0	0	0	0	0	0	0	0	0	0	0	0	0	0	0	0	0	0	0	0	0	0	0	0	0	0	0	0	50	100	100	100	100	100	100	100	100	100	50	0	50	100	100	100	100	100	100	100	52.2675000000000	4.53500000000000	2.26750000000000	0	0	0	0	0	0	0	0	0	0	0	0	0	0	0	0	0	0	0	0	0	0	0	0	0	0	0	0	0	0	0	0	0	0	0	0	0	0	0	0	0	0	0	0	0	0	0	0	0
0	0	0	0	0	0	0	0	0	0	0	0	0	0	0	0	0	0	0	0	0	0	0	0	0	0	0	0	0	0	0	0	0	0	0	0	0	0	0	0	0	0	0	0	0	0	0	0	0	0	0	0	0	0	0	0	50	100	100	100	100	100	100	100	100	100	64.7960000000000	29.5920000000000	64.7960000000000	100	100	100	100	100	100	100	61.6780000000000	23.3560000000000	11.6780000000000	0	0	0	0	0	0	0	0	0	0	0	0	0	0	0	0	0	0	0	0	0	0	0	0	0	0	0	0	0	0	0	0	0	0	0	0	0	0	0	0	0	0	0	0	0	0	0	0	0
0	0	0	0	0	0	0	0	0	0	0	0	0	0	0	0	0	0	0	0	0	0	0	0	0	0	0	0	0	0	0	0	0	0	0	0	0	0	0	0	0	0	0	0	0	0	0	0	0	0	0	0	0	0	0	0	50	100	100	100	100	100	100	100	100	100	79.5920000000000	59.1840000000000	79.5920000000000	100	100	100	100	100	100	100	71.0885000000000	42.1770000000000	21.0885000000000	0	0	0	0	0	0	0	0	0	0	0	0	0	0	0	0	0	0	0	0	0	0	0	0	0	0	0	0	0	0	0	0	0	0	0	0	0	0	0	0	0	0	0	0	0	0	0	0	0
0	0	0	0	0	0	0	0	0	0	0	0	0	0	0	0	0	0	0	0	0	0	0	0	0	0	0	0	0	0	0	0	0	0	0	0	0	0	0	0	0	0	0	0	0	0	0	0	0	0	0	0	0	0	7.14275000000000	14.2855000000000	57.1427500000000	100	100	100	100	100	100	100	100	100	89.7960000000000	79.5920000000000	89.7960000000000	100	100	100	100	100	100	100	85.5442500000000	71.0885000000000	35.5442500000000	0	0	0	0	0	0	0	0	0	0	0	0	0	0	0	0	0	0	0	0	0	0	0	0	0	0	0	0	0	0	0	0	0	0	0	0	0	0	0	0	0	0	0	0	0	0	0	0	0
0	0	0	0	0	0	0	0	0	0	0	0	0	0	0	0	0	0	0	0	0	0	0	0	0	0	0	0	0	0	0	0	0	0	0	0	0	0	0	0	0	0	0	0	0	0	0	0	0	0	0	0	0	0	14.2855000000000	28.5710000000000	64.2855000000000	100	100	100	100	100	100	100	100	100	100	100	100	100	100	100	100	100	100	100	100	100	50	0	0	0	0	0	0	0	0	0	0	0	0	0	0	0	0	0	0	0	0	0	0	0	0	0	0	0	0	0	0	0	0	0	0	0	0	0	0	0	0	0	0	0	0	0	0	0	0	0
0	0	0	0	0	0	0	0	0	0	0	0	0	0	0	0	0	0	0	0	0	0	0	0	0	0	0	0	0	0	0	0	0	0	0	0	0	0	0	0	0	0	0	0	0	0	0	0	0	0	0	0	0	0	14.2855000000000	28.5710000000000	64.2855000000000	100	100	100	100	100	100	100	100	100	100	100	100	100	100	100	100	100	100	100	100	100	51.3605000000000	2.72100000000000	1.36050000000000	0	0	0	0	0	0	0	0	0	0	0	0	0	0	0	0	0	0	0	0	0	0	0	0	0	0	0	0	0	0	0	0	0	0	0	0	0	0	0	0	0	0	0	0	0	0	0
0	0	0	0	0	0	0	0	0	0	0	0	0	0	0	0	0	0	0	0	0	0	0	0	0	0	0	0	0	0	0	0	0	0	0	0	0	0	0	0	0	0	0	0	0	0	0	0	0	0	0	0	0	0	14.2855000000000	28.5710000000000	64.2855000000000	100	100	100	100	100	100	100	100	100	100	100	100	100	100	100	100	100	100	100	100	100	52.7210000000000	5.44200000000000	2.72100000000000	0	0	0	0	0	0	0	0	0	0	0	0	0	0	0	0	0	0	0	0	0	0	0	0	0	0	0	0	0	0	0	0	0	0	0	0	0	0	0	0	0	0	0	0	0	0	0
0	0	0	0	0	0	0	0	0	0	0	0	0	0	0	0	0	0	0	0	0	0	0	0	0	0	0	0	0	0	0	0	0	0	0	0	0	0	0	0	0	0	0	0	0	0	0	0	0	0	0	0	0	0	14.2855000000000	28.5710000000000	64.2855000000000	100	100	100	100	100	100	100	100	100	100	100	100	100	100	100	100	100	100	100	100	100	54.9320000000000	9.86400000000000	4.93200000000000	0	0	0	0	0	0	0	0	0	0	0	0	0	0	0	0	0	0	0	0	0	0	0	0	0	0	0	0	0	0	0	0	0	0	0	0	0	0	0	0	0	0	0	0	0	0	0
0	0	0	0	0	0	0	0	0	0	0	0	0	0	0	0	0	0	0	0	0	0	0	0	0	0	0	0	0	0	0	0	0	0	0	0	0	0	0	0	0	0	0	0	0	0	0	0	0	0	0	0	0	0	14.2855000000000	28.5710000000000	64.2855000000000	100	100	100	100	100	100	100	100	100	100	100	100	100	100	100	100	100	100	100	100	100	57.1430000000000	14.2860000000000	7.14300000000000	0	0	0	0	0	0	0	0	0	0	0	0	0	0	0	0	0	0	0	0	0	0	0	0	0	0	0	0	0	0	0	0	0	0	0	0	0	0	0	0	0	0	0	0	0	0	0
0	0	0	0	0	0	0	0	0	0	0	0	0	0	0	0	0	0	0	0	0	0	0	0	0	0	0	0	0	0	0	0	0	0	0	0	0	0	0	0	0	0	0	0	0	0	0	0	0	0	0	0	0	0	32.1427500000000	64.2855000000000	82.1427500000000	100	100	100	90.3572500000000	80.7145000000000	78.5715000000000	76.4285000000000	88.2142500000000	100	100	100	100	100	77.5000000000000	55	77.5000000000000	100	100	100	100	100	57.1430000000000	14.2860000000000	7.14300000000000	0	0	0	0	0	0	0	0	0	0	0	0	0	0	0	0	0	0	0	0	0	0	0	0	0	0	0	0	0	0	0	0	0	0	0	0	0	0	0	0	0	0	0	0	0	0	0
0	0	0	0	0	0	0	0	0	0	0	0	0	0	0	0	0	0	0	0	0	0	0	0	0	0	0	0	0	0	0	0	0	0	0	0	0	0	0	0	0	0	0	0	0	0	0	0	0	0	0	0	0	0	50	100	100	100	100	100	80.7145000000000	61.4290000000000	57.1430000000000	52.8570000000000	76.4285000000000	100	100	100	100	100	55	10	55	100	100	100	100	100	57.1430000000000	14.2860000000000	7.14300000000000	0	0	0	0	0	0	0	0	0	0	0	0	0	0	0	0	0	0	0	0	0	0	0	0	0	0	0	0	0	0	0	0	0	0	0	0	0	0	0	0	0	0	0	0	0	0	0
0	0	0	0	0	0	0	0	0	0	0	0	0	0	0	0	0	0	0	0	0	0	0	0	0	0	0	0	0	0	0	0	0	0	0	0	0	0	0	0	0	0	0	0	0	0	0	0	0	0	0	0	0	0	50	100	100	100	100	100	80.7145000000000	61.4290000000000	57.1430000000000	52.8570000000000	76.4285000000000	100	100	100	100	100	55	10	55	100	100	100	100	100	57.1430000000000	14.2860000000000	7.14300000000000	0	0	0	0	0	0	0	0	0	0	0	0	0	0	0	0	0	0	0	0	0	0	0	0	0	0	0	0	0	0	0	0	0	0	0	0	0	0	0	0	0	0	0	0	0	0	0
0	0	0	0	0	0	0	0	0	0	0	0	0	0	0	0	0	0	0	0	0	0	0	0	0	0	0	0	0	0	0	0	0	0	0	0	0	0	0	0	0	0	0	0	0	0	0	0	0	0	0	0	0	0	50	100	100	100	100	100	80.7145000000000	61.4290000000000	57.1430000000000	52.8570000000000	76.4285000000000	100	100	100	100	100	55	10	55	100	100	100	100	100	57.1430000000000	14.2860000000000	7.14300000000000	0	0	0	0	0	0	0	0	0	0	0	0	0	0	0	0	0	0	0	0	0	0	0	0	0	0	0	0	0	0	0	0	0	0	0	0	0	0	0	0	0	0	0	0	0	0	0
0	0	0	0	0	0	0	0	0	0	0	0	0	0	0	0	0	0	0	0	0	0	0	0	0	0	0	0	0	0	0	0	0	0	0	0	0	0	0	0	0	0	0	0	0	0	0	0	0	0	0	0	0	0	50	100	100	100	100	100	80.7145000000000	61.4290000000000	57.1430000000000	52.8570000000000	76.4285000000000	100	100	100	100	100	55	10	55	100	100	100	100	100	78.5715000000000	57.1430000000000	28.5715000000000	0	0	0	0	0	0	0	0	0	0	0	0	0	0	0	0	0	0	0	0	0	0	0	0	0	0	0	0	0	0	0	0	0	0	0	0	0	0	0	0	0	0	0	0	0	0	0
0	0	0	0	0	0	0	0	0	0	0	0	0	0	0	0	0	0	0	0	0	0	0	0	0	0	0	0	0	0	0	0	0	0	0	0	0	0	0	0	0	0	0	0	0	0	0	0	0	0	0	0	0	0	50	100	100	100	100	100	80.7145000000000	61.4290000000000	57.1430000000000	52.8570000000000	76.4285000000000	100	100	100	100	100	55	10	55	100	100	100	100	100	100	100	50	0	0	0	0	0	0	0	0	0	0	0	0	0	0	0	0	0	0	0	0	0	0	0	0	0	0	0	0	0	0	0	0	0	0	0	0	0	0	0	0	0	0	0	0	0	0	0
0	0	0	0	0	0	0	0	0	0	0	0	0	0	0	0	0	0	0	0	0	0	0	0	0	0	0	0	0	0	0	0	0	0	0	0	0	0	0	0	0	0	0	0	0	0	0	0	0	0	0	0	0	0	50	100	100	100	100	100	80.7145000000000	61.4290000000000	57.1430000000000	52.8570000000000	76.4285000000000	100	100	100	100	100	55	10	51.0205000000000	92.0410000000000	96.0205000000000	100	100	100	100	100	50	0	0	0	0	0	0	0	0	0	0	0	0	0	0	0	0	0	0	0	0	0	0	0	0	0	0	0	0	0	0	0	0	0	0	0	0	0	0	0	0	0	0	0	0	0	0	0
0	0	0	0	0	0	0	0	0	0	0	0	0	0	0	0	0	0	0	0	0	0	0	0	0	0	0	0	0	0	0	0	0	0	0	0	0	0	0	0	0	0	0	0	0	0	0	0	0	0	0	0	0	0	50	100	100	100	100	100	80.7145000000000	61.4290000000000	57.1430000000000	52.8570000000000	76.4285000000000	100	100	100	100	100	55	10	47.0410000000000	84.0820000000000	92.0410000000000	100	100	100	100	100	50	0	0	0	0	0	0	0	0	0	0	0	0	0	0	0	0	0	0	0	0	0	0	0	0	0	0	0	0	0	0	0	0	0	0	0	0	0	0	0	0	0	0	0	0	0	0	0
0	0	0	0	0	0	0	0	0	0	0	0	0	0	0	0	0	0	0	0	0	0	0	0	0	0	0	0	0	0	0	0	0	0	0	0	0	0	0	0	0	0	0	0	0	0	0	0	0	0	0	0	0	0	50	100	100	100	100	100	80.7145000000000	61.4290000000000	57.1430000000000	52.8570000000000	76.4285000000000	100	100	100	100	100	62.5000000000000	25	52.0920000000000	79.1840000000000	89.5920000000000	100	100	100	100	100	50	0	0	0	0	0	0	0	0	0	0	0	0	0	0	0	0	0	0	0	0	0	0	0	0	0	0	0	0	0	0	0	0	0	0	0	0	0	0	0	0	0	0	0	0	0	0	0
0	0	0	0	0	0	0	0	0	0	0	0	0	0	0	0	0	0	0	0	0	0	0	0	0	0	0	0	0	0	0	0	0	0	0	0	0	0	0	0	0	0	0	0	0	0	0	0	0	0	0	0	0	0	50	100	100	100	100	100	80.7145000000000	61.4290000000000	57.1430000000000	52.8570000000000	76.4285000000000	100	100	100	100	100	70	40	57.1430000000000	74.2860000000000	87.1430000000000	100	100	100	100	100	50	0	0	0	0	0	0	0	0	0	0	0	0	0	0	0	0	0	0	0	0	0	0	0	0	0	0	0	0	0	0	0	0	0	0	0	0	0	0	0	0	0	0	0	0	0	0	0
0	0	0	0	0	0	0	0	0	0	0	0	0	0	0	0	0	0	0	0	0	0	0	0	0	0	0	0	0	0	0	0	0	0	0	0	0	0	0	0	0	0	0	0	0	0	0	0	0	0	0	0	0	0	50	100	100	100	100	100	80.7145000000000	61.4290000000000	46.4287500000000	31.4285000000000	65.7142500000000	100	100	100	100	100	70	40	57.1430000000000	74.2860000000000	87.1430000000000	100	100	100	100	100	52.3810000000000	4.76200000000000	2.38100000000000	0	0	0	0	0	0	0	0	0	0	0	0	0	0	0	0	0	0	0	0	0	0	0	0	0	0	0	0	0	0	0	0	0	0	0	0	0	0	0	0	0	0	0	0	0
0	0	0	0	0	0	0	0	0	0	0	0	0	0	0	0	0	0	0	0	0	0	0	0	0	0	0	0	0	0	0	0	0	0	0	0	0	0	0	0	0	0	0	0	0	0	0	0	0	0	0	0	0	0	50	100	100	100	100	100	80.7145000000000	61.4290000000000	35.7145000000000	10	55	100	100	100	100	100	70	40	57.1430000000000	74.2860000000000	87.1430000000000	100	100	100	100	100	54.7620000000000	9.52400000000000	4.76200000000000	0	0	0	0	0	0	0	0	0	0	0	0	0	0	0	0	0	0	0	0	0	0	0	0	0	0	0	0	0	0	0	0	0	0	0	0	0	0	0	0	0	0	0	0	0
0	0	0	0	0	0	0	0	0	0	0	0	0	0	0	0	0	0	0	0	0	0	0	0	0	0	0	0	0	0	0	0	0	0	0	0	0	0	0	0	0	0	0	0	0	0	0	0	0	0	0	0	5.95250000000000	11.9050000000000	55.9525000000000	100	100	100	100	100	80.7145000000000	61.4290000000000	35.7145000000000	10	55	100	100	100	100	100	70	40	63.5715000000000	87.1430000000000	93.5715000000000	100	100	100	100	100	54.7620000000000	9.52400000000000	4.76200000000000	0	0	0	0	0	0	0	0	0	0	0	0	0	0	0	0	0	0	0	0	0	0	0	0	0	0	0	0	0	0	0	0	0	0	0	0	0	0	0	0	0	0	0	0	0
0	0	0	0	0	0	0	0	0	0	0	0	0	0	0	0	0	0	0	0	0	0	0	0	0	0	0	0	0	0	0	0	0	0	0	0	0	0	0	0	0	0	0	0	0	0	0	0	0	0	0	0	11.9050000000000	23.8100000000000	61.9050000000000	100	100	100	100	100	80.7145000000000	61.4290000000000	35.7145000000000	10	55	100	100	100	100	100	70	40	70	100	100	100	100	100	100	100	54.7620000000000	9.52400000000000	4.76200000000000	0	0	0	0	0	0	0	0	0	0	0	0	0	0	0	0	0	0	0	0	0	0	0	0	0	0	0	0	0	0	0	0	0	0	0	0	0	0	0	0	0	0	0	0	0
0	0	0	0	0	0	0	0	0	0	0	0	0	0	0	0	0	0	0	0	0	0	0	0	0	0	0	0	0	0	0	0	0	0	0	0	20.2380000000000	40.4760000000000	40.4760000000000	40.4760000000000	20.2380000000000	0	0	0	0	0	0	0	0	0	0	0	11.9050000000000	23.8100000000000	61.9050000000000	100	100	100	100	100	80.7145000000000	61.4290000000000	35.7145000000000	10	55	100	100	100	100	100	70	40	70	100	100	100	100	100	100	100	52.8345000000000	5.66900000000000	2.83450000000000	0	0	0	0	0	0	0	0	0	0	0	0	0	0	0	0	0	0	0	0	0	0	0	0	0	0	0	0	0	0	0	0	0	0	0	0	0	0	0	0	0	0	0	0	0
0	0	0	0	0	0	0	0	0	0	0	0	0	0	0	0	0	0	0	0	0	0	0	0	0	0	0	0	0	0	0	0	0	0	0	0	40.4760000000000	80.9520000000000	80.9520000000000	80.9520000000000	40.4760000000000	0	0	0	0	0	0	0	0	0	0	0	11.9050000000000	23.8100000000000	61.9050000000000	100	100	100	100	100	80.7145000000000	61.4290000000000	35.7145000000000	10	55	100	100	100	100	100	70	40	70	100	100	100	100	100	100	100	50.9070000000000	1.81400000000000	0.907000000000000	0	0	0	0	0	0	0	0	0	0	0	0	0	0	0	0	0	0	0	0	0	0	0	0	0	0	0	0	0	0	0	0	0	0	0	0	0	0	0	0	0	0	0	0	0
0	0	0	0	0	0	0	0	0	0	0	0	0	0	0	0	0	0	0	0	0	0	0	0	0	0	0	0	0	0	0	0	0	0	25	50	70.2380000000000	90.4760000000000	90.4760000000000	90.4760000000000	70.2380000000000	50	46.4285000000000	42.8570000000000	21.4285000000000	0	0	0	0	0	0	0	6.80275000000000	13.6055000000000	56.8027500000000	100	100	100	100	100	90.3572500000000	80.7145000000000	45.3572500000000	10	55	100	100	100	100	100	62.5000000000000	25	62.5000000000000	100	100	100	100	100	100	100	50.4535000000000	0.907000000000000	0.453500000000000	0	0	0	0	0	2.04075000000000	4.08150000000000	27.0407500000000	50	50	50	50	50	50	50	25	0	0	0	0	0	0	0	0	0	0	0	0	0	0	0	0	0	0	0	0	0	0	0	0	0	0	0	0	0
0	0	0	0	0	0	0	0	0	0	0	0	0	0	0	0	0	0	0	0	0	0	0	0	0	0	0	0	0	0	0	0	0	0	50	100	100	100	100	100	100	100	92.8570000000000	85.7140000000000	42.8570000000000	0	0	0	0	0	0	0	1.70050000000000	3.40100000000000	51.7005000000000	100	100	100	100	100	100	100	55	10	55	100	100	100	100	100	55	10	55	100	100	100	100	100	100	100	50	0	0	0	0	0	0	0	4.08150000000000	8.16300000000000	54.0815000000000	100	100	100	100	100	100	100	50	0	0	0	0	0	0	0	0	0	0	0	0	0	0	0	0	0	0	0	0	0	0	0	0	0	0	0	0	0
0	0	0	0	0	0	0	0	0	0	0	0	0	0	0	0	0	0	0	0	0	0	0	0	0	0	0	0	0	0	0	0	25	50	75	100	100	100	100	100	100	100	96.4285000000000	92.8570000000000	46.4285000000000	0	0	0	0	0	0	0	0.850250000000000	1.70050000000000	50.8502500000000	100	100	100	100	100	100	100	55	10	55	100	100	100	100	100	55	10	55	100	100	100	100	100	80.6122500000000	61.2245000000000	30.6122500000000	0	0	0	0	0	1.07700000000000	2.15400000000000	28.1177500000000	54.0815000000000	77.0407500000000	100	100	100	100	100	100	100	75	50	39.0022500000000	28.0045000000000	14.0022500000000	0	0	0	0	0	0	0	0	0	0	0	0	0	0	0	0	0	0	0	0	0	0	0	0	0
0	0	0	0	0	0	0	0	0	0	0	0	0	0	0	0	0	0	0	0	0	0	0	0	0	0	0	0	0	0	0	0	50	100	100	100	100	100	100	100	100	100	100	100	50	0	0	0	0	0	0	0	0	0	50	100	100	100	100	100	100	100	55	10	55	100	100	100	100	100	55	10	55	100	100	100	100	100	61.2245000000000	22.4490000000000	11.2245000000000	0	0	0	0	0	2.15400000000000	4.30800000000000	52.1540000000000	100	100	100	100	100	100	100	100	100	100	100	78.0045000000000	56.0090000000000	28.0045000000000	0	0	0	0	0	0	0	0	0	0	0	0	0	0	0	0	0	0	0	0	0	0	0	0	0
0	0	0	0	0	0	0	0	0	0	0	0	0	0	0	0	0	0	0	0	0	0	0	0	0	0	0	0	0	0	17.0067500000000	34.0135000000000	67.0067500000000	100	100	100	100	100	100	100	100	100	100	100	75	50	25	0	0	0	0	0	0	0	50	100	100	100	100	100	100	100	55	10	55	100	100	100	100	100	62.5000000000000	25	56.0715000000000	87.1430000000000	93.5715000000000	100	100	100	55.6122500000000	11.2245000000000	5.61225000000000	0	0	0	0	0	26.0770000000000	52.1540000000000	76.0770000000000	100	100	100	100	100	100	100	100	100	100	100	89.0022500000000	78.0045000000000	39.0022500000000	0	0	0	0	0	0	0	0	0	0	0	0	0	0	0	0	0	0	0	0	0	0	0	0	0
0	0	0	0	0	0	0	0	0	0	0	0	0	0	0	0	0	0	0	0	0	0	0	0	0	0	0	0	0	0	34.0135000000000	68.0270000000000	84.0135000000000	100	100	100	100	100	100	100	100	100	100	100	100	100	50	0	0	0	0	0	0	0	50	100	100	100	100	100	100	100	55	10	55	100	100	100	100	100	70	40	57.1430000000000	74.2860000000000	87.1430000000000	100	100	100	50	0	0	0	0	0	0	0	50	100	100	100	100	100	100	100	100	100	100	100	100	100	100	100	50	0	0	0	0	0	0	0	0	0	0	0	0	0	0	0	0	0	0	0	0	0	0	0	0	0
0	0	0	0	0	0	0	0	0	0	0	0	0	0	0	0	0	0	0	0	0	0	0	0	0	0	0	0	0	0	42.0067500000000	84.0135000000000	92.0067500000000	100	100	100	77.5000000000000	55	75.3572500000000	95.7145000000000	97.8572500000000	100	100	100	100	100	75	50	25	0	0	0	0	0	25	50	58.3332500000000	66.6665000000000	83.3332500000000	100	77.5000000000000	55	32.5000000000000	10	55	100	100	100	100	100	70	40	57.1430000000000	74.2860000000000	87.1430000000000	100	79.7620000000000	59.5240000000000	29.7620000000000	0	0	0	0	0	25	50	75	100	100	100	100	100	100	100	100	100	100	100	100	100	100	100	64.2857500000000	28.5715000000000	14.2857500000000	0	0	0	0	0	0	0	0	0	0	0	0	0	0	0	0	0	0	0	0	0	0	0
0	0	0	0	0	0	0	0	0	0	0	0	0	0	0	0	0	0	0	0	0	0	0	0	0	0	0	0	0	0	50	100	100	100	100	100	55	10	50.7145000000000	91.4290000000000	95.7145000000000	100	100	100	100	100	100	100	50	0	0	0	0	0	0	0	16.6665000000000	33.3330000000000	66.6665000000000	100	55	10	10	10	55	100	100	100	100	100	70	40	57.1430000000000	74.2860000000000	87.1430000000000	100	59.5240000000000	19.0480000000000	9.52400000000000	0	0	0	0	0	50	100	100	100	100	100	100	100	100	100	100	100	100	100	100	100	100	100	78.5715000000000	57.1430000000000	28.5715000000000	0	0	0	0	0	0	0	0	0	0	0	0	0	0	0	0	0	0	0	0	0	0	0
0	0	0	0	0	0	0	0	0	0	0	0	0	0	0	0	0	0	0	0	0	0	0	0	0	0	0	0	0	0	50	100	100	100	98.9285000000000	97.8570000000000	53.9285000000000	10	50.8165000000000	91.6330000000000	95.8165000000000	100	100	100	100	100	100	100	71.5987500000000	43.1975000000000	21.5987500000000	0	0	0	0	0	8.33325000000000	16.6665000000000	33.3332500000000	50	27.5000000000000	5	5	5	39.9717500000000	74.9435000000000	86.2812500000000	97.6190000000000	97.6190000000000	97.6190000000000	61.1905000000000	24.7620000000000	30.9525000000000	37.1430000000000	43.5715000000000	50	29.7620000000000	9.52400000000000	4.76200000000000	0	0	0	23.8095000000000	47.6190000000000	73.8095000000000	100	100	100	100	100	100	100	100	100	100	100	92.8060000000000	85.6120000000000	77.8060000000000	70	85	100	89.2857500000000	78.5715000000000	39.2857500000000	0	0	0	0	0	0	0	0	0	0	0	0	0	0	0	0	0	0	0	0	0	0	0
0	0	0	0	0	0	0	0	0	0	0	0	0	0	0	0	0	0	0	0	0	0	0	0	0	0	0	0	0	0	50	100	100	100	97.8570000000000	95.7140000000000	52.8570000000000	10	50.9185000000000	91.8370000000000	95.9185000000000	100	100	100	100	100	100	100	93.1975000000000	86.3950000000000	43.1975000000000	0	0	0	0	0	0	0	0	0	0	0	0	0	24.9435000000000	49.8870000000000	72.5625000000000	95.2380000000000	95.2380000000000	95.2380000000000	52.3810000000000	9.52400000000000	4.76200000000000	0	0	0	0	0	0	0	0	0	47.6190000000000	95.2380000000000	97.6190000000000	100	100	100	100	100	100	100	100	100	100	100	85.6120000000000	71.2240000000000	55.6120000000000	40	70	100	100	100	50	0	0	0	0	0	0	0	0	0	0	0	0	0	0	0	0	0	0	0	0	0	0	0
0	0	0	0	0	0	0	0	0	0	0	0	0	0	0	0	0	0	0	0	0	0	0	0	0	0	0	0	1.58725000000000	3.17450000000000	51.5872500000000	100	100	100	78.5712500000000	57.1425000000000	35.7140000000000	14.2855000000000	51.0202500000000	87.7550000000000	93.8775000000000	100	100	100	100	100	100	100	96.5987500000000	93.1975000000000	48.5262500000000	3.85500000000000	1.92750000000000	0	0	0	0	0	0	0	0	0	0	0	12.4717500000000	24.9435000000000	36.2812500000000	47.6190000000000	47.6190000000000	47.6190000000000	26.1905000000000	4.76200000000000	2.38100000000000	0	0	0	0	0	0	0	0	0	48.8095000000000	97.6190000000000	98.8095000000000	100	100	100	100	100	100	100	100	100	77.5000000000000	55	49.9487500000000	44.8975000000000	57.4487500000000	70	85	100	100	100	50	0	0	0	0	0	0	0	0	0	0	0	0	0	0	0	0	0	0	0	0	0	0	0
0	0	0	0	0	0	0	0	0	0	0	0	0	0	0	0	0	0	0	0	0	0	0	0	0	0	0	0	3.17450000000000	6.34900000000000	53.1745000000000	100	100	100	59.2855000000000	18.5710000000000	18.5710000000000	18.5710000000000	51.1220000000000	83.6730000000000	91.8365000000000	100	100	100	100	100	100	100	100	100	53.8550000000000	7.71000000000000	3.85500000000000	0	0	0	0	0	0	0	0	0	0	0	0	0	0	0	0	0	0	0	0	0	0	0	0	0	0	0	0	0	50	100	100	100	100	100	100	100	100	100	100	100	55	10	14.2855000000000	18.5710000000000	59.2855000000000	100	100	100	100	100	50	0	0	0	0	0	0	0	0	0	0	0	0	0	0	0	0	0	0	0	0	0	0	0
0	0	0	0	0	0	0	0	0	0	0	0	0	0	0	0	0	0	0	0	0	0	0	0	0	0	0	0	18.2540000000000	36.5080000000000	68.2540000000000	100	100	100	79.6427500000000	59.2855000000000	59.2855000000000	59.2855000000000	53.0610000000000	46.8365000000000	72.3467500000000	97.8570000000000	98.9285000000000	100	77.5000000000000	55	77.5000000000000	100	100	100	76.9275000000000	53.8550000000000	26.9275000000000	0	0	0	0	0	0	0	0	0	0	0	0	0	0	0	0	0	0	0	0	0	0	0	0	0	0	0	0	0	50	100	100	100	100	100	100	100	100	100	95.7142500000000	91.4285000000000	50.7142500000000	10	34.6427500000000	59.2855000000000	79.6427500000000	100	100	100	100	100	63.0952500000000	26.1905000000000	13.0952500000000	0	0	0	0	0	0	0	0	0	0	0	0	0	0	0	0	0	0	0	0	0
0	0	0	0	0	0	0	0	0	0	0	0	0	0	0	0	0	0	0	0	0	0	0	0	0	0	0	0	33.3335000000000	66.6670000000000	83.3335000000000	100	100	100	100	100	100	100	55	10	52.8570000000000	95.7140000000000	97.8570000000000	100	55	10	55	100	100	100	100	100	50	0	0	0	0	0	0	0	0	0	0	0	0	0	0	0	0	0	0	0	0	0	0	0	0	0	0	0	0	0	50	100	100	100	100	100	100	100	100	100	91.4285000000000	82.8570000000000	46.4285000000000	10	55	100	100	100	100	100	100	100	76.1905000000000	52.3810000000000	26.1905000000000	0	0	0	0	0	0	0	0	0	0	0	0	0	0	0	0	0	0	0	0	0
0	0	0	0	0	0	0	0	0	0	0	0	0	0	0	0	0	0	0	0	0	0	0	0	0	0	0	0	41.6667500000000	83.3335000000000	91.6667500000000	100	100	100	100	100	100	100	57.1427500000000	14.2855000000000	33.5712500000000	52.8570000000000	72.1427500000000	91.4285000000000	50.7142500000000	10	51.1225000000000	92.2450000000000	96.1225000000000	100	100	100	69.0475000000000	38.0950000000000	19.0475000000000	0	0	0	0	0	0	0	0	0	0	0	0	0	0	0	0	0	0	0	0	0	0	0	0	0	4.30850000000000	8.61700000000000	54.3085000000000	100	100	100	100	100	100	100	100	100	73.2142500000000	46.4285000000000	33.5715000000000	20.7145000000000	60.3572500000000	100	100	100	100	100	100	100	76.1905000000000	52.3810000000000	26.1905000000000	0	0	0	0	0	0	0	0	0	0	0	0	0	0	0	0	0	0	0	0	0
0	0	0	0	0	0	0	0	0	0	0	0	0	0	0	0	0	0	0	0	0	0	0	0	0	0	0	0	50	100	100	100	100	100	100	100	100	100	59.2855000000000	18.5710000000000	14.2855000000000	10	46.4285000000000	82.8570000000000	46.4285000000000	10	47.2450000000000	84.4900000000000	92.2450000000000	100	100	100	88.0950000000000	76.1900000000000	38.0950000000000	0	0	0	0	0	0	0	0	0	0	0	0	0	0	0	0	0	0	0	0	0	0	0	0	0	8.61700000000000	17.2340000000000	58.6170000000000	100	100	100	100	100	100	100	100	100	55	10	20.7145000000000	31.4290000000000	65.7145000000000	100	100	100	100	100	100	100	76.1905000000000	52.3810000000000	26.1905000000000	0	0	0	0	0	0	0	0	0	0	0	0	0	0	0	0	0	0	0	0	0
0	0	0	0	0	0	0	0	0	0	0	0	0	0	0	0	0	0	0	0	0	0	0	0	0	0	3.68475000000000	7.36950000000000	53.6847500000000	100	100	100	98.7245000000000	97.4490000000000	98.7245000000000	100	100	100	79.6427500000000	59.2855000000000	34.6427500000000	10	28.2142500000000	46.4285000000000	28.2142500000000	10	30.7652500000000	51.5305000000000	75.7652500000000	100	100	100	94.0475000000000	88.0950000000000	48.2992500000000	8.50350000000000	4.25175000000000	0	0	0	0	0	0	0	0	0	0	0	0	0	0	0	0	0	0	0	0	0	0	0	29.3085000000000	58.6170000000000	79.3085000000000	100	100	100	77.5000000000000	55	56.6327500000000	58.2655000000000	73.7755000000000	89.2855000000000	49.6427500000000	10	20.7145000000000	31.4290000000000	65.7145000000000	100	100	100	94.6427500000000	89.2855000000000	94.6427500000000	100	88.0952500000000	76.1905000000000	38.0952500000000	0	0	0	0	0	0	0	0	0	0	0	0	0	0	0	0	0	0	0	0	0
0	0	0	0	0	0	0	0	0	0	0	0	0	0	0	0	0	0	0	0	0	0	0	0	0	0	7.36950000000000	14.7390000000000	57.3695000000000	100	100	100	97.4490000000000	94.8980000000000	97.4490000000000	100	100	100	100	100	55	10	10	10	10	10	14.2855000000000	18.5710000000000	59.2855000000000	100	100	100	100	100	58.5035000000000	17.0070000000000	8.50350000000000	0	0	0	0	0	0	0	0	0	0	0	0	0	0	0	0	0	0	0	0	0	0	0	50	100	100	100	100	100	55	10	13.2655000000000	16.5310000000000	47.5510000000000	78.5710000000000	44.2855000000000	10	20.7145000000000	31.4290000000000	65.7145000000000	100	100	100	89.2855000000000	78.5710000000000	89.2855000000000	100	100	100	50	0	0	0	0	0	0	0	0	0	0	0	0	0	0	0	0	0	0	0	0	0
0	0	0	0	0	0	0	0	0	0	0	0	0	0	0	0	0	0	0	0	0	0	0	0	0	0	19.1610000000000	38.3220000000000	69.1610000000000	100	100	100	76.2245000000000	52.4490000000000	53.7245000000000	55	55	55	55	55	32.5000000000000	10	10	10	10	10	14.2855000000000	18.5710000000000	59.2855000000000	100	100	100	100	100	79.2517500000000	58.5035000000000	29.2517500000000	0	0	0	0	0	0	0	0	0	0	0	0	0	0	0	0	0	0	0	0	0	6.12250000000000	12.2450000000000	56.1225000000000	100	100	100	100	100	55	10	11.6327500000000	13.2655000000000	28.7755000000000	44.2855000000000	27.1427500000000	10	15.3572500000000	20.7145000000000	37.8572500000000	55	55	55	49.6427500000000	44.2855000000000	72.1427500000000	100	100	100	50	0	0	0	0	0	0	0	0	0	0	0	0	0	0	0	0	0	0	0	0	0
0	0	0	0	0	0	0	0	0	0	0	0	0	0	0	0	0	0	0	0	0	0	0	0	0	0	30.9525000000000	61.9050000000000	80.9525000000000	100	100	100	55	10	10	10	10	10	10	10	10	10	10	10	10	10	14.2855000000000	18.5710000000000	59.2855000000000	100	100	100	100	100	100	100	50	0	0	0	0	0	0	0	0	0	0	0	0	0	0	0	0	0	0	0	0	0	12.2450000000000	24.4900000000000	62.2450000000000	100	100	100	100	100	55	10	10	10	10	10	10	10	10	10	10	10	10	10	10	10	55	100	100	100	50	0	0	0	0	0	0	0	0	0	0	0	0	0	0	0	0	0	0	0	0	0
0	0	0	0	0	0	0	0	0	0	0	0	0	0	0	0	0	0	0	0	0	0	0	0	0	0	30.9525000000000	61.9050000000000	80.9525000000000	100	100	100	77.5000000000000	55	32.5000000000000	10	10	10	10	10	10	10	10	10	10	10	21.0712500000000	32.1425000000000	66.0712500000000	100	100	100	100	100	100	100	50	0	0	0	0	0	0	0	0	0	0	0	0	0	0	0	0	0	0	0	0	0	31.1225000000000	62.2450000000000	81.1225000000000	100	100	100	100	100	76.7857500000000	53.5715000000000	31.7857500000000	10	10	10	10	10	10	10	10	10	17.5000000000000	25	40	55	77.5000000000000	100	100	100	50	0	0	0	0	0	0	0	0	0	0	0	0	0	0	0	0	0	0	0	0	0
0	0	0	0	0	0	0	0	0	0	0	0	0	0	0	0	0	0	0	0	0	0	0	0	0	0	30.9525000000000	61.9050000000000	80.9525000000000	100	100	100	100	100	55	10	10	10	10	10	10	10	10	10	10	10	27.8570000000000	45.7140000000000	72.8570000000000	100	100	100	100	100	100	100	50	0	0	0	0	0	0	0	0	0	0	0	0	0	0	0	0	0	0	0	0	0	50	100	100	100	100	100	100	100	98.5715000000000	97.1430000000000	53.5715000000000	10	10	10	10	10	10	10	10	10	25	40	70	100	100	100	100	100	50	0	0	0	0	0	0	0	0	0	0	0	0	0	0	0	0	0	0	0	0	0
0	0	0	0	0	0	0	0	0	0	0	0	0	0	0	0	0	0	0	0	0	0	0	0	0	0	30.9525000000000	61.9050000000000	80.9525000000000	100	100	100	82.8572500000000	65.7145000000000	37.8572500000000	10	10	10	10	10	10	10	10	10	10	10	41.4285000000000	72.8570000000000	86.4285000000000	100	100	100	100	100	100	100	50	0	0	0	0	0	0	0	0	0	0	0	0	0	0	0	0	0	0	0	0	0	50	100	100	100	100	100	100	100	99.2857500000000	98.5715000000000	54.2857500000000	10	10	10	10	10	10	10	16.4285000000000	22.8570000000000	46.4285000000000	70	85	100	100	100	100	100	61.9047500000000	23.8095000000000	11.9047500000000	0	0	0	0	0	0	0	0	0	0	0	0	0	0	0	0	0	0	0
0	0	0	0	0	0	0	0	0	0	0	0	0	0	0	0	0	0	0	0	0	0	0	0	0	0	30.9525000000000	61.9050000000000	80.9525000000000	100	100	100	65.7145000000000	31.4290000000000	20.7145000000000	10	10	10	10	10	10	10	10	10	10	10	55	100	100	100	100	100	100	100	100	100	50	0	0	0	0	0	0	0	0	0	0	0	0	0	0	0	0	0	0	0	0	0	50	100	100	100	100	100	100	100	100	100	55	10	10	10	10	10	10	10	22.8570000000000	35.7140000000000	67.8570000000000	100	100	100	100	100	100	100	73.8095000000000	47.6190000000000	23.8095000000000	0	0	0	0	0	0	0	0	0	0	0	0	0	0	0	0	0	0	0
0	0	0	0	0	0	0	0	0	0	0	0	0	0	0	0	0	0	0	0	0	0	0	0	0	0	40.4762500000000	80.9525000000000	90.4762500000000	100	100	100	82.8572500000000	65.7145000000000	49.9490000000000	34.1835000000000	22.0917500000000	10	18.7245000000000	27.4490000000000	41.2245000000000	55	42.1427500000000	29.2855000000000	19.6427500000000	10	55	100	100	100	100	100	100	100	85.2040000000000	70.4080000000000	35.2040000000000	0	0	0	0	0	0	0	0	0	0	0	0	0	0	0	0	0	0	0	0	0	48.4695000000000	96.9390000000000	98.4695000000000	100	100	100	100	100	98.9285000000000	97.8570000000000	53.9285000000000	10	10	10	10	10	10	10	20.1020000000000	30.2040000000000	65.1020000000000	100	100	100	90.3572500000000	80.7145000000000	90.3572500000000	100	86.9047500000000	73.8095000000000	36.9047500000000	0	0	0	0	0	0	0	0	0	0	0	0	0	0	0	0	0	0	0
0	0	0	0	0	0	0	0	0	0	0	0	0	0	0	0	0	0	0	0	0	0	0	0	0	0	50	100	100	100	100	100	100	100	79.1835000000000	58.3670000000000	34.1835000000000	10	27.4490000000000	44.8980000000000	72.4490000000000	100	74.2855000000000	48.5710000000000	29.2855000000000	10	55	100	100	100	100	100	100	100	70.4080000000000	40.8160000000000	20.4080000000000	0	0	0	0	0	0	0	0	0	0	0	0	0	0	0	0	0	0	0	0	0	46.9390000000000	93.8780000000000	96.9390000000000	100	100	100	100	100	97.8570000000000	95.7140000000000	52.8570000000000	10	10	10	10	10	10	10	17.3470000000000	24.6940000000000	62.3470000000000	100	100	100	80.7145000000000	61.4290000000000	80.7145000000000	100	100	100	50	0	0	0	0	0	0	0	0	0	0	0	0	0	0	0	0	0	0	0
0	0	0	0	0	0	0	0	0	0	0	0	0	0	0	0	0	0	0	0	0	0	0	0	0	0	50	100	100	100	100	100	91.8367500000000	83.6735000000000	58.9285000000000	34.1835000000000	22.0917500000000	10	39.0817500000000	68.1635000000000	84.0817500000000	100	87.1427500000000	74.2855000000000	42.1427500000000	10	34.6427500000000	59.2855000000000	79.6427500000000	100	100	100	75	50	35.2040000000000	20.4080000000000	10.2040000000000	0	16.8935000000000	33.7870000000000	41.8935000000000	50	50	50	30.6690000000000	11.3380000000000	5.66900000000000	0	11.9047500000000	23.8095000000000	36.9047500000000	50	28.4012500000000	6.80250000000000	3.40125000000000	0	0	0	44.8980000000000	89.7960000000000	94.8980000000000	100	100	100	100	100	76.4285000000000	52.8570000000000	31.4285000000000	10	32.5000000000000	55	52.7550000000000	50.5100000000000	30.2550000000000	10	13.6735000000000	17.3470000000000	36.1735000000000	55	55	55	61.1225000000000	67.2450000000000	83.6225000000000	100	100	100	50	0	0	0	0	0	0	0	0	0	0	0	0	0	0	0	0	0	0	0
0	0	0	0	0	0	0	0	0	0	0	0	0	0	0	0	0	0	0	0	0	0	0	0	0	0	50	100	100	100	100	100	83.6735000000000	67.3470000000000	38.6735000000000	10	10	10	50.7145000000000	91.4290000000000	95.7145000000000	100	100	100	55	10	14.2855000000000	18.5710000000000	59.2855000000000	100	100	100	50	0	0	0	0	0	33.7870000000000	67.5740000000000	83.7870000000000	100	100	100	61.3380000000000	22.6760000000000	11.3380000000000	0	23.8095000000000	47.6190000000000	73.8095000000000	100	56.8025000000000	13.6050000000000	6.80250000000000	0	0	0	42.8570000000000	85.7140000000000	92.8570000000000	100	100	100	100	100	55	10	10	10	55	100	95.5100000000000	91.0200000000000	50.5100000000000	10	10	10	10	10	10	10	41.5305000000000	73.0610000000000	86.5305000000000	100	100	100	50	0	0	0	0	0	0	0	0	0	0	0	0	0	0	0	0	0	0	0
0	0	0	0	0	0	0	0	0	0	0	0	0	0	0	0	0	0	0	0	0	0	0	0	14.2857500000000	28.5715000000000	64.2857500000000	100	100	100	91.5817500000000	83.1635000000000	60.9185000000000	38.6735000000000	24.3367500000000	10	20.1020000000000	30.2040000000000	62.9592500000000	95.7145000000000	97.8572500000000	100	100	100	55	10	12.1427500000000	14.2855000000000	36.1732500000000	58.0610000000000	63.6677500000000	69.2745000000000	34.6372500000000	0	0	0	25	50	66.8935000000000	83.7870000000000	91.8935000000000	100	100	100	80.6690000000000	61.3380000000000	50.5670000000000	39.7960000000000	56.8027500000000	73.8095000000000	86.9047500000000	100	78.4012500000000	56.8025000000000	31.5192500000000	6.23600000000000	3.11800000000000	0	21.4285000000000	42.8570000000000	71.4285000000000	100	100	100	100	100	55	10	12.1427500000000	14.2855000000000	57.1427500000000	100	97.7550000000000	95.5100000000000	52.7550000000000	10	10	10	10	10	10	10	48.2652500000000	86.5305000000000	93.2652500000000	100	100	100	50	0	0	0	0	0	0	0	0	0	0	0	0	0	0	0	0	0	0	0
0	0	0	0	0	0	0	0	0	0	0	0	0	0	0	0	0	0	0	0	0	0	0	0	28.5715000000000	57.1430000000000	78.5715000000000	100	100	100	83.1635000000000	66.3270000000000	38.1635000000000	10	10	10	30.2040000000000	50.4080000000000	75.2040000000000	100	100	100	100	100	55	10	10	10	13.0610000000000	16.1220000000000	27.3355000000000	38.5490000000000	19.2745000000000	0	0	0	50	100	100	100	100	100	100	100	100	100	89.7960000000000	79.5920000000000	89.7960000000000	100	100	100	100	100	56.2360000000000	12.4720000000000	6.23600000000000	0	0	0	50	100	100	100	100	100	55	10	14.2855000000000	18.5710000000000	59.2855000000000	100	100	100	55	10	10	10	10	10	10	10	55	100	100	100	100	100	50	0	0	0	0	0	0	0	0	0	0	0	0	0	0	0	0	0	0	0
0	0	0	0	0	0	0	0	0	0	0	0	0	0	0	0	0	0	0	0	0	0	0	0	34.6940000000000	69.3880000000000	84.6940000000000	100	80.7142500000000	61.4285000000000	49.7960000000000	38.1635000000000	24.0817500000000	10	30.6632500000000	51.3265000000000	63.2652500000000	75.2040000000000	87.6020000000000	100	100	100	100	100	55	10	32.5000000000000	55	34.0305000000000	13.0610000000000	16.1677500000000	19.2745000000000	9.63725000000000	0	0	0	50	100	100	100	100	100	100	100	100	100	94.8980000000000	89.7960000000000	94.8980000000000	100	100	100	100	100	78.1180000000000	56.2360000000000	28.1180000000000	0	0	0	27.5000000000000	55	64.1837500000000	73.3675000000000	73.8265000000000	74.2855000000000	42.1427500000000	10	14.2855000000000	18.5710000000000	59.2855000000000	100	100	100	55	10	10	10	22.8572500000000	35.7145000000000	45.3572500000000	55	77.5000000000000	100	100	100	86.9047500000000	73.8095000000000	36.9047500000000	0	0	0	0	0	0	0	0	0	0	0	0	0	0	0	0	0	0	0
0	0	0	0	0	0	0	0	0	0	0	0	0	0	0	0	0	0	0	0	0	0	0	0	40.8165000000000	81.6330000000000	90.8165000000000	100	61.4285000000000	22.8570000000000	16.4285000000000	10	10	10	51.3265000000000	92.6530000000000	96.3265000000000	100	100	100	100	100	100	100	55	10	55	100	55	10	5	0	0	0	0	0	50	100	100	100	100	100	100	100	100	100	100	100	100	100	100	100	100	100	100	100	50	0	0	0	5	10	28.3675000000000	46.7350000000000	47.6530000000000	48.5710000000000	29.2855000000000	10	14.2855000000000	18.5710000000000	59.2855000000000	100	100	100	55	10	10	10	35.7145000000000	61.4290000000000	80.7145000000000	100	100	100	100	100	73.8095000000000	47.6190000000000	23.8095000000000	0	0	0	0	0	0	0	0	0	0	0	0	0	0	0	0	0	0	0
0	0	0	0	0	0	0	0	0	0	0	0	0	0	0	0	0	0	0	0	0	0	0	0	45.4082500000000	90.8165000000000	95.4082500000000	100	58.2142500000000	16.4285000000000	13.2142500000000	10	27.1427500000000	44.2855000000000	70.3060000000000	96.3265000000000	98.1632500000000	100	100	100	100	100	100	100	55	10	55	100	77.5000000000000	55	27.5000000000000	0	0	0	0	0	50	100	100	100	100	100	100	100	100	100	100	100	100	100	100	100	100	100	100	100	50	0	0	0	5	10	19.1837500000000	28.3675000000000	28.8265000000000	29.2855000000000	19.6427500000000	10	14.2855000000000	18.5710000000000	59.2855000000000	100	100	100	55	10	10	10	45.3572500000000	80.7145000000000	90.3572500000000	100	100	100	100	100	73.8095000000000	47.6190000000000	23.8095000000000	0	0	0	0	0	0	0	0	0	0	0	0	0	0	0	0	0	0	0
0	0	0	0	0	0	0	0	0	0	0	0	0	0	0	0	0	0	0	0	0	0	0	0	50	100	100	100	55	10	10	10	44.2855000000000	78.5710000000000	89.2855000000000	100	100	100	100	100	100	100	100	100	55	10	55	100	100	100	50	0	0	0	0	0	50	100	100	100	100	100	100	100	100	100	100	100	100	100	100	100	100	100	100	100	50	0	0	0	5	10	10	10	10	10	10	10	14.2855000000000	18.5710000000000	59.2855000000000	100	100	100	55	10	10	10	55	100	100	100	100	100	100	100	73.8095000000000	47.6190000000000	23.8095000000000	0	0	0	0	0	0	0	0	0	0	0	0	0	0	0	0	0	0	0
0	0	0	0	0	0	0	0	0	0	0	0	0	0	0	0	0	0	0	0	0	0	0	0	50	100	100	100	62.5000000000000	25	17.5000000000000	10	49.6427500000000	89.2855000000000	94.6427500000000	100	100	100	100	100	100	100	100	100	55	10	34.6427500000000	59.2855000000000	79.6427500000000	100	75	50	25	0	0	0	27.7777500000000	55.5555000000000	77.7777500000000	100	100	100	100	100	100	100	100	100	100	100	100	100	100	100	87.3015000000000	74.6030000000000	37.3015000000000	0	0	0	4.84125000000000	9.68250000000000	24.1270000000000	38.5715000000000	46.7857500000000	55	32.5000000000000	10	14.2855000000000	18.5710000000000	59.2855000000000	100	100	100	55	10	10	10	55	100	100	100	100	100	100	100	73.8095000000000	47.6190000000000	23.8095000000000	0	0	0	0	0	0	0	0	0	0	0	0	0	0	0	0	0	0	0
0	0	0	0	0	0	0	0	0	0	0	0	0	0	0	0	0	0	0	0	0	0	0	0	50	100	100	100	70	40	25	10	55	100	100	100	100	100	100	100	100	100	100	100	55	10	14.2855000000000	18.5710000000000	59.2855000000000	100	100	100	50	0	0	0	5.55550000000000	11.1110000000000	55.5555000000000	100	100	100	100	100	100	100	100	100	100	100	100	100	100	100	74.6030000000000	49.2060000000000	24.6030000000000	0	0	0	4.68250000000000	9.36500000000000	38.2540000000000	67.1430000000000	83.5715000000000	100	55	10	14.2855000000000	18.5710000000000	59.2855000000000	100	100	100	55	10	10	10	55	100	100	100	100	100	100	100	73.8095000000000	47.6190000000000	23.8095000000000	0	0	0	0	0	0	0	0	0	0	0	0	0	0	0	0	0	0	0
0	0	0	0	0	0	0	0	0	0	0	0	0	0	0	0	0	0	0	0	0	0	0	0	50	100	100	100	70	40	25	10	55	100	100	100	86.2245000000000	72.4490000000000	69.5407500000000	66.6325000000000	83.3162500000000	100	100	100	55	10	12.1427500000000	14.2855000000000	57.1427500000000	100	100	100	50	0	0	0	2.77775000000000	5.55550000000000	52.7777500000000	100	100	100	100	100	100	100	100	100	100	100	100	100	100	100	62.3015000000000	24.6030000000000	12.3015000000000	0	0	0	4.60325000000000	9.20650000000000	46.3890000000000	83.5715000000000	91.7857500000000	100	55	10	34.6427500000000	59.2855000000000	79.6427500000000	100	100	100	55	10	10	10	55	100	100	100	100	100	100	100	73.8095000000000	47.6190000000000	23.8095000000000	0	0	0	0	0	0	0	0	0	0	0	0	0	0	0	0	0	0	0
0	0	0	0	0	0	0	0	0	0	0	0	0	0	0	0	0	0	0	0	0	0	0	0	50	100	100	100	70	40	25	10	55	100	100	100	72.4490000000000	44.8980000000000	39.0815000000000	33.2650000000000	66.6325000000000	100	100	100	55	10	10	10	55	100	100	100	50	0	0	0	0	0	50	100	100	100	100	100	100	100	100	100	100	100	100	100	100	100	50	0	0	0	0	0	4.52400000000000	9.04800000000000	54.5240000000000	100	100	100	55	10	55	100	100	100	100	100	55	10	10	10	55	100	100	100	100	100	100	100	73.8095000000000	47.6190000000000	23.8095000000000	0	0	0	0	0	0	0	0	0	0	0	0	0	0	0	0	0	0	0
0	0	0	0	0	0	0	0	0	0	0	0	0	0	0	0	0	0	0	0	0	0	0	0	39.2857500000000	78.5715000000000	89.2857500000000	100	70	40	25	10	55	100	100	100	66.9387500000000	33.8775000000000	27.7550000000000	21.6325000000000	60	98.3675000000000	99.1837500000000	100	55	10	27.6530000000000	45.3060000000000	72.6530000000000	100	96.3720000000000	92.7440000000000	46.3720000000000	0	0	0	0	0	27.2675000000000	54.5350000000000	77.2675000000000	100	100	100	100	100	100	100	100	100	100	100	100	100	50	0	0	0	0	0	2.26200000000000	4.52400000000000	52.2620000000000	100	100	100	55	10	55	100	100	100	100	100	55	10	10	10	32.5000000000000	55	55	55	64.6427500000000	74.2855000000000	87.1427500000000	100	73.8095000000000	47.6190000000000	23.8095000000000	0	0	0	0	0	0	0	0	0	0	0	0	0	0	0	0	0	0	0
0	0	0	0	0	0	0	0	0	0	0	0	0	0	0	0	0	0	0	0	0	0	0	0	28.5715000000000	57.1430000000000	78.5715000000000	100	70	40	25	10	55	100	100	100	61.4285000000000	22.8570000000000	16.4285000000000	10	53.3675000000000	96.7350000000000	98.3675000000000	100	55	10	45.3060000000000	80.6120000000000	90.3060000000000	100	92.7440000000000	85.4880000000000	42.7440000000000	0	0	0	0	0	4.53500000000000	9.07000000000000	54.5350000000000	100	100	100	100	100	100	100	100	100	100	100	100	100	50	0	0	0	0	0	0	0	50	100	100	100	55	10	55	100	100	100	100	100	55	10	10	10	10	10	10	10	29.2855000000000	48.5710000000000	74.2855000000000	100	73.8095000000000	47.6190000000000	23.8095000000000	0	0	0	0	0	0	0	0	0	0	0	0	0	0	0	0	0	0	0
0	0	0	0	0	0	0	0	0	0	0	0	0	0	0	0	0	0	0	0	0	0	0	0	14.2857500000000	28.5715000000000	64.2857500000000	100	85	70	40	10	55	100	100	100	80.7142500000000	61.4285000000000	35.7142500000000	10	31.6837500000000	53.3675000000000	54.1837500000000	55	32.5000000000000	10	50.1530000000000	90.3060000000000	95.1530000000000	100	91.6100000000000	83.2200000000000	46.4285000000000	9.63700000000000	29.8185000000000	50	25	0	2.26750000000000	4.53500000000000	29.3082500000000	54.0815000000000	77.0407500000000	100	100	100	91.3265000000000	82.6530000000000	91.3265000000000	100	100	100	82.1427500000000	64.2855000000000	32.1427500000000	0	0	0	0	0	0	0	50	100	100	100	55.8672500000000	11.7345000000000	55.8672500000000	100	100	100	100	100	76.4795000000000	52.9590000000000	31.4795000000000	10	10	10	10	10	29.2855000000000	48.5710000000000	74.2855000000000	100	61.9047500000000	23.8095000000000	11.9047500000000	0	0	0	0	0	0	0	0	0	0	0	0	0	0	0	0	0	0	0
0	0	0	0	0	0	0	0	0	0	0	0	0	0	0	0	0	0	0	0	0	0	0	0	0	0	50	100	100	100	55	10	55	100	100	100	100	100	55	10	10	10	10	10	10	10	55	100	100	100	90.4760000000000	80.9520000000000	50.1130000000000	19.2740000000000	59.6370000000000	100	50	0	0	0	4.08150000000000	8.16300000000000	54.0815000000000	100	100	100	82.6530000000000	65.3060000000000	82.6530000000000	100	100	100	64.2855000000000	28.5710000000000	14.2855000000000	0	0	0	0	0	0	0	50	100	100	100	56.7345000000000	13.4690000000000	56.7345000000000	100	100	100	100	100	97.9590000000000	95.9180000000000	52.9590000000000	10	10	10	10	10	29.2855000000000	48.5710000000000	74.2855000000000	100	50	0	0	0	0	0	0	0	0	0	0	0	0	0	0	0	0	0	0	0	0	0
0	0	0	0	0	0	0	0	0	0	0	0	0	0	0	0	0	0	0	0	0	0	0	0	0	0	50	100	100	100	77.5000000000000	55	72.1427500000000	89.2855000000000	94.6427500000000	100	100	100	55	10	10	10	32.5000000000000	55	55	55	77.5000000000000	100	100	100	70.2380000000000	40.4760000000000	50.0565000000000	59.6370000000000	79.8185000000000	100	75	50	25	0	2.04075000000000	4.08150000000000	28.7415000000000	53.4015000000000	55.2722500000000	57.1430000000000	44.8980000000000	32.6530000000000	58.1632500000000	83.6735000000000	77.5510000000000	71.4285000000000	42.8570000000000	14.2855000000000	7.14275000000000	0	24.3197500000000	48.6395000000000	46.2585000000000	43.8775000000000	21.9387500000000	0	48.8095000000000	97.6190000000000	98.8095000000000	100	55.8672500000000	11.7345000000000	54.0305000000000	96.3265000000000	78.8775000000000	61.4285000000000	80.7142500000000	100	98.9795000000000	97.9590000000000	76.4795000000000	55	32.5000000000000	10	10	10	42.1427500000000	74.2855000000000	87.1427500000000	100	50	0	0	0	0	0	0	0	0	0	0	0	0	0	0	0	0	0	0	0	0	0
0	0	0	0	0	0	0	0	0	0	0	0	0	0	0	0	0	0	0	0	0	0	0	0	0	0	50	100	100	100	100	100	89.2855000000000	78.5710000000000	89.2855000000000	100	100	100	55	10	10	10	55	100	100	100	100	100	100	100	50	0	50	100	100	100	100	100	50	0	0	0	3.40150000000000	6.80300000000000	10.5445000000000	14.2860000000000	7.14300000000000	0	33.6735000000000	67.3470000000000	55.1020000000000	42.8570000000000	21.4285000000000	0	0	0	48.6395000000000	97.2790000000000	92.5170000000000	87.7550000000000	43.8775000000000	0	47.6190000000000	95.2380000000000	97.6190000000000	100	55	10	51.3265000000000	92.6530000000000	57.7550000000000	22.8570000000000	61.4285000000000	100	100	100	100	100	55	10	10	10	55	100	100	100	50	0	0	0	0	0	0	0	0	0	0	0	0	0	0	0	0	0	0	0	0	0
0	0	0	0	0	0	0	0	0	0	0	0	0	0	0	0	0	0	0	0	0	0	0	0	0	0	41.3832500000000	82.7665000000000	91.3832500000000	100	100	100	77.5000000000000	55	77.5000000000000	100	100	100	55	10	10	10	55	100	100	100	100	100	75	50	29.3085000000000	8.61700000000000	54.3085000000000	100	100	100	100	100	74.0930000000000	48.1860000000000	24.0930000000000	0	1.70075000000000	3.40150000000000	5.27225000000000	7.14300000000000	3.57150000000000	0	16.8367500000000	33.6735000000000	27.5510000000000	21.4285000000000	10.7142500000000	0	24.4330000000000	48.8660000000000	73.7527500000000	98.6395000000000	96.2585000000000	93.8775000000000	46.9387500000000	0	26.0770000000000	52.1540000000000	76.0770000000000	100	77.3980000000000	54.7960000000000	53.0612500000000	51.3265000000000	33.8775000000000	16.4285000000000	36.1225000000000	55.8165000000000	77.9082500000000	100	100	100	70	40	33.5715000000000	27.1430000000000	63.5715000000000	100	89.2290000000000	78.4580000000000	39.2290000000000	0	0	0	0	0	0	0	0	0	0	0	0	0	0	0	0	0	0	0	0	0
0	0	0	0	0	0	0	0	0	0	0	0	0	0	0	0	0	0	0	0	0	0	0	0	0	0	32.7665000000000	65.5330000000000	82.7665000000000	100	100	100	65.7145000000000	31.4290000000000	65.7145000000000	100	100	100	55	10	10	10	55	100	100	100	100	100	50	0	8.61700000000000	17.2340000000000	58.6170000000000	100	100	100	100	100	98.1860000000000	96.3720000000000	48.1860000000000	0	0	0	0	0	0	0	0	0	0	0	0	0	48.8660000000000	97.7320000000000	98.8660000000000	100	100	100	50	0	4.53500000000000	9.07000000000000	54.5350000000000	100	99.7960000000000	99.5920000000000	54.7960000000000	10	10	10	10.8165000000000	11.6330000000000	55.8165000000000	100	100	100	85	70	57.1430000000000	44.2860000000000	72.1430000000000	100	78.4580000000000	56.9160000000000	28.4580000000000	0	0	0	0	0	0	0	0	0	0	0	0	0	0	0	0	0	0	0	0	0
0	0	0	0	0	0	0	0	0	0	0	0	0	0	0	0	0	0	0	0	0	0	0	0	0	0	17.1202500000000	34.2405000000000	67.1202500000000	100	100	100	82.8572500000000	65.7145000000000	82.8572500000000	100	100	100	76.5305000000000	53.0610000000000	52.9590000000000	52.8570000000000	76.4285000000000	100	100	100	76.0770000000000	52.1540000000000	26.0770000000000	0	29.3085000000000	58.6170000000000	79.3085000000000	100	100	100	100	100	99.0930000000000	98.1860000000000	62.6985000000000	27.2110000000000	13.6055000000000	0	0	0	0	0	0	0	0	0	0	0	49.4330000000000	98.8660000000000	99.4330000000000	100	100	100	75	50	27.2675000000000	4.53500000000000	52.2675000000000	100	99.8980000000000	99.7960000000000	77.3980000000000	55	50.8672500000000	46.7345000000000	33.0612500000000	19.3880000000000	59.6940000000000	100	100	100	85	70	71.0715000000000	72.1430000000000	86.0715000000000	100	64.2290000000000	28.4580000000000	14.2290000000000	0	0	0	0	0	0	0	0	0	0	0	0	0	0	0	0	0	0	0	0	0
0	0	0	0	0	0	0	0	0	0	0	0	0	0	0	0	0	0	0	0	0	0	0	0	0	0	1.47400000000000	2.94800000000000	51.4740000000000	100	100	100	100	100	100	100	100	100	98.0610000000000	96.1220000000000	95.9180000000000	95.7140000000000	97.8570000000000	100	100	100	52.1540000000000	4.30800000000000	2.15400000000000	0	50	100	100	100	100	100	100	100	100	100	77.2110000000000	54.4220000000000	27.2110000000000	0	0	0	0	0	0	0	0	0	0	0	50	100	100	100	100	100	100	100	50	0	50	100	100	100	100	100	91.7345000000000	83.4690000000000	55.3060000000000	27.1430000000000	63.5715000000000	100	100	100	85	70	85	100	100	100	50	0	0	0	0	0	0	0	0	0	0	0	0	0	0	0	0	0	0	0	0	0	0	0
0	0	0	0	0	0	0	0	0	0	0	0	0	0	0	0	0	0	0	0	0	0	0	0	0	0	0.737000000000000	1.47400000000000	42.4037500000000	83.3335000000000	91.6667500000000	100	100	100	100	100	100	100	99.0305000000000	98.0610000000000	97.9590000000000	97.8570000000000	98.9285000000000	100	75	50	26.0770000000000	2.15400000000000	26.0770000000000	50	75	100	100	100	100	100	100	100	100	100	63.6055000000000	27.2110000000000	13.6055000000000	0	0	0	0	0	0	0	0	0	0	0	50	100	100	100	100	100	100	100	75	50	50	50	75	100	100	100	95.8672500000000	91.7345000000000	77.6530000000000	63.5715000000000	81.7857500000000	100	100	100	92.5000000000000	85	92.5000000000000	100	100	100	50	0	0	0	0	0	0	0	0	0	0	0	0	0	0	0	0	0	0	0	0	0	0	0
0	0	0	0	0	0	0	0	0	0	0	0	0	0	0	0	0	0	0	0	0	0	0	0	0	0	0	0	33.3335000000000	66.6670000000000	83.3335000000000	100	100	100	100	100	100	100	100	100	100	100	100	100	50	0	0	0	50	100	100	100	100	100	100	100	100	100	100	100	50	0	0	0	0	0	0	0	0	0	0	0	0	0	50	100	100	100	100	100	100	100	100	100	50	0	50	100	100	100	100	100	100	100	100	100	100	100	100	100	100	100	100	100	50	0	0	0	0	0	0	0	0	0	0	0	0	0	0	0	0	0	0	0	0	0	0	0
0	0	0	0	0	0	0	0	0	0	0	0	0	0	0	0	0	0	0	0	0	0	0	0	0	0	0	0	16.6667500000000	33.3335000000000	41.6667500000000	50	73.8095000000000	97.6190000000000	98.8095000000000	100	100	100	100	100	98.8095000000000	97.6190000000000	73.8095000000000	50	50	50	50	50	75	100	100	100	100	100	100	100	100	100	100	100	50	0	0	0	0	0	0	0	0	0	0	0	17.8572500000000	35.7145000000000	67.8572500000000	100	100	100	100	100	100	100	100	100	75	50	50	50	73.9230000000000	97.8460000000000	98.9230000000000	100	100	100	100	100	100	100	100	100	100	100	99.4897500000000	98.9795000000000	49.4897500000000	0	0	0	0	0	0	0	0	0	0	0	0	0	0	0	0	0	0	0	0	0	0	0
0	0	0	0	0	0	0	0	0	0	0	0	0	0	0	0	0	0	0	0	0	0	0	0	0	0	0	0	0	0	0	0	47.6190000000000	95.2380000000000	97.6190000000000	100	100	100	100	100	97.6190000000000	95.2380000000000	47.6190000000000	0	50	100	100	100	100	100	100	100	100	100	100	100	100	100	100	100	50	0	0	0	0	0	0	0	0	0	0	0	35.7145000000000	71.4290000000000	85.7145000000000	100	100	100	100	100	100	100	100	100	100	100	50	0	47.8460000000000	95.6920000000000	97.8460000000000	100	100	100	100	100	100	100	100	100	100	100	98.9795000000000	97.9590000000000	48.9795000000000	0	0	0	0	0	0	0	0	0	0	0	0	0	0	0	0	0	0	0	0	0	0	0
0	0	0	0	0	0	0	0	0	0	0	0	0	0	0	0	0	0	0	0	0	0	0	0	0	0	0	0	0	0	0	0	23.8095000000000	47.6190000000000	48.8095000000000	50	50	50	50	50	48.8095000000000	47.6190000000000	48.8095000000000	50	75	100	100	100	100	100	100	100	100	100	100	100	100	100	100	100	51.3605000000000	2.72100000000000	1.36050000000000	0	0	0	0	0	0	0	0	0	35.7145000000000	71.4290000000000	85.7145000000000	100	100	100	100	100	100	100	100	100	100	100	52.2675000000000	4.53500000000000	26.1905000000000	47.8460000000000	73.9230000000000	100	100	100	100	100	100	100	100	100	100	100	74.4897500000000	48.9795000000000	24.4897500000000	0	0	0	0	0	0	0	0	0	0	0	0	0	0	0	0	0	0	0	0	0	0	0
0	0	0	0	0	0	0	0	0	0	0	0	0	0	0	0	0	0	0	0	0	0	0	0	0	0	0	0	0	0	0	0	0	0	0	0	0	0	0	0	0	0	50	100	100	100	100	100	100	100	100	100	100	100	100	100	100	100	100	100	52.7210000000000	5.44200000000000	2.72100000000000	0	0	0	0	0	0	0	0	0	35.7145000000000	71.4290000000000	85.7145000000000	100	100	100	100	100	100	100	100	100	100	100	54.5350000000000	9.07000000000000	4.53500000000000	0	50	100	100	100	100	100	100	100	100	100	100	100	50	0	0	0	0	0	0	0	0	0	0	0	0	0	0	0	0	0	0	0	0	0	0	0	0	0
0	0	0	0	0	0	0	0	0	0	0	0	0	0	0	0	0	0	0	0	0	0	0	0	0	0	0	0	0	0	0	0	0	0	0	0	0	0	0	0	23.8095000000000	47.6190000000000	73.8095000000000	100	100	100	100	100	100	100	100	100	100	100	100	100	100	100	100	100	76.3605000000000	52.7210000000000	51.3605000000000	50	50	50	50	50	36.7347500000000	23.4695000000000	15.3062500000000	7.14300000000000	46.4287500000000	85.7145000000000	92.8572500000000	100	100	100	100	100	100	100	100	100	100	100	77.2675000000000	54.5350000000000	30.4987500000000	6.46250000000000	28.2312500000000	50	75	100	100	100	100	100	100	100	75	50	25	0	0	0	0	0	0	0	0	0	0	0	0	0	0	0	0	0	0	0	0	0	0	0	0	0
0	0	0	0	0	0	0	0	0	0	0	0	0	0	0	0	0	0	0	0	0	0	0	0	0	0	0	0	0	0	0	0	0	0	0	0	0	0	0	0	47.6190000000000	95.2380000000000	97.6190000000000	100	100	100	100	100	100	100	100	100	100	100	100	100	100	100	100	100	100	100	100	100	100	100	100	100	73.4695000000000	46.9390000000000	30.6125000000000	14.2860000000000	57.1430000000000	100	100	100	100	100	100	100	100	100	100	100	100	100	100	100	56.4625000000000	12.9250000000000	6.46250000000000	0	50	100	100	100	100	100	100	100	50	0	0	0	0	0	0	0	0	0	0	0	0	0	0	0	0	0	0	0	0	0	0	0	0	0	0	0
0	0	0	0	0	0	0	0	0	0	0	0	0	0	0	0	0	0	0	0	0	0	0	0	0	0	0	0	0	0	0	0	0	0	0	0	0	0	0	0	48.8095000000000	97.6190000000000	98.8095000000000	100	100	100	100	100	100	100	100	100	100	100	100	100	100	100	100	100	100	100	100	100	100	100	100	100	86.7347500000000	73.4695000000000	65.3062500000000	57.1430000000000	78.5715000000000	100	100	100	100	100	100	100	100	100	100	100	100	100	100	100	78.2312500000000	56.4625000000000	32.3130000000000	8.16350000000000	29.0817500000000	50	54.8185000000000	59.6370000000000	75.0565000000000	90.4760000000000	70.2380000000000	50	25	0	0	0	0	0	0	0	0	0	0	0	0	0	0	0	0	0	0	0	0	0	0	0	0	0	0	0
0	0	0	0	0	0	0	0	0	0	0	0	0	0	0	0	0	0	0	0	0	0	0	0	0	0	0	0	0	0	0	0	0	0	0	0	0	0	0	0	50	100	100	100	100	100	100	100	100	100	100	100	100	100	100	100	100	100	100	100	100	100	100	100	100	100	100	100	100	100	100	100	100	100	100	100	100	100	100	100	100	100	100	100	100	100	100	100	100	100	58.1635000000000	16.3270000000000	8.16350000000000	0	9.63700000000000	19.2740000000000	50.1130000000000	80.9520000000000	40.4760000000000	0	0	0	0	0	0	0	0	0	0	0	0	0	0	0	0	0	0	0	0	0	0	0	0	0	0	0	0	0
0	0	0	0	0	0	0	0	0	0	0	0	0	0	0	0	0	0	0	0	0	0	0	0	0	0	0	0	0	0	0	0	0	0	0	0	0	0	23.1860000000000	46.3720000000000	73.1860000000000	100	100	100	100	100	100	100	100	100	100	100	100	100	100	100	100	100	100	100	100	100	100	100	100	100	100	100	100	100	100	100	100	100	100	100	100	100	100	100	100	100	100	100	100	100	100	100	100	100	79.0817500000000	58.1635000000000	33.9002500000000	9.63700000000000	9.63700000000000	9.63700000000000	25.0565000000000	40.4760000000000	20.2380000000000	0	0	0	0	0	0	0	0	0	0	0	0	0	0	0	0	0	0	0	0	0	0	0	0	0	0	0	0	0
0	0	0	0	0	0	0	0	0	0	0	0	0	0	0	0	0	0	0	0	0	0	0	0	0	0	0	0	0	0	0	0	0	0	0	0	0	0	46.3720000000000	92.7440000000000	96.3720000000000	100	100	100	100	100	100	100	100	100	100	100	100	100	100	100	100	100	100	100	100	100	100	100	100	100	100	100	100	100	100	100	100	100	100	100	100	100	100	100	100	100	100	100	100	100	100	100	100	100	100	100	59.6370000000000	19.2740000000000	9.63700000000000	0	0	0	0	0	0	0	0	0	0	0	0	0	0	0	0	0	0	0	0	0	0	0	0	0	0	0	0	0	0	0	0	0
0	0	0	0	0	0	0	0	0	0	0	0	0	0	0	0	0	0	0	0	0	0	0	0	0	0	0	0	0	0	0	0	0	0	0	0	0	0	48.1860000000000	96.3720000000000	98.1860000000000	100	100	100	100	100	100	100	100	100	100	100	100	100	100	100	100	100	100	100	100	100	100	100	100	100	100	100	100	100	100	100	100	100	100	100	100	100	100	100	100	100	100	100	100	100	100	100	100	100	100	100	79.8185000000000	59.6370000000000	29.8185000000000	0	0	0	0	0	0	0	0	0	0	0	0	0	0	0	0	0	0	0	0	0	0	0	0	0	0	0	0	0	0	0	0	0
0	0	0	0	0	0	0	0	0	0	0	0	0	0	0	0	0	0	0	0	0	0	0	0	0	0	0	0	0	0	0	0	0	0	0	0	0	0	50	100	100	100	100	100	100	100	100	100	100	100	100	100	100	100	100	100	100	100	100	100	100	100	100	100	100	100	100	100	100	100	100	100	100	100	100	100	100	100	100	100	100	100	100	100	100	100	100	100	100	100	100	100	100	100	50	0	0	0	0	0	0	0	0	0	0	0	0	0	0	0	0	0	0	0	0	0	0	0	0	0	0	0	0	0	0	0	0	0
0	0	0	0	0	0	0	0	0	0	0	0	0	0	0	0	0	0	0	0	0	0	0	0	0	0	0	0	0	0	0	0	0	0	0	0	0	0	47.6190000000000	95.2380000000000	97.6190000000000	100	100	100	100	100	100	100	100	100	100	100	100	100	100	100	100	100	100	100	100	100	100	100	100	100	100	100	100	100	100	100	100	100	100	100	100	100	100	100	100	100	100	100	100	100	100	100	100	100	100	100	98.4127500000000	96.8255000000000	48.4127500000000	0	0	0	0	0	0	0	0	0	0	0	0	0	0	0	0	0	0	0	0	0	0	0	0	0	0	0	0	0	0	0	0	0
0	0	0	0	0	0	0	0	0	0	0	0	0	0	0	0	0	0	0	0	0	0	0	0	0	0	0	0	0	0	0	0	0	0	0	0	0	0	45.2380000000000	90.4760000000000	95.2380000000000	100	100	100	100	100	100	100	100	100	100	100	100	100	100	100	100	100	100	100	100	100	100	100	100	100	100	100	100	100	100	100	100	100	100	100	100	100	100	100	100	100	100	100	100	100	100	100	100	100	100	100	96.8255000000000	93.6510000000000	46.8255000000000	0	0	0	0	0	0	0	0	0	0	0	0	0	0	0	0	0	0	0	0	0	0	0	0	0	0	0	0	0	0	0	0	0
0	0	0	0	0	0	0	0	0	0	0	0	0	0	0	0	0	0	0	0	0	0	0	0	0	0	0	0	0	0	0	0	0	0	0	0	0	0	22.6190000000000	45.2380000000000	72.6190000000000	100	100	100	100	100	100	100	100	100	100	100	100	100	100	100	100	100	100	100	100	100	100	100	100	100	100	100	100	100	100	100	100	100	100	100	100	100	100	100	100	100	100	100	100	100	100	100	100	100	100	100	73.4127500000000	46.8255000000000	23.4127500000000	0	0	0	0	0	0	0	0	0	0	0	0	0	0	0	0	0	0	0	0	0	0	0	0	0	0	0	0	0	0	0	0	0
0	0	0	0	0	0	0	0	0	0	0	0	0	0	0	0	0	0	0	0	0	0	0	0	0	0	0	0	0	0	0	0	0	0	0	0	0	0	0	0	50	100	100	100	100	100	100	100	100	100	100	100	100	100	100	100	100	100	100	100	100	100	100	100	100	100	100	100	100	100	100	100	100	100	100	100	100	100	100	100	100	100	100	100	100	100	100	100	100	100	100	100	50	0	0	0	0	0	0	0	0	0	0	0	0	0	0	0	0	0	0	0	0	0	0	0	0	0	0	0	0	0	0	0	0	0	0	0
0	0	0	0	0	0	0	0	0	0	0	0	0	0	0	0	0	0	0	0	0	0	0	0	0	0	0	0	0	0	0	0	0	0	0	0	0	0	0	0	38.6055000000000	77.2110000000000	88.6055000000000	100	100	100	100	100	100	100	100	100	100	100	100	100	100	100	100	100	100	100	100	100	100	100	100	100	100	100	100	100	100	100	100	100	100	100	100	100	100	100	100	100	100	100	100	100	100	100	96.4285000000000	92.8570000000000	46.4285000000000	0	0	0	0	0	0	0	0	0	0	0	0	0	0	0	0	0	0	0	0	0	0	0	0	0	0	0	0	0	0	0	0	0	0	0
0	0	0	0	0	0	0	0	0	0	0	0	0	0	0	0	0	0	0	0	0	0	0	0	0	0	0	0	0	0	0	0	0	0	0	0	0	0	0	0	27.2110000000000	54.4220000000000	77.2110000000000	100	100	100	100	100	100	100	100	100	100	100	100	100	100	100	100	100	100	100	100	100	100	100	100	100	100	100	100	100	100	100	100	100	100	100	100	100	100	100	100	100	100	100	100	100	100	100	92.8570000000000	85.7140000000000	42.8570000000000	0	0	0	0	0	0	0	0	0	0	0	0	0	0	0	0	0	0	0	0	0	0	0	0	0	0	0	0	0	0	0	0	0	0	0
0	0	0	0	0	0	0	0	0	0	0	0	0	0	0	0	0	0	0	0	0	0	0	0	0	0	0	0	0	0	0	0	0	0	0	0	0	0	0	0	13.6055000000000	27.2110000000000	51.7007500000000	76.1905000000000	88.0952500000000	100	100	100	100	100	100	100	100	100	100	100	100	100	100	100	100	100	100	100	100	100	100	100	100	100	100	100	100	100	100	100	100	100	100	100	100	100	100	100	100	100	100	100	100	100	92.8570000000000	85.7140000000000	42.8570000000000	0	0	0	0	0	0	0	0	0	0	0	0	0	0	0	0	0	0	0	0	0	0	0	0	0	0	0	0	0	0	0	0	0	0	0
0	0	0	0	0	0	0	0	0	0	0	0	0	0	0	0	0	0	0	0	0	0	0	0	0	0	0	0	0	0	0	0	0	0	0	0	0	0	0	0	0	0	26.1905000000000	52.3810000000000	76.1905000000000	100	100	100	100	100	100	100	100	100	100	100	100	100	100	100	100	100	100	100	100	100	100	100	100	100	100	100	100	100	100	100	100	100	100	100	100	100	100	100	100	100	100	100	100	100	92.8570000000000	85.7140000000000	42.8570000000000	0	0	0	0	0	0	0	0	0	0	0	0	0	0	0	0	0	0	0	0	0	0	0	0	0	0	0	0	0	0	0	0	0	0	0
0	0	0	0	0	0	0	0	0	0	0	0	0	0	0	0	0	0	0	0	0	0	0	0	0	0	0	0	0	0	0	0	0	0	0	0	0	0	0	0	0	0	13.0952500000000	26.1905000000000	50	73.8095000000000	86.9047500000000	100	100	100	100	100	100	100	100	100	100	100	100	100	100	100	100	100	100	100	100	100	100	100	100	100	100	100	100	100	100	100	100	100	100	100	100	100	100	100	100	100	100	100	71.4285000000000	42.8570000000000	21.4285000000000	0	0	0	0	0	0	0	0	0	0	0	0	0	0	0	0	0	0	0	0	0	0	0	0	0	0	0	0	0	0	0	0	0	0	0
0	0	0	0	0	0	0	0	0	0	0	0	0	0	0	0	0	0	0	0	0	0	0	0	0	0	0	0	0	0	0	0	0	0	0	0	0	0	0	0	0	0	0	0	23.8095000000000	47.6190000000000	73.8095000000000	100	100	100	100	100	100	100	100	100	100	100	100	100	100	100	100	100	100	100	100	100	100	100	100	100	100	100	100	100	100	100	100	100	100	100	100	100	100	100	100	100	100	100	50	0	0	0	0	0	0	0	0	0	0	0	0	0	0	0	0	0	0	0	0	0	0	0	0	0	0	0	0	0	0	0	0	0	0	0	0	0
0	0	0	0	0	0	0	0	0	0	0	0	0	0	0	0	0	0	0	0	0	0	0	0	0	0	0	0	0	0	0	0	0	0	0	0	0	0	0	0	0	0	0	0	11.9047500000000	23.8095000000000	36.9047500000000	50	60.7142500000000	71.4285000000000	85.7142500000000	100	100	100	100	100	100	100	100	100	100	100	93.1972500000000	86.3945000000000	68.1972500000000	50	50	50	50	50	70.2380000000000	90.4760000000000	95.2380000000000	100	100	100	100	100	100	100	100	100	100	100	100	100	100	100	100	100	50	0	0	0	0	0	0	0	0	0	0	0	0	0	0	0	0	0	0	0	0	0	0	0	0	0	0	0	0	0	0	0	0	0	0	0	0	0
0	0	0	0	0	0	0	0	0	0	0	0	0	0	0	0	0	0	0	0	0	0	0	0	0	0	0	0	0	0	0	0	0	0	0	0	0	0	0	0	0	0	0	0	0	0	0	0	21.4285000000000	42.8570000000000	71.4285000000000	100	100	100	100	100	100	100	100	100	100	100	86.3945000000000	72.7890000000000	36.3945000000000	0	0	0	0	0	40.4760000000000	80.9520000000000	90.4760000000000	100	100	100	100	100	100	100	100	100	100	100	100	100	100	100	100	100	50	0	0	0	0	0	0	0	0	0	0	0	0	0	0	0	0	0	0	0	0	0	0	0	0	0	0	0	0	0	0	0	0	0	0	0	0	0
0	0	0	0	0	0	0	0	0	0	0	0	0	0	0	0	0	0	0	0	0	0	0	0	0	0	0	0	0	0	0	0	0	0	0	0	0	0	0	0	0	0	0	0	0	0	0	0	10.7142500000000	21.4285000000000	35.7142500000000	50	52.2675000000000	54.5350000000000	61.7912500000000	69.0475000000000	69.0475000000000	69.0475000000000	69.0475000000000	69.0475000000000	69.0475000000000	69.0475000000000	52.7210000000000	36.3945000000000	18.1972500000000	0	0	0	0	0	20.2380000000000	40.4760000000000	45.2380000000000	50	75	100	100	100	100	100	100	100	100	100	100	100	100	100	100	100	50	0	0	0	0	0	0	0	0	0	0	0	0	0	0	0	0	0	0	0	0	0	0	0	0	0	0	0	0	0	0	0	0	0	0	0	0	0
0	0	0	0	0	0	0	0	0	0	0	0	0	0	0	0	0	0	0	0	0	0	0	0	0	0	0	0	0	0	0	0	0	0	0	0	0	0	0	0	0	0	0	0	0	0	0	0	0	0	0	0	4.53500000000000	9.07000000000000	23.5825000000000	38.0950000000000	38.0950000000000	38.0950000000000	38.0950000000000	38.0950000000000	38.0950000000000	38.0950000000000	19.0475000000000	0	0	0	0	0	0	0	0	0	0	0	50	100	100	100	100	100	100	100	100	100	100	100	100	100	100	100	50	0	0	0	0	0	0	0	0	0	0	0	0	0	0	0	0	0	0	0	0	0	0	0	0	0	0	0	0	0	0	0	0	0	0	0	0	0
0	0	0	0	0	0	0	0	0	0	0	0	0	0	0	0	0	0	0	0	0	0	0	0	0	0	0	0	0	0	0	0	0	0	0	0	0	0	0	0	0	0	0	0	0	0	0	0	0	0	0	0	2.26750000000000	4.53500000000000	11.7912500000000	19.0475000000000	19.0475000000000	19.0475000000000	19.0475000000000	19.0475000000000	19.0475000000000	19.0475000000000	9.52375000000000	0	0	0	0	0	0	0	0	0	0	0	25	50	50	50	50	50	58.3332500000000	66.6665000000000	66.6665000000000	66.6665000000000	66.6665000000000	66.6665000000000	66.2697500000000	65.8730000000000	57.9365000000000	50	25	0	0	0	0	0	0	0	0	0	0	0	0	0	0	0	0	0	0	0	0	0	0	0	0	0	0	0	0	0	0	0	0	0	0	0	0	0
0	0	0	0	0	0	0	0	0	0	0	0	0	0	0	0	0	0	0	0	0	0	0	0	0	0	0	0	0	0	0	0	0	0	0	0	0	0	0	0	0	0	0	0	0	0	0	0	0	0	0	0	0	0	0	0	0	0	0	0	0	0	0	0	0	0	0	0	0	0	0	0	0	0	0	0	0	0	0	0	16.6665000000000	33.3330000000000	33.3330000000000	33.3330000000000	33.3330000000000	33.3330000000000	32.5395000000000	31.7460000000000	15.8730000000000	0	0	0	0	0	0	0	0	0	0	0	0	0	0	0	0	0	0	0	0	0	0	0	0	0	0	0	0	0	0	0	0	0	0	0	0	0	0	0
0	0	0	0	0	0	0	0	0	0	0	0	0	0	0	0	0	0	0	0	0	0	0	0	0	0	0	0	0	0	0	0	0	0	0	0	0	0	0	0	0	0	0	0	0	0	0	0	0	0	0	0	0	0	0	0	0	0	0	0	0	0	0	0	0	0	0	0	0	0	0	0	0	0	0	0	0	0	0	0	8.33325000000000	16.6665000000000	16.6665000000000	16.6665000000000	16.6665000000000	16.6665000000000	16.2697500000000	15.8730000000000	7.93650000000000	0	0	0	0	0	0	0	0	0	0	0	0	0	0	0	0	0	0	0	0	0	0	0	0	0	0	0	0	0	0	0	0	0	0	0	0	0	0	0
0	0	0	0	0	0	0	0	0	0	0	0	0	0	0	0	0	0	0	0	0	0	0	0	0	0	0	0	0	0	0	0	0	0	0	0	0	0	0	0	0	0	0	0	0	0	0	0	0	0	0	0	0	0	0	0	0	0	0	0	0	0	0	0	0	0	0	0	0	0	0	0	0	0	0	0	0	0	0	0	0	0	0	0	0	0	0	0	0	0	0	0	0	0	0	0	0	0	0	0	0	0	0	0	0	0	0	0	0	0	0	0	0	0	0	0	0	0	0	0	0	0	0	0	0	0	0	0
0	0	0	0	0	0	0	0	0	0	0	0	0	0	0	0	0	0	0	0	0	0	0	0	0	0	0	0	0	0	0	0	0	0	0	0	0	0	0	0	0	0	0	0	0	0	0	0	0	0	0	0	0	0	0	0	0	0	0	0	0	0	0	0	0	0	0	0	0	0	0	0	0	0	0	0	0	0	0	0	0	0	0	0	0	0	0	0	0	0	0	0	0	0	0	0	0	0	0	0	0	0	0	0	0	0	0	0	0	0	0	0	0	0	0	0	0	0	0	0	0	0	0	0	0	0	0	0
0	0	0	0	0	0	0	0	0	0	0	0	0	0	0	0	0	0	0	0	0	0	0	0	0	0	0	0	0	0	0	0	0	0	0	0	0	0	0	0	0	0	0	0	0	0	0	0	0	0	0	0	0	0	0	0	0	0	0	0	0	0	0	0	0	0	0	0	0	0	0	0	0	0	0	0	0	0	0	0	0	0	0	0	0	0	0	0	0	0	0	0	0	0	0	0	0	0	0	0	0	0	0	0	0	0	0	0	0	0	0	0	0	0	0	0	0	0	0	0	0	0	0	0	0	0	0	0
0	0	0	0	0	0	0	0	0	0	0	0	0	0	0	0	0	0	0	0	0	0	0	0	0	0	0	0	0	0	0	0	0	0	0	0	0	0	0	0	0	0	0	0	0	0	0	0	0	0	0	0	0	0	0	0	0	0	0	0	0	0	0	0	0	0	0	0	0	0	0	0	0	0	0	0	0	0	0	0	0	0	0	0	0	0	0	0	0	0	0	0	0	0	0	0	0	0	0	0	0	0	0	0	0	0	0	0	0	0	0	0	0	0	0	0	0	0	0	0	0	0	0	0	0	0	0	0
0	0	0	0	0	0	0	0	0	0	0	0	0	0	0	0	0	0	0	0	0	0	0	0	0	0	0	0	0	0	0	0	0	0	0	0	0	0	0	0	0	0	0	0	0	0	0	0	0	0	0	0	0	0	0	0	0	0	0	0	0	0	0	0	0	0	0	0	0	0	0	0	0	0	0	0	0	0	0	0	0	0	0	0	0	0	0	0	0	0	0	0	0	0	0	0	0	0	0	0	0	0	0	0	0	0	0	0	0	0	0	0	0	0	0	0	0	0	0	0	0	0	0	0	0	0	0	0
0	0	0	0	0	0	0	0	0	0	0	0	0	0	0	0	0	0	0	0	0	0	0	0	0	0	0	0	0	0	0	0	0	0	0	0	0	0	0	0	0	0	0	0	0	0	0	0	0	0	0	0	0	0	0	0	0	0	0	0	0	0	0	0	0	0	0	0	0	0	0	0	0	0	0	0	0	0	0	0	0	0	0	0	0	0	0	0	0	0	0	0	0	0	0	0	0	0	0	0	0	0	0	0	0	0	0	0	0	0	0	0	0	0	0	0	0	0	0	0	0	0	0	0	0	0	0	0
0	0	0	0	0	0	0	0	0	0	0	0	0	0	0	0	0	0	0	0	0	0	0	0	0	0	0	0	0	0	0	0	0	0	0	0	0	0	0	0	0	0	0	0	0	0	0	0	0	0	0	0	0	0	0	0	0	0	0	0	0	0	0	0	0	0	0	0	0	0	0	0	0	0	0	0	0	0	0	0	0	0	0	0	0	0	0	0	0	0	0	0	0	0	0	0	0	0	0	0	0	0	0	0	0	0	0	0	0	0	0	0	0	0	0	0	0	0	0	0	0	0	0	0	0	0	0	0
0	0	0	0	0	0	0	0	0	0	0	0	0	0	0	0	0	0	0	0	0	0	0	0	0	0	0	0	0	0	0	0	0	0	0	0	0	0	0	0	0	0	0	0	0	0	0	0	0	0	0	0	0	0	0	0	0	0	0	0	0	0	0	0	0	0	0	0	0	0	0	0	0	0	0	0	0	0	0	0	0	0	0	0	0	0	0	0	0	0	0	0	0	0	0	0	0	0	0	0	0	0	0	0	0	0	0	0	0	0	0	0	0	0	0	0	0	0	0	0	0	0	0	0	0	0	0	0
0	0	0	0	0	0	0	0	0	0	0	0	0	0	0	0	0	0	0	0	0	0	0	0	0	0	0	0	0	0	0	0	0	0	0	0	0	0	0	0	0	0	0	0	0	0	0	0	0	0	0	0	0	0	0	0	0	0	0	0	0	0	0	0	0	0	0	0	0	0	0	0	0	0	0	0	0	0	0	0	0	0	0	0	0	0	0	0	0	0	0	0	0	0	0	0	0	0	0	0	0	0	0	0	0	0	0	0	0	0	0	0	0	0	0	0	0	0	0	0	0	0	0	0	0	0	0	0
0	0	0	0	0	0	0	0	0	0	0	0	0	0	0	0	0	0	0	0	0	0	0	0	0	0	0	0	0	0	0	0	0	0	0	0	0	0	0	0	0	0	0	0	0	0	0	0	0	0	0	0	0	0	0	0	0	0	0	0	0	0	0	0	0	0	0	0	0	0	0	0	0	0	0	0	0	0	0	0	0	0	0	0	0	0	0	0	0	0	0	0	0	0	0	0	0	0	0	0	0	0	0	0	0	0	0	0	0	0	0	0	0	0	0	0	0	0	0	0	0	0	0	0	0	0	0	0
0	0	0	0	0	0	0	0	0	0	0	0	0	0	0	0	0	0	0	0	0	0	0	0	0	0	0	0	0	0	0	0	0	0	0	0	0	0	0	0	0	0	0	0	0	0	0	0	0	0	0	0	0	0	0	0	0	0	0	0	0	0	0	0	0	0	0	0	0	0	0	0	0	0	0	0	0	0	0	0	0	0	0	0	0	0	0	0	0	0	0	0	0	0	0	0	0	0	0	0	0	0	0	0	0	0	0	0	0	0	0	0	0	0	0	0	0	0	0	0	0	0	0	0	0	0	0	0
0	0	0	0	0	0	0	0	0	0	0	0	0	0	0	0	0	0	0	0	0	0	0	0	0	0	0	0	0	0	0	0	0	0	0	0	0	0	0	0	0	0	0	0	0	0	0	0	0	0	0	0	0	0	0	0	0	0	0	0	0	0	0	0	0	0	0	0	0	0	0	0	0	0	0	0	0	0	0	0	0	0	0	0	0	0	0	0	0	0	0	0	0	0	0	0	0	0	0	0	0	0	0	0	0	0	0	0	0	0	0	0	0	0	0	0	0	0	0	0	0	0	0	0	0	0	0	0
0	0	0	0	0	0	0	0	0	0	0	0	0	0	0	0	0	0	0	0	0	0	0	0	0	0	0	0	0	0	0	0	0	0	0	0	0	0	0	0	0	0	0	0	0	0	0	0	0	0	0	0	0	0	0	0	0	0	0	0	0	0	0	0	0	0	0	0	0	0	0	0	0	0	0	0	0	0	0	0	0	0	0	0	0	0	0	0	0	0	0	0	0	0	0	0	0	0	0	0	0	0	0	0	0	0	0	0	0	0	0	0	0	0	0	0	0	0	0	0	0	0	0	0	0	0	0	0