0	0	0	0	0	0	0	0	0	0	0	0	0	0	0	0	0	0	0	0	0	0	0	0	0	0	0	0	0	0	0	0	0	0	0	0	0	0	0	0	0	0	0	0	0	0	0	0	0	0	0	0	0	0	0	0	0	0	0	0	0	0	0	0	0	0	0	0	0	0	0	0	0	0	0	0	0	0	0	0	0	0	0	0	0	0	0	0	0	0	0	0	0	0	0	0	0	0	0	0	0	0	0	0	0	0	0	0	0	0	0	0	0	0	0	0	0	0	0	0	0	0	0	0	0	0	0	0
0	0	0	0	0	0	0	0	0	0	0	0	0	0	0	0	0	0	0	0	0	0	0	0	0	0	0	0	0	0	0	0	0	0	0	0	0	0	0	0	0	0	0	0	0	0	0	0	0	0	0	0	0	0	0	0	0	0	0	0	0	0	0	0	0	0	0	0	0	0	0	0	0	0	0	0	0	0	0	0	0	0	0	0	0	0	0	0	0	0	0	0	0	0	0	0	0	0	0	0	0	0	0	0	0	0	0	0	0	0	0	0	0	0	0	0	0	0	0	0	0	0	0	0	0	0	0	0
0	0	0	0	0	0	0	0	0	0	0	0	0	0	0	0	0	0	0	0	0	0	0	0	0	0	0	0	0	0	0	0	0	0	0	0	0	0	0	0	0	0	0	0	0	0	0	0	0	0	0	0	0	0	0	0	0	0	0	0	0	0	0	0	0	0	0	0	0	0	0	0	1.19050000000000	2.38100000000000	2.38100000000000	2.38100000000000	1.19050000000000	0	0	0	0	0	0	0	0	0	0	0	0	0	0	0	0	0	0	0	0	0	0	0	0	0	0	0	0	0	0	0	0	0	0	0	0	0	0	0	0	0	0	0	0	0	0	0	0	0	0	0
0	0	0	0	0	0	0	0	0	0	0	0	0	0	0	0	0	0	0	0	0	0	0	0	0	0	0	0	0	0	0	0	0	0	0	0	0	0	0	0	0	0	0	0	0	0	0	0	0	0	0	0	0	0	0	0	0	0	0	0	0	0	0	0	0	0	0	0	0	0	0	0	2.38100000000000	4.76200000000000	4.76200000000000	4.76200000000000	2.38100000000000	0	0	0	0	0	0	0	0	0	0	0	0	0	0	0	0	0	0	0	0	0	0	0	0	0	0	0	0	0	0	0	0	0	0	0	0	0	0	0	0	0	0	0	0	0	0	0	0	0	0	0
0	0	0	0	0	0	0	0	0	0	0	0	0	0	0	0	0	0	0	0	0	0	0	0	0	0	0	0	0	0	0	0	0	0	0	0	0	0	0	0	0	0	0	0	0	0	0	0	2.38100000000000	4.76200000000000	27.3810000000000	50	50	50	50	50	50	50	50	50	50	50	50	50	26.1337500000000	2.26750000000000	3.51475000000000	4.76200000000000	18.7642500000000	32.7665000000000	41.3832500000000	50	51.1905000000000	52.3810000000000	52.3810000000000	52.3810000000000	51.1905000000000	50	30.6122500000000	11.2245000000000	5.61225000000000	0	0	0	0	0	0	0	0	0	0	0	0	0	0	0	0	0	0	0	0	0	0	0	0	0	0	0	0	0	0	0	0	0	0	0	0	0	0	0	0	0	0	0	0	0	0	0
0	0	0	0	0	0	0	0	0	0	0	0	0	0	0	0	0	0	0	0	0	0	0	0	0	0	0	0	0	0	0	0	0	0	0	0	0	0	0	0	0	0	0	0	0	0	0	0	4.76200000000000	9.52400000000000	54.7620000000000	100	100	100	100	100	100	100	100	100	100	100	100	100	52.2675000000000	4.53500000000000	7.02950000000000	9.52400000000000	37.5285000000000	65.5330000000000	82.7665000000000	100	100	100	100	100	100	100	61.2245000000000	22.4490000000000	11.2245000000000	0	0	0	0	0	0	0	0	0	0	0	0	0	0	0	0	0	0	0	0	0	0	0	0	0	0	0	0	0	0	0	0	0	0	0	0	0	0	0	0	0	0	0	0	0	0	0
0	0	0	0	0	0	0	0	0	0	0	0	0	0	0	0	0	0	0	0	0	0	0	0	0	0	0	0	0	0	0	0	0	0	0	0	0	0	0	0	0	0	0	0	0.170000000000000	0.340000000000000	25.1700000000000	50	52.3810000000000	54.7620000000000	77.3810000000000	100	100	100	100	100	100	100	100	100	100	100	100	100	63.0385000000000	26.0770000000000	40.4195000000000	54.7620000000000	68.7642500000000	82.7665000000000	91.3832500000000	100	100	100	100	100	100	100	80.6122500000000	61.2245000000000	55.6122500000000	50	28.5715000000000	7.14300000000000	3.57150000000000	0	0	0	0	0	0	0	0	0	0	0	0	0	0	0	0	0	0	0	0	0	0	0	0	0	0	0	0	0	0	0	0	0	0	0	0	0	0	0	0	0	0	0
0	0	0	0	0	0	0	0	0	0	0	0	0	0	0	0	0	0	0	0	0	0	0	0	0	0	0	0	0	0	0	0	0	0	0	0	0	0	0	0	0	0	0	0	0.340000000000000	0.680000000000000	50.3400000000000	100	100	100	100	100	100	100	100	100	100	100	100	100	100	100	100	100	73.8095000000000	47.6190000000000	73.8095000000000	100	100	100	100	100	100	100	100	100	100	100	100	100	100	100	57.1430000000000	14.2860000000000	7.14300000000000	0	0	0	0	0	0	0	0	0	0	0	0	0	0	0	0	0	0	0	0	0	0	0	0	0	0	0	0	0	0	0	0	0	0	0	0	0	0	0	0	0	0	0
0	0	0	0	0	0	0	0	0	0	0	0	0	0	0	0	0	0	0	0	0	0	0	0	0	0	0	0	0	0	0	0	0	0	0	0	0	0	0	0	0	0	0	0	25.1700000000000	50.3400000000000	75.1700000000000	100	100	100	99.1837500000000	98.3675000000000	99.1837500000000	100	100	100	100	100	100	100	100	100	100	100	86.9047500000000	73.8095000000000	86.9047500000000	100	100	100	100	100	100	100	95.7142500000000	91.4285000000000	95.7142500000000	100	100	100	100	100	78.5715000000000	57.1430000000000	53.5715000000000	50	25	0	0	0	0	0	0	0	0	0	0	0	0	0	0	0	0	0	0	0	0	0	0	0	0	0	0	0	0	0	0	0	0	0	0	0	0	0	0	0	0	0
0	0	0	0	0	0	0	0	0	0	0	0	0	0	0	0	0	0	0	0	0	0	0	0	0	0	0	0	0	0	0	0	0	0	0	0	0	0	0	0	0	0	0	0	50	100	100	100	100	100	98.3675000000000	96.7350000000000	98.3675000000000	100	100	100	100	100	100	100	100	100	100	100	100	100	100	100	100	100	100	100	100	100	91.4285000000000	82.8570000000000	91.4285000000000	100	100	100	100	100	100	100	100	100	50	0	0	0	0	0	0	0	0	0	0	0	0	0	0	0	0	0	0	0	0	0	0	0	0	0	0	0	0	0	0	0	0	0	0	0	0	0	0	0	0	0
0	0	0	0	0	0	0	0	0	0	0	0	0	0	0	0	0	0	0	0	0	0	0	0	0	0	0	0	0	0	0	0	0	0	0	0	0	0	0	0	5.66900000000000	11.3380000000000	30.6690000000000	50	75	100	100	100	100	100	94.8980000000000	89.7960000000000	72.3980000000000	55	77.5000000000000	100	98.2142500000000	96.4285000000000	94.8980000000000	93.3675000000000	96.6837500000000	100	100	100	100	100	100	100	100	100	100	100	83.9285000000000	67.8570000000000	57.1427500000000	46.4285000000000	68.9285000000000	91.4285000000000	95.7142500000000	100	100	100	100	100	100	100	75	50	30.3855000000000	10.7710000000000	5.38550000000000	0	0	0	0	0	0	0	0	0	0	0	0	0	0	0	0	0	0	0	0	0	0	0	0	0	0	0	0	0	0	0	0	0	0	0	0	0
0	0	0	0	0	0	0	0	0	0	0	0	0	0	0	0	0	0	0	0	0	0	0	0	0	0	0	0	0	0	0	0	0	0	0	0	0	0	0	0	11.3380000000000	22.6760000000000	61.3380000000000	100	100	100	100	100	100	100	91.4285000000000	82.8570000000000	46.4285000000000	10	55	100	96.4285000000000	92.8570000000000	89.7960000000000	86.7350000000000	93.3675000000000	100	100	100	100	100	100	100	100	100	100	100	67.8570000000000	35.7140000000000	22.8570000000000	10	46.4285000000000	82.8570000000000	91.4285000000000	100	100	100	100	100	100	100	100	100	60.7710000000000	21.5420000000000	10.7710000000000	0	0	0	0	0	0	0	0	0	0	0	0	0	0	0	0	0	0	0	0	0	0	0	0	0	0	0	0	0	0	0	0	0	0	0	0	0
0	0	0	0	0	0	0	0	0	0	0	0	0	0	0	0	0	0	0	0	0	0	0	0	0	0	0	0	0	0	0	0	0	0	0	0	0	0	23.2992500000000	46.5985000000000	53.9682500000000	61.3380000000000	80.6690000000000	100	100	100	100	100	100	100	89.2857500000000	78.5715000000000	44.2857500000000	10	32.5000000000000	55	53.2142500000000	51.4285000000000	49.8980000000000	48.3675000000000	74.1837500000000	100	100	100	100	100	100	100	100	100	100	100	83.9285000000000	67.8570000000000	38.9285000000000	10	28.2142500000000	46.4285000000000	73.2142500000000	100	100	100	100	100	93.5715000000000	87.1430000000000	93.5715000000000	100	80.3855000000000	60.7710000000000	55.3855000000000	50	25	0	0	0	0	0	0	0	0	0	0	0	0	0	0	0	0	0	0	0	0	0	0	0	0	0	0	0	0	0	0	0	0	0	0	0
0	0	0	0	0	0	0	0	0	0	0	0	0	0	0	0	0	0	0	0	0	0	0	0	0	0	0	0	0	0	0	0	0	0	0	0	0	0	46.5985000000000	93.1970000000000	96.5985000000000	100	100	100	100	100	100	100	100	100	87.1430000000000	74.2860000000000	42.1430000000000	10	10	10	10	10	10	10	55	100	100	100	100	100	100	100	100	100	100	100	100	100	55	10	10	10	55	100	100	100	100	100	87.1430000000000	74.2860000000000	87.1430000000000	100	100	100	100	100	50	0	0	0	0	0	0	0	0	0	0	0	0	0	0	0	0	0	0	0	0	0	0	0	0	0	0	0	0	0	0	0	0	0	0	0
0	0	0	0	0	0	0	0	0	0	0	0	0	0	0	0	0	0	0	0	0	0	0	0	0	0	0	0	0	0	0	0	0	0	0	0	0	0	48.2992500000000	96.5985000000000	98.2992500000000	100	100	100	100	100	100	100	100	100	71.0715000000000	42.1430000000000	26.0715000000000	10	10	10	17.5000000000000	25	40	55	77.5000000000000	100	100	100	100	100	100	100	100	100	100	100	79.6427500000000	59.2855000000000	34.6427500000000	10	10	10	55	100	100	100	100	100	71.0715000000000	42.1430000000000	71.0715000000000	100	100	100	100	100	75	50	25	0	0	0	0	0	0	0	0	0	0	0	0	0	0	0	0	0	0	0	0	0	0	0	0	0	0	0	0	0	0	0	0	0
0	0	0	0	0	0	0	0	0	0	0	0	0	0	0	0	0	0	0	0	0	0	0	0	0	0	0	0	0	0	0	0	0	0	0	0	0	0	50	100	100	100	100	100	100	100	100	100	100	100	55	10	10	10	10	10	25	40	70	100	100	100	100	100	100	100	100	100	100	100	100	100	59.2855000000000	18.5710000000000	14.2855000000000	10	10	10	55	100	100	100	100	100	55	10	55	100	100	100	100	100	100	100	50	0	0	0	0	0	0	0	0	0	0	0	0	0	0	0	0	0	0	0	0	0	0	0	0	0	0	0	0	0	0	0	0	0
0	0	0	0	0	0	0	0	0	0	0	0	0	0	0	0	0	0	0	0	0	0	0	0	0	0	0	0	0	0	0	0	0	0	0	0	22.7890000000000	45.5780000000000	72.7890000000000	100	100	100	100	100	91.4285000000000	82.8570000000000	82.8570000000000	82.8570000000000	80.8672500000000	78.8775000000000	44.4387500000000	10	10	10	16.4285000000000	22.8570000000000	46.4285000000000	70	85	100	100	100	100	100	100	100	100	100	100	100	100	100	57.1427500000000	14.2855000000000	12.1427500000000	10	10	10	53.7755000000000	97.5510000000000	98.7755000000000	100	100	100	55	10	55	100	100	100	100	100	100	100	75	50	25	0	0	0	0	0	0	0	0	0	0	0	0	0	0	0	0	0	0	0	0	0	0	0	0	0	0	0	0	0	0	0
0	0	0	0	0	0	0	0	0	0	0	0	0	0	0	0	0	0	0	0	0	0	0	0	0	0	0	0	0	0	0	0	0	0	0	0	45.5780000000000	91.1560000000000	95.5780000000000	100	100	100	100	100	82.8570000000000	65.7140000000000	65.7140000000000	65.7140000000000	61.7345000000000	57.7550000000000	33.8775000000000	10	10	10	22.8570000000000	35.7140000000000	67.8570000000000	100	100	100	100	100	100	100	100	100	100	100	100	100	100	100	55	10	10	10	10	10	52.5510000000000	95.1020000000000	97.5510000000000	100	100	100	55	10	55	100	100	100	100	100	100	100	100	100	50	0	0	0	0	0	0	0	0	0	0	0	0	0	0	0	0	0	0	0	0	0	0	0	0	0	0	0	0	0	0	0
0	0	0	0	0	0	0	0	0	0	0	0	0	0	0	0	0	0	0	0	0	0	0	0	0	0	0	0	0	0	0	0	0	0	20.2380000000000	40.4760000000000	68.0270000000000	95.5780000000000	97.7890000000000	100	100	100	100	100	68.9285000000000	37.8570000000000	37.8570000000000	37.8570000000000	35.8672500000000	33.8775000000000	21.9387500000000	10	10	10	38.9285000000000	67.8570000000000	83.9285000000000	100	100	100	100	100	100	100	100	100	100	100	100	100	80.7142500000000	61.4285000000000	35.7142500000000	10	10	10	10	10	31.2755000000000	52.5510000000000	65.4082500000000	78.2655000000000	67.2450000000000	56.2245000000000	33.1122500000000	10	55	100	100	100	100	100	100	100	100	100	57.6530000000000	15.3060000000000	7.65300000000000	0	0	0	0	0	0	0	0	0	0	0	0	0	0	0	0	0	0	0	0	0	0	0	0	0	0	0	0	0
0	0	0	0	0	0	0	0	0	0	0	0	0	0	0	0	0	0	0	0	0	0	0	0	0	0	0	0	0	0	0	0	0	0	40.4760000000000	80.9520000000000	90.4760000000000	100	100	100	100	100	100	100	55	10	10	10	10	10	10	10	10	10	55	100	100	100	100	100	100	100	100	100	100	100	100	100	100	100	61.4285000000000	22.8570000000000	16.4285000000000	10	10	10	10	10	10	10	33.2655000000000	56.5310000000000	34.4900000000000	12.4490000000000	11.2245000000000	10	55	100	100	100	100	100	100	100	100	100	65.3060000000000	30.6120000000000	15.3060000000000	0	0	0	0	0	0	0	0	0	0	0	0	0	0	0	0	0	0	0	0	0	0	0	0	0	0	0	0	0
0	0	0	0	0	0	0	0	0	0	0	0	0	0	0	0	0	0	0	0	0	0	0	0	0	0	0	0	0	0	0	0	9.07025000000000	18.1405000000000	54.3082500000000	90.4760000000000	95.2380000000000	100	100	100	100	100	100	100	65.2040000000000	30.4080000000000	20.2040000000000	10	10	10	10	10	10	10	47.3470000000000	84.6940000000000	81.6327500000000	78.5715000000000	74.0817500000000	69.5920000000000	62.2960000000000	55	77.5000000000000	100	100	100	100	100	100	100	80.7142500000000	61.4285000000000	58.2142500000000	55	32.5000000000000	10	10	10	10	10	21.6327500000000	33.2655000000000	22.2450000000000	11.2245000000000	33.1122500000000	55	77.5000000000000	100	100	100	100	100	100	100	100	100	82.6530000000000	65.3060000000000	32.6530000000000	0	0	0	0	0	0	0	0	0	0	0	0	0	0	0	0	0	0	0	0	0	0	0	0	0	0	0	0	0
0	0	0	0	0	0	0	0	0	0	0	0	0	0	0	0	0	0	0	0	0	0	0	0	0	0	0	0	0	0	0	0	18.1405000000000	36.2810000000000	68.1405000000000	100	100	100	100	100	100	100	100	100	75.4080000000000	50.8160000000000	30.4080000000000	10	10	10	10	10	10	10	39.6940000000000	69.3880000000000	63.2655000000000	57.1430000000000	48.1635000000000	39.1840000000000	24.5920000000000	10	55	100	100	100	100	100	100	100	100	100	100	100	55	10	10	10	10	10	10	10	10	10	55	100	100	100	100	100	100	100	100	100	100	100	100	100	50	0	0	0	0	0	0	0	0	0	0	0	0	0	0	0	0	0	0	0	0	0	0	0	0	0	0	0	0	0
0	0	0	0	0	0	0	0	0	0	0	0	0	0	0	0	0	0	0	0	0	0	0	0	0	0	0	0	0	0	9.35375000000000	18.7075000000000	43.4240000000000	68.1405000000000	84.0702500000000	100	100	100	100	100	100	100	100	100	87.7040000000000	75.4080000000000	42.7040000000000	10	10	10	10	10	10	10	24.8470000000000	39.6940000000000	36.6327500000000	33.5715000000000	29.0817500000000	24.5920000000000	39.7960000000000	55	77.5000000000000	100	100	100	100	100	100	100	100	100	100	100	77.5000000000000	55	32.5000000000000	10	10	10	10	10	10	10	55	100	100	100	100	100	100	100	100	100	100	100	100	100	66.6667500000000	33.3335000000000	16.6667500000000	0	0	0	0	0	0	0	0	0	0	0	0	0	0	0	0	0	0	0	0	0	0	0	0	0	0	0
0	0	0	0	0	0	0	0	0	0	0	0	0	0	0	0	0	0	0	0	0	0	0	0	0	0	0	0	0	0	18.7075000000000	37.4150000000000	68.7075000000000	100	100	100	100	100	100	100	100	100	100	100	100	100	55	10	10	10	10	10	10	10	10	10	10	10	10	10	55	100	100	100	100	100	100	100	100	100	100	100	100	100	100	100	55	10	10	10	10	10	10	10	55	100	100	100	100	100	100	100	100	100	100	100	100	100	83.3335000000000	66.6670000000000	33.3335000000000	0	0	0	0	0	0	0	0	0	0	0	0	0	0	0	0	0	0	0	0	0	0	0	0	0	0	0
0	0	0	0	0	0	0	0	0	0	0	0	0	0	0	0	0	0	0	0	0	0	0	0	0	0	0	0	0	0	34.3537500000000	68.7075000000000	84.3537500000000	100	100	100	85.7652500000000	71.5305000000000	85.7652500000000	100	100	100	100	100	87.1427500000000	74.2855000000000	42.1427500000000	10	10	10	10	10	10	10	10	10	10	10	32.5000000000000	55	77.5000000000000	100	100	100	100	100	100	100	100	100	100	100	100	100	100	100	55	10	10	10	10	10	10	10	55	100	100	100	100	100	100	100	100	100	100	100	100	100	91.6667500000000	83.3335000000000	41.6667500000000	0	0	0	0	0	0	0	0	0	0	0	0	0	0	0	0	0	0	0	0	0	0	0	0	0	0	0
0	0	0	0	0	0	0	0	0	0	0	0	0	0	0	0	0	0	0	0	0	0	0	0	0	0	0	0	0	0	50	100	100	100	100	100	71.5305000000000	43.0610000000000	71.5305000000000	100	100	100	100	100	74.2855000000000	48.5710000000000	29.2855000000000	10	10	10	10	10	10	10	10	10	10	10	55	100	100	100	100	100	100	100	100	100	100	100	100	100	100	100	100	100	55	10	10	10	10	10	10	10	55	100	100	100	100	100	100	100	100	100	100	100	100	100	100	100	50	0	0	0	0	0	0	0	0	0	0	0	0	0	0	0	0	0	0	0	0	0	0	0	0	0	0	0
0	0	0	0	0	0	0	0	0	0	0	0	0	0	0	0	0	0	0	0	0	0	0	0	0	0	0	0	0	0	50	100	100	100	100	100	63.2652500000000	26.5305000000000	40.7652500000000	55	63.5715000000000	72.1430000000000	63.5715000000000	55	42.1427500000000	29.2855000000000	19.6427500000000	10	10	10	10	10	10	10	10	10	32.5000000000000	55	77.5000000000000	100	100	100	100	100	100	100	100	100	100	100	100	100	100	100	100	100	55	10	10	10	10	10	10	10	32.5000000000000	55	55	55	55	55	55	55	63.5715000000000	72.1430000000000	86.0715000000000	100	100	100	100	100	65.4762500000000	30.9525000000000	15.4762500000000	0	0	0	0	0	0	0	0	0	0	0	0	0	0	0	0	0	0	0	0	0	0	0	0	0
0	0	0	0	0	0	0	0	0	0	0	0	0	0	0	0	0	0	0	0	0	0	0	0	0	0	0	0	0	0	50	100	100	100	100	100	55	10	10	10	27.1430000000000	44.2860000000000	27.1430000000000	10	10	10	10	10	10	10	10	10	10	10	10	10	55	100	100	100	100	100	100	100	100	100	100	100	100	100	100	100	100	100	100	100	55	10	10	10	10	10	10	10	10	10	10	10	10	10	10	10	27.1430000000000	44.2860000000000	72.1430000000000	100	100	100	100	100	80.9525000000000	61.9050000000000	30.9525000000000	0	0	0	0	0	0	0	0	0	0	0	0	0	0	0	0	0	0	0	0	0	0	0	0	0
0	0	0	0	0	0	0	0	0	0	0	0	0	0	0	0	0	0	0	0	0	0	0	0	0	0	0	0	22.2222500000000	44.4445000000000	72.2222500000000	100	88.5715000000000	77.1430000000000	66.0715000000000	55	32.5000000000000	10	10	10	18.5715000000000	27.1430000000000	18.5715000000000	10	10	10	10	10	10	10	10	10	10	10	10	10	45	80	90	100	91.4285000000000	82.8570000000000	91.4285000000000	100	100	100	100	100	100	100	77.5000000000000	55	55	55	62.5000000000000	70	40	10	10	10	10	10	10	10	10	10	10	10	10	10	10	10	18.5715000000000	27.1430000000000	63.5715000000000	100	100	100	100	100	90.4762500000000	80.9525000000000	40.4762500000000	0	0	0	0	0	0	0	0	0	0	0	0	0	0	0	0	0	0	0	0	0	0	0	0	0
0	0	0	0	0	0	0	0	0	0	0	0	0	0	0	0	0	0	0	0	0	0	0	0	0	0	0	0	44.4445000000000	88.8890000000000	94.4445000000000	100	77.1430000000000	54.2860000000000	32.1430000000000	10	10	10	10	10	10	10	10	10	10	10	10	10	10	10	10	10	10	10	10	10	35	60	80	100	82.8570000000000	65.7140000000000	82.8570000000000	100	100	100	100	100	100	100	55	10	10	10	25	40	25	10	10	10	10	10	10	10	10	10	10	10	10	10	10	10	10	10	55	100	100	100	100	100	100	100	50	0	0	0	0	0	0	0	0	0	0	0	0	0	0	0	0	0	0	0	0	0	0	0	0	0
0	0	0	0	0	0	0	0	0	0	0	0	0	0	0	0	0	0	0	0	0	0	0	0	0	0	0	0	47.2222500000000	94.4445000000000	97.2222500000000	100	88.5715000000000	77.1430000000000	66.0715000000000	55	55	55	55	55	32.5000000000000	10	10	10	10	10	10	10	10	10	10	10	10	10	10	10	22.5000000000000	35	45	55	46.4285000000000	37.8570000000000	68.9285000000000	100	100	100	100	100	100	100	55	10	10	10	17.5000000000000	25	17.5000000000000	10	10	10	10	10	10	10	10	10	10	10	10	10	10	10	10	10	55	100	100	100	100	100	100	100	50	0	0	0	0	0	0	0	0	0	0	0	0	0	0	0	0	0	0	0	0	0	0	0	0	0
0	0	0	0	0	0	0	0	0	0	0	0	0	0	0	0	0	0	0	0	0	0	0	0	0	0	0	0	50	100	100	100	100	100	100	100	100	100	100	100	55	10	10	10	10	10	10	10	10	10	10	10	10	10	10	10	10	10	10	10	10	10	55	100	100	100	100	100	100	100	55	10	10	10	10	10	10	10	10	10	10	10	10	10	10	10	10	10	10	10	10	10	10	10	55	100	100	100	100	100	100	100	50	0	0	0	0	0	0	0	0	0	0	0	0	0	0	0	0	0	0	0	0	0	0	0	0	0
0	0	0	0	0	0	0	0	0	0	0	0	0	0	0	0	0	0	0	0	0	0	0	0	0	0	15.4762500000000	30.9525000000000	65.4762500000000	100	100	100	100	100	100	100	100	100	100	100	55	10	10	10	10	10	10	10	10	10	10	10	10	10	10	10	10	10	10	10	10	10	37.8572500000000	65.7145000000000	62.9082500000000	60.1020000000000	67.3470000000000	74.5920000000000	87.2960000000000	100	55	10	10	10	10	10	10	10	10	10	10	10	10	10	10	10	10	10	32.5000000000000	55	55	55	55	55	77.5000000000000	100	100	100	100	100	100	100	50	0	0	0	0	0	0	0	0	0	0	0	0	0	0	0	0	0	0	0	0	0	0	0	0	0
0	0	0	0	0	0	0	0	0	0	0	0	0	0	0	0	0	0	0	0	0	0	0	0	0	0	30.9525000000000	61.9050000000000	80.9525000000000	100	100	100	100	100	100	100	100	100	100	100	55	10	10	10	10	10	10	10	10	10	10	10	10	10	10	10	10	10	10	10	10	10	20.7145000000000	31.4290000000000	25.8165000000000	20.2040000000000	34.6940000000000	49.1840000000000	74.5920000000000	100	55	10	10	10	10	10	10	10	10	10	10	10	10	10	10	10	10	10	55	100	100	100	100	100	100	100	100	100	100	100	100	100	50	0	0	0	0	0	0	0	0	0	0	0	0	0	0	0	0	0	0	0	0	0	0	0	0	0
0	0	0	0	0	0	0	0	0	0	0	0	0	0	0	0	0	0	0	0	0	0	0	0	0	0	38.6622500000000	77.3245000000000	88.6622500000000	100	100	100	100	100	100	100	100	100	100	100	55	10	10	10	10	10	10	10	10	10	10	10	9.51825000000000	9.03650000000000	7.49450000000000	5.95250000000000	7.97625000000000	10	10	10	10	10	15.3572500000000	20.7145000000000	17.9082500000000	15.1020000000000	35.2042500000000	55.3065000000000	66.3777500000000	77.4490000000000	43.7245000000000	10	10	10	10	10	8.36175000000000	6.72350000000000	8.36175000000000	10	10	10	10	10	10	10	10	10	55	100	100	100	100	100	100	100	100	100	100	100	100	100	61.5647500000000	23.1295000000000	11.5647500000000	0	0	0	0	0	0	0	0	0	0	0	0	0	0	0	0	0	0	0	0	0	0	0
0	0	0	0	0	0	0	0	0	0	0	0	0	0	0	0	0	0	0	0	0	0	0	0	0	0	46.3720000000000	92.7440000000000	96.3720000000000	100	100	100	100	100	100	100	100	100	100	100	55	10	10	10	10	10	10	10	10	10	10	10	9.03650000000000	8.07300000000000	4.98900000000000	1.90500000000000	5.95250000000000	10	10	10	10	10	10	10	10	10	35.7145000000000	61.4290000000000	58.1635000000000	54.8980000000000	32.4490000000000	10	10	10	10	10	6.72350000000000	3.44700000000000	6.72350000000000	10	10	10	10	10	10	10	10	10	55	100	100	100	100	100	100	100	100	100	100	100	100	100	73.1295000000000	46.2590000000000	23.1295000000000	0	0	0	0	0	0	0	0	0	0	0	0	0	0	0	0	0	0	0	0	0	0	0
0	0	0	0	0	0	0	0	0	0	0	0	0	0	0	0	0	0	0	0	0	0	0	0	0	0	48.1860000000000	96.3720000000000	98.1860000000000	100	86.2245000000000	72.4490000000000	63.7245000000000	55	58.2142500000000	61.4285000000000	61.4285000000000	61.4285000000000	58.5202500000000	55.6120000000000	32.8060000000000	10	10	10	10	10	10	10	10	10	10	10	8.92300000000000	7.84600000000000	4.39925000000000	0.952500000000000	2.97625000000000	5	7.50000000000000	10	10	10	10	10	10	10	22.8572500000000	35.7145000000000	34.0817500000000	32.4490000000000	21.2245000000000	10	10	10	8.36725000000000	6.73450000000000	4.22900000000000	1.72350000000000	5.86175000000000	10	10	10	10	10	10	10	10	10	32.5000000000000	55	55.4592500000000	55.9185000000000	58.6735000000000	61.4285000000000	61.4285000000000	61.4285000000000	58.2142500000000	55	77.5000000000000	100	100	100	75.8505000000000	51.7010000000000	25.8505000000000	0	0	0	0	0	0	0	0	0	0	0	0	0	0	0	0	0	0	0	0	0	0	0
0	0	0	0	0	0	0	0	0	0	0	0	0	0	0	0	0	0	0	0	0	0	0	0	0	0	50	100	100	100	72.4490000000000	44.8980000000000	27.4490000000000	10	16.4285000000000	22.8570000000000	22.8570000000000	22.8570000000000	17.0405000000000	11.2240000000000	10.6120000000000	10	10	10	10	10	10	10	10	10	10	10	8.80950000000000	7.61900000000000	3.80950000000000	0	0	0	5	10	10	10	10	10	10	10	10	10	10	10	10	10	10	10	6.73450000000000	3.46900000000000	1.73450000000000	0	5	10	10	10	10	10	10	10	10	10	10	10	10.9185000000000	11.8370000000000	17.3470000000000	22.8570000000000	22.8570000000000	22.8570000000000	16.4285000000000	10	55	100	100	100	78.5715000000000	57.1430000000000	28.5715000000000	0	0	0	0	0	0	0	0	0	0	0	0	0	0	0	0	0	0	0	0	0	0	0
0	0	0	0	0	0	0	0	0	0	0	0	0	0	0	0	0	0	0	0	0	0	0	0	0	0	50	100	100	100	86.2245000000000	72.4490000000000	62.0917500000000	51.7345000000000	34.0815000000000	16.4285000000000	16.4285000000000	16.4285000000000	13.5202500000000	10.6120000000000	10.3060000000000	10	10	10	10	10	10	10	10	10	10	10	9.40475000000000	8.80950000000000	4.40475000000000	0	0	0	2.50000000000000	5	6.20750000000000	7.41500000000000	8.70750000000000	10	10	10	10	10	10	10	10	10	10	10	5.86725000000000	1.73450000000000	0.867250000000000	0	5	10	10	10	10	10	10	10	10	10	10	10	10.4592500000000	10.9185000000000	13.6735000000000	16.4285000000000	16.4285000000000	16.4285000000000	33.5715000000000	50.7145000000000	75.3572500000000	100	100	100	89.2857500000000	78.5715000000000	39.2857500000000	0	0	0	0	0	0	0	0	0	0	0	0	0	0	0	0	0	0	0	0	0	0	0
0	0	0	0	0	0	0	0	0	0	0	0	0	0	0	0	0	0	0	0	0	0	0	0	0	0	50	100	100	100	100	100	96.7345000000000	93.4690000000000	51.7345000000000	10	10	10	10	10	10	10	10	10	10	10	10	10	10	10	10	10	10	10	5	0	0	0	0	0	2.41500000000000	4.83000000000000	7.41500000000000	10	10	10	10	10	10	10	10	10	10	10	5	0	0	0	5	10	10	10	10	10	10	10	10	10	10	10	10	10	10	10	10	10	50.7145000000000	91.4290000000000	95.7145000000000	100	100	100	100	100	50	0	0	0	0	0	0	0	0	0	0	0	0	0	0	0	0	0	0	0	0	0	0	0
0	0	0	0	0	0	0	0	0	0	0	0	0	0	0	0	0	0	0	0	0	0	0	0	0	0	50	100	100	100	84.6940000000000	69.3880000000000	61.6327500000000	53.8775000000000	31.9387500000000	10	10	10	10	10	10	10	10	10	10	10	10	10	10	10	10	10	10	10	30	50	25	0	0	0	1.20750000000000	2.41500000000000	4.96025000000000	7.50550000000000	8.75275000000000	10	10	10	10	10	8.41275000000000	6.82550000000000	5.91275000000000	5	2.50000000000000	0	1.92750000000000	3.85500000000000	6.92750000000000	10	10	10	10	10	10	10	10	10	10	10	10	10	14.2857500000000	18.5715000000000	36.7857500000000	55	75.3572500000000	95.7145000000000	97.8572500000000	100	100	100	100	100	50	0	0	0	0	0	0	0	0	0	0	0	0	0	0	0	0	0	0	0	0	0	0	0
0	0	0	0	0	0	0	0	0	0	0	0	0	0	0	0	0	0	0	0	0	0	0	0	0	0	50	100	100	100	69.3880000000000	38.7760000000000	26.5310000000000	14.2860000000000	12.1430000000000	10	10	10	10	10	10	10	10	10	10	10	10	10	10	10	10	10	10	10	55	100	50	0	0	0	0	0	2.50550000000000	5.01100000000000	7.50550000000000	10	10	10	10	10	6.82550000000000	3.65100000000000	1.82550000000000	0	0	0	3.85500000000000	7.71000000000000	8.85500000000000	10	10	10	10	10	10	10	10	10	10	10	10	10	18.5715000000000	27.1430000000000	63.5715000000000	100	100	100	100	100	100	100	100	100	50	0	0	0	0	0	0	0	0	0	0	0	0	0	0	0	0	0	0	0	0	0	0	0
0	0	0	0	0	0	0	0	0	0	0	0	0	0	0	0	0	0	0	0	0	0	0	0	0	0	50	100	100	100	62.1940000000000	24.3880000000000	40.7655000000000	57.1430000000000	56.0715000000000	55	32.5000000000000	10	10	10	10	10	10	10	10	10	10	10	10	10	10	10	10	10	55	100	75	50	40.4762500000000	30.9525000000000	15.4762500000000	0	1.25275000000000	2.50550000000000	3.75275000000000	5	6.42850000000000	7.85700000000000	6.42850000000000	5	3.41275000000000	1.82550000000000	0.912750000000000	0	0	0	3.95125000000000	7.90250000000000	8.95125000000000	10	10	10	10	10	32.5000000000000	55	55	55	32.5000000000000	10	10	10	14.2857500000000	18.5715000000000	59.2857500000000	100	100	100	100	100	100	100	100	100	50	0	0	0	0	0	0	0	0	0	0	0	0	0	0	0	0	0	0	0	0	0	0	0
0	0	0	0	0	0	0	0	0	0	0	0	0	0	0	0	0	0	0	0	0	0	0	0	0	0	50	100	100	100	55	10	55	100	100	100	55	10	10	10	10	10	10	10	10	10	10	10	10	10	10	10	10	10	55	100	100	100	80.9525000000000	61.9050000000000	30.9525000000000	0	0	0	0	0	2.85700000000000	5.71400000000000	2.85700000000000	0	0	0	0	0	0	0	4.04750000000000	8.09500000000000	9.04750000000000	10	10	10	10	10	55	100	100	100	55	10	10	10	10	10	55	100	100	100	100	100	100	100	100	100	50	0	0	0	0	0	0	0	0	0	0	0	0	0	0	0	0	0	0	0	0	0	0	0
0	0	0	0	0	0	0	0	0	0	0	0	0	0	0	0	0	0	0	0	0	0	0	0	0	0	50	100	100	100	77.5000000000000	55	77.5000000000000	100	100	100	77.5000000000000	55	32.5000000000000	10	10	10	11.0715000000000	12.1430000000000	33.5715000000000	55	32.5000000000000	10	10	10	10	10	10	10	54.2347500000000	98.4695000000000	99.2347500000000	100	90.4762500000000	80.9525000000000	40.4762500000000	0	0	0	0	0	1.42850000000000	2.85700000000000	1.42850000000000	0	0	0	25	50	50	50	29.5237500000000	9.04750000000000	9.52375000000000	10	10	10	10	10	55	100	100	100	77.5000000000000	55	32.5000000000000	10	10	10	32.5000000000000	55	55	55	63.2142500000000	71.4285000000000	85.7142500000000	100	100	100	63.0952500000000	26.1905000000000	13.0952500000000	0	0	0	0	0	0	0	0	0	0	0	0	0	0	0	0	0	0	0	0	0
0	0	0	0	0	0	0	0	0	0	0	0	0	0	0	0	0	0	0	0	0	0	0	0	0	0	50	100	100	100	100	100	100	100	100	100	100	100	55	10	10	10	12.1430000000000	14.2860000000000	57.1430000000000	100	55	10	10	10	10	10	10	10	53.4695000000000	96.9390000000000	98.4695000000000	100	100	100	50	0	0	0	0	0	0	0	0	0	0	0	50	100	100	100	55	10	10	10	10	10	10	10	55	100	100	100	100	100	55	10	10	10	10	10	10	10	26.4285000000000	42.8570000000000	71.4285000000000	100	100	100	76.1905000000000	52.3810000000000	26.1905000000000	0	0	0	0	0	0	0	0	0	0	0	0	0	0	0	0	0	0	0	0	0
0	0	0	0	0	0	0	0	0	0	0	0	0	0	0	0	0	0	0	0	0	0	0	0	14.2857500000000	28.5715000000000	64.2857500000000	100	100	100	100	100	100	100	100	100	100	100	57.1427500000000	14.2855000000000	12.1427500000000	10	11.0715000000000	12.1430000000000	56.0715000000000	100	55	10	13.2142500000000	16.4285000000000	14.9490000000000	13.4695000000000	11.7347500000000	10	31.7347500000000	53.4695000000000	76.7347500000000	100	100	100	50	0	0	0	0	0	0	0	0	0	16.6667500000000	33.3335000000000	66.6667500000000	100	98.3672500000000	96.7345000000000	53.3672500000000	10	10	10	10	10	10	10	32.5000000000000	55	76.4285000000000	97.8570000000000	76.4285000000000	55	32.5000000000000	10	10	10	16.9897500000000	23.9795000000000	39.4897500000000	55	63.2142500000000	71.4285000000000	85.7142500000000	100	100	100	76.1905000000000	52.3810000000000	26.1905000000000	0	0	0	0	0	0	0	0	0	0	0	0	0	0	0	0	0	0	0	0	0
0	0	0	0	0	0	0	0	0	0	0	0	0	0	0	0	0	0	0	0	0	0	0	0	28.5715000000000	57.1430000000000	78.5715000000000	100	100	100	100	100	100	100	100	100	100	100	59.2855000000000	18.5710000000000	14.2855000000000	10	10	10	55	100	55	10	16.4285000000000	22.8570000000000	19.8980000000000	16.9390000000000	13.4695000000000	10	10	10	55	100	100	100	50	0	0	0	0	0	0	0	0	0	33.3335000000000	66.6670000000000	83.3335000000000	100	96.7345000000000	93.4690000000000	51.7345000000000	10	10	10	10	10	10	10	10	10	52.8570000000000	95.7140000000000	52.8570000000000	10	10	10	10	10	23.9795000000000	37.9590000000000	68.9795000000000	100	100	100	100	100	100	100	76.1905000000000	52.3810000000000	26.1905000000000	0	0	0	0	0	0	0	0	0	0	0	0	0	0	0	0	0	0	0	0	0
0	0	0	0	0	0	0	0	0	0	0	0	0	0	0	0	0	0	0	0	0	0	0	0	28.5715000000000	57.1430000000000	78.5715000000000	100	100	100	100	100	77.5000000000000	55	55	55	71.5305000000000	88.0610000000000	53.0100000000000	17.9590000000000	13.9795000000000	10	13.2142500000000	16.4285000000000	58.2142500000000	100	55	10	16.4285000000000	22.8570000000000	36.3775000000000	49.8980000000000	29.9490000000000	10	10	10	55	100	100	100	50	0	0	0	0	0	0	0	0	0	33.3335000000000	66.6670000000000	83.3335000000000	100	81.2245000000000	62.4490000000000	36.2245000000000	10	10	10	13.2142500000000	16.4285000000000	13.2142500000000	10	10	10	52.8570000000000	95.7140000000000	52.8570000000000	10	10	10	10	10	39.4897500000000	68.9795000000000	84.4897500000000	100	100	100	100	100	100	100	76.1905000000000	52.3810000000000	26.1905000000000	0	0	0	0	0	0	0	0	0	0	0	0	0	0	0	0	0	0	0	0	0
0	0	0	0	0	0	0	0	0	0	0	0	0	0	0	0	0	0	0	0	0	0	0	0	28.5715000000000	57.1430000000000	78.5715000000000	100	100	100	100	100	55	10	10	10	43.0610000000000	76.1220000000000	46.7345000000000	17.3470000000000	13.6735000000000	10	16.4285000000000	22.8570000000000	61.4285000000000	100	55	10	16.4285000000000	22.8570000000000	52.8570000000000	82.8570000000000	46.4285000000000	10	10	10	55	100	100	100	50	0	0	0	0	0	0	0	0	0	33.3335000000000	66.6670000000000	83.3335000000000	100	65.7145000000000	31.4290000000000	20.7145000000000	10	10	10	16.4285000000000	22.8570000000000	16.4285000000000	10	10	10	52.8570000000000	95.7140000000000	52.8570000000000	10	10	10	10	10	55	100	100	100	100	100	100	100	100	100	76.1905000000000	52.3810000000000	26.1905000000000	0	0	0	0	0	0	0	0	0	0	0	0	0	0	0	0	0	0	0	0	0
0	0	0	0	0	0	0	0	0	0	0	0	0	0	0	0	0	0	0	0	0	0	0	0	39.2857500000000	78.5715000000000	89.2857500000000	100	100	100	100	100	77.5000000000000	55	32.5000000000000	10	26.5305000000000	43.0610000000000	28.3672500000000	13.6735000000000	34.3367500000000	55	58.2142500000000	61.4285000000000	80.7142500000000	100	55	10	35.7142500000000	61.4285000000000	76.4285000000000	91.4285000000000	50.7142500000000	10	10	10	40	70	85	100	50	0	0	0	0	0	0	0	0	0	16.6667500000000	33.3335000000000	66.6667500000000	100	64.6940000000000	29.3880000000000	19.6940000000000	10	10	10	33.9795000000000	57.9590000000000	33.9795000000000	10	32.5000000000000	55	76.4285000000000	97.8570000000000	57.8060000000000	17.7550000000000	13.8775000000000	10	10	10	55	100	100	100	77.5000000000000	55	55	55	77.5000000000000	100	88.0952500000000	76.1905000000000	38.0952500000000	0	0	0	0	0	0	0	0	0	0	0	0	0	0	0	0	0	0	0	0	0
0	0	0	0	0	0	0	0	0	0	0	0	0	0	0	0	0	0	0	0	0	0	0	0	50	100	100	100	100	100	100	100	100	100	55	10	10	10	10	10	55	100	100	100	100	100	55	10	55	100	100	100	55	10	10	10	25	40	70	100	50	0	0	0	0	0	0	0	0	0	0	0	50	100	63.6735000000000	27.3470000000000	18.6735000000000	10	10	10	51.5305000000000	93.0610000000000	51.5305000000000	10	55	100	100	100	62.7550000000000	25.5100000000000	17.7550000000000	10	10	10	55	100	100	100	55	10	10	10	55	100	100	100	50	0	0	0	0	0	0	0	0	0	0	0	0	0	0	0	0	0	0	0	0	0
0	0	0	0	0	0	0	0	0	0	0	0	0	0	0	0	0	0	0	0	0	0	0	0	50	100	100	100	100	100	100	100	100	100	77.5000000000000	55	32.5000000000000	10	30.3572500000000	50.7145000000000	75.3572500000000	100	100	100	100	100	55	10	55	100	100	100	55	10	10	10	17.5000000000000	25	57.1427500000000	89.2855000000000	44.6427500000000	0	0	0	0	0	0	0	0	0	0	0	50	100	59.3367500000000	18.6735000000000	14.3367500000000	10	10	10	53.2652500000000	96.5305000000000	53.2652500000000	10	49.6427500000000	89.2855000000000	94.6427500000000	100	81.3775000000000	62.7550000000000	36.3775000000000	10	10	10	32.5000000000000	55	55	55	32.5000000000000	10	21.8877500000000	33.7755000000000	66.8877500000000	100	100	100	50	0	0	0	0	0	0	0	0	0	0	0	0	0	0	0	0	0	0	0	0	0
0	0	0	0	0	0	0	0	0	0	0	0	0	0	0	0	0	0	0	0	0	0	0	0	50	100	100	100	100	100	100	100	100	100	100	100	55	10	50.7145000000000	91.4290000000000	95.7145000000000	100	100	100	100	100	55	10	55	100	100	100	55	10	10	10	10	10	44.2855000000000	78.5710000000000	39.2855000000000	0	0	0	0	0	0	0	0	0	0	0	50	100	55	10	10	10	10	10	55	100	55	10	44.2855000000000	78.5710000000000	89.2855000000000	100	100	100	55	10	10	10	10	10	10	10	10	10	33.7755000000000	57.5510000000000	78.7755000000000	100	100	100	50	0	0	0	0	0	0	0	0	0	0	0	0	0	0	0	0	0	0	0	0	0
0	0	0	0	0	0	0	0	0	0	0	0	0	0	0	0	0	0	0	0	0	0	0	0	50	100	100	100	100	100	100	100	100	100	94.7960000000000	89.5920000000000	49.7960000000000	10	52.8572500000000	95.7145000000000	97.8572500000000	100	100	100	100	100	55	10	55	100	100	100	55	10	10	10	10	10	27.1427500000000	44.2855000000000	23.5712500000000	2.85700000000000	1.42850000000000	0	0	0	0	0	0	0	0	0	43.5715000000000	87.1430000000000	48.5715000000000	10	10	10	10	10	55	100	55	10	27.1427500000000	44.2855000000000	72.1427500000000	100	100	100	77.5000000000000	55	32.5000000000000	10	10	10	10	10	12.1427500000000	14.2855000000000	46.5305000000000	78.7755000000000	89.3877500000000	100	100	100	50	0	0	0	0	0	0	0	0	0	0	0	0	0	0	0	0	0	0	0	0	0
0	0	0	0	0	0	0	0	0	0	0	0	0	0	0	0	0	0	0	0	0	0	0	0	50	100	100	100	100	100	100	100	100	100	89.5920000000000	79.1840000000000	44.5920000000000	10	55	100	100	100	100	100	100	100	55	10	55	100	100	100	55	10	10	10	10	10	10	10	7.85700000000000	5.71400000000000	2.85700000000000	0	0	0	0	0	0	0	0	0	37.1430000000000	74.2860000000000	42.1430000000000	10	10	10	10	10	55	100	55	10	10	10	55	100	100	100	100	100	55	10	10	10	10	10	14.2855000000000	18.5710000000000	59.2855000000000	100	100	100	100	100	50	0	0	0	0	0	0	0	0	0	0	0	0	0	0	0	0	0	0	0	0	0
0	0	0	0	0	0	0	0	0	0	0	0	0	0	0	0	0	0	0	0	0	0	0	0	50	100	100	100	100	100	100	100	100	100	76.5817500000000	53.1635000000000	31.5817500000000	10	52.8572500000000	95.7145000000000	97.8572500000000	100	100	100	100	100	61.7857500000000	23.5715000000000	61.7857500000000	100	98.5715000000000	97.1430000000000	53.5715000000000	10	10	10	10	10	10	10	8.92850000000000	7.85700000000000	3.92850000000000	0	0	0	0	0	0	0	0	0	21.0715000000000	42.1430000000000	26.0715000000000	10	10	10	10	10	55	100	55	10	10	10	55	100	100	100	96.7857500000000	93.5715000000000	51.7857500000000	10	10	10	10	10	12.1427500000000	14.2855000000000	49.6427500000000	85	88.2142500000000	91.4285000000000	95.7142500000000	100	61.9047500000000	23.8095000000000	11.9047500000000	0	0	0	0	0	0	0	0	0	0	0	0	0	0	0	0	0	0	0
0	0	0	0	0	0	0	0	0	0	0	0	0	0	0	0	0	0	0	0	0	0	0	0	50	100	100	100	100	100	100	100	100	100	63.5715000000000	27.1430000000000	18.5715000000000	10	50.7145000000000	91.4290000000000	95.7145000000000	100	100	100	100	100	68.5715000000000	37.1430000000000	68.5715000000000	100	97.1430000000000	94.2860000000000	52.1430000000000	10	10	10	10	10	10	10	10	10	5	0	0	0	0	0	0	0	0	0	5	10	10	10	10	10	10	10	55	100	55	10	10	10	55	100	100	100	93.5715000000000	87.1430000000000	48.5715000000000	10	10	10	10	10	10	10	40	70	76.4285000000000	82.8570000000000	91.4285000000000	100	73.8095000000000	47.6190000000000	23.8095000000000	0	0	0	0	0	0	0	0	0	0	0	0	0	0	0	0	0	0	0
0	0	0	0	0	0	0	0	0	0	0	0	0	0	0	0	0	0	0	0	0	0	0	0	50	100	100	100	100	100	100	100	100	100	81.7857500000000	63.5715000000000	59.2857500000000	55	75.3572500000000	95.7145000000000	97.8572500000000	100	100	100	100	100	82.1430000000000	64.2860000000000	61.6327500000000	58.9795000000000	66.8367500000000	74.6940000000000	42.3470000000000	10	10	10	10	10	10	10	10	10	5	0	0	0	0	0	0	0	1.98425000000000	3.96850000000000	6.98425000000000	10	10	10	10	10	10	10	47.2450000000000	84.4900000000000	47.2450000000000	10	32.5000000000000	55	77.5000000000000	100	100	100	93.5715000000000	87.1430000000000	48.5715000000000	10	18.5715000000000	27.1430000000000	41.0715000000000	55	55	55	56.0715000000000	57.1430000000000	55.4592500000000	53.7755000000000	76.8877500000000	100	73.8095000000000	47.6190000000000	23.8095000000000	0	0	0	0	0	0	0	0	0	0	0	0	0	0	0	0	0	0	0
0	0	0	0	0	0	0	0	0	0	0	0	0	0	0	0	0	0	0	0	0	0	0	0	50	100	100	100	100	100	100	100	100	100	100	100	100	100	100	100	100	100	100	100	100	100	95.7145000000000	91.4290000000000	54.6940000000000	17.9590000000000	36.5305000000000	55.1020000000000	32.5510000000000	10	10	10	10	10	10	10	10	10	5	0	0	0	0	0	0	0	3.96850000000000	7.93700000000000	8.96850000000000	10	10	10	10	10	10	10	39.4900000000000	68.9800000000000	39.4900000000000	10	55	100	100	100	100	100	93.5715000000000	87.1430000000000	48.5715000000000	10	27.1430000000000	44.2860000000000	72.1430000000000	100	100	100	72.1430000000000	44.2860000000000	34.4900000000000	24.6940000000000	62.3470000000000	100	73.8095000000000	47.6190000000000	23.8095000000000	0	0	0	0	0	0	0	0	0	0	0	0	0	0	0	0	0	0	0
0	0	0	0	0	0	0	0	0	0	0	0	0	0	0	0	0	0	0	0	0	0	0	0	50	100	100	100	100	100	100	100	100	100	100	100	100	100	90.3060000000000	80.6120000000000	80.6120000000000	80.6120000000000	80.6632500000000	80.7145000000000	67.8572500000000	55	52.8572500000000	50.7145000000000	32.3470000000000	13.9795000000000	23.2652500000000	32.5510000000000	21.2755000000000	10	10	10	10	10	10	10	19.6427500000000	29.2855000000000	14.6427500000000	0	0	0	0	0	0	0	4.48425000000000	8.96850000000000	9.48425000000000	10	10	10	10	10	10	10	24.7450000000000	39.4900000000000	24.7450000000000	10	55	100	100	100	100	100	96.7857500000000	93.5715000000000	74.2857500000000	55	63.5715000000000	72.1430000000000	86.0715000000000	100	100	100	86.0715000000000	72.1430000000000	67.2450000000000	62.3470000000000	81.1735000000000	100	79.4217500000000	58.8435000000000	29.4217500000000	0	0	0	0	0	0	0	0	0	0	0	0	0	0	0	0	0	0	0
0	0	0	0	0	0	0	0	0	0	0	0	0	0	0	0	0	0	0	0	0	0	0	0	50	100	100	100	100	100	100	100	100	100	100	100	100	100	80.6120000000000	61.2240000000000	61.2240000000000	61.2240000000000	61.3265000000000	61.4290000000000	35.7145000000000	10	10	10	10	10	10	10	10	10	10	10	10	10	10	10	29.2855000000000	48.5710000000000	24.2855000000000	0	0	0	0	0	0	0	5	10	10	10	10	10	10	10	10	10	10	10	10	10	55	100	100	100	100	100	100	100	100	100	100	100	100	100	100	100	100	100	100	100	100	100	85.0340000000000	70.0680000000000	35.0340000000000	0	0	0	0	0	0	0	0	0	0	0	0	0	0	0	0	0	0	0
0	0	0	0	0	0	0	0	0	0	0	0	0	0	0	0	0	0	0	0	0	0	0	0	50	100	100	100	100	100	100	100	100	100	90.3627500000000	80.7255000000000	65.3627500000000	50	40.3060000000000	30.6120000000000	30.6120000000000	30.6120000000000	33.1632500000000	35.7145000000000	22.8572500000000	10	10	10	10	10	10	10	10	10	10	10	10	10	32.5000000000000	55	64.6427500000000	74.2855000000000	37.1427500000000	0	0	0	0	0	0	0	15.7142500000000	31.4285000000000	20.7142500000000	10	10	10	10	10	10	10	10	10	10	10	32.5000000000000	55	77.5000000000000	100	100	100	100	100	100	100	100	100	84.3537500000000	68.7075000000000	59.3537500000000	50	75	100	100	100	100	100	92.5170000000000	85.0340000000000	42.5170000000000	0	0	0	0	0	0	0	0	0	0	0	0	0	0	0	0	0	0	0
0	0	0	0	0	0	0	0	0	0	0	0	0	0	0	0	0	0	0	0	0	0	0	0	50	100	100	100	100	100	100	100	100	100	80.7255000000000	61.4510000000000	30.7255000000000	0	0	0	0	0	5	10	10	10	10	10	10	10	10	10	10	10	10	10	10	10	55	100	100	100	50	0	0	0	0	0	0	0	26.4285000000000	52.8570000000000	31.4285000000000	10	10	10	10	10	10	10	10	10	10	10	10	10	55	100	100	100	100	100	100	100	100	100	68.7075000000000	37.4150000000000	18.7075000000000	0	50	100	100	100	100	100	100	100	50	0	0	0	0	0	0	0	0	0	0	0	0	0	0	0	0	0	0	0
0	0	0	0	0	0	0	0	0	0	0	0	0	0	0	0	0	0	0	0	0	0	0	0	50	100	100	100	100	100	86.9047500000000	73.8095000000000	61.9047500000000	50	40.3627500000000	30.7255000000000	40.3627500000000	50	50	50	50	50	52.5000000000000	55	55	55	32.5000000000000	10	10	10	10	10	10	10	10	10	25.3572500000000	40.7145000000000	70.3572500000000	100	94.3877500000000	88.7755000000000	44.3877500000000	0	0	0	0	0	0	0	38.2142500000000	76.4285000000000	58.0612500000000	39.6940000000000	24.8470000000000	10	10	10	10	10	10	10	10	10	10	10	55	100	100	100	86.9047500000000	73.8095000000000	73.8095000000000	73.8095000000000	61.9047500000000	50	34.3537500000000	18.7075000000000	26.4172500000000	34.1270000000000	67.0635000000000	100	100	100	100	100	100	100	50	0	0	0	0	0	0	0	0	0	0	0	0	0	0	0	0	0	0	0
0	0	0	0	0	0	0	0	0	0	0	0	0	0	0	0	0	0	0	0	0	0	0	0	50	100	100	100	100	100	73.8095000000000	47.6190000000000	23.8095000000000	0	0	0	50	100	100	100	100	100	100	100	100	100	55	10	10	10	10	10	10	10	10	10	40.7145000000000	71.4290000000000	85.7145000000000	100	88.7755000000000	77.5510000000000	38.7755000000000	0	0	0	0	0	0	0	50	100	84.6940000000000	69.3880000000000	39.6940000000000	10	10	10	10	10	10	10	10	10	10	10	55	100	100	100	73.8095000000000	47.6190000000000	47.6190000000000	47.6190000000000	23.8095000000000	0	0	0	34.1270000000000	68.2540000000000	84.1270000000000	100	100	100	100	100	100	100	50	0	0	0	0	0	0	0	0	0	0	0	0	0	0	0	0	0	0	0
0	0	0	0	0	0	0	0	0	0	0	0	0	0	0	0	0	0	0	0	0	0	0	0	50	100	100	100	75	50	51.1905000000000	52.3810000000000	48.6395000000000	44.8980000000000	47.4490000000000	50	75	100	100	100	100	100	100	100	100	100	55	10	10	10	10	10	10	10	10	10	47.8572500000000	85.7145000000000	92.8572500000000	100	69.3877500000000	38.7755000000000	19.3877500000000	0	0	0	0	0	0	0	50	100	92.3470000000000	84.6940000000000	62.5000000000000	40.3060000000000	25.1530000000000	10	10	10	10	10	10	10	10	10	55	100	75	50	36.9047500000000	23.8095000000000	23.8095000000000	23.8095000000000	15.3060000000000	6.80250000000000	28.4012500000000	50	67.0635000000000	84.1270000000000	92.0635000000000	100	100	100	100	100	100	100	50	0	0	0	0	0	0	0	0	0	0	0	0	0	0	0	0	0	0	0
0	0	0	0	0	0	0	0	0	0	0	0	0	0	0	0	0	0	0	0	0	0	0	0	50	100	100	100	50	0	28.5715000000000	57.1430000000000	73.4695000000000	89.7960000000000	94.8980000000000	100	100	100	100	100	100	100	100	100	100	100	55	10	10	10	10	10	10	10	10	10	55	100	100	100	50	0	0	0	0	0	0	0	0	0	50	100	100	100	85.3060000000000	70.6120000000000	40.3060000000000	10	10	10	10	10	10	10	10	10	55	100	50	0	0	0	0	0	6.80250000000000	13.6050000000000	56.8025000000000	100	100	100	100	100	100	100	100	100	100	100	50	0	0	0	0	0	0	0	0	0	0	0	0	0	0	0	0	0	0	0
0	0	0	0	0	0	0	0	0	0	0	0	0	0	0	0	0	0	0	0	0	0	0	0	50	100	100	100	75	50	64.2857500000000	78.5715000000000	86.7347500000000	94.8980000000000	97.4490000000000	100	100	100	100	100	100	100	100	100	100	100	55	10	10	10	10	10	10	10	32.5000000000000	55	77.5000000000000	100	75	50	25	0	0	0	0	0	0	0	0	0	31.3492500000000	62.6985000000000	81.3492500000000	100	92.6530000000000	85.3060000000000	50.3060000000000	15.3060000000000	12.6530000000000	10	10	10	10	10	32.5000000000000	55	61.5702500000000	68.1405000000000	34.0702500000000	0	16.8367500000000	33.6735000000000	41.8367500000000	50	53.4012500000000	56.8025000000000	78.4012500000000	100	100	100	100	100	100	100	100	100	100	100	50	0	0	0	0	0	0	0	0	0	0	0	0	0	0	0	0	0	0	0
0	0	0	0	0	0	0	0	0	0	0	0	0	0	0	0	0	0	0	0	0	0	0	0	50	100	100	100	100	100	100	100	100	100	100	100	100	100	100	100	100	100	100	100	100	100	55	10	10	10	10	10	10	10	55	100	100	100	50	0	0	0	0	0	0	0	0	0	0	0	12.6985000000000	25.3970000000000	62.6985000000000	100	100	100	60.3060000000000	20.6120000000000	15.3060000000000	10	10	10	10	10	55	100	68.1405000000000	36.2810000000000	18.1405000000000	0	33.6735000000000	67.3470000000000	83.6735000000000	100	100	100	100	100	100	100	100	100	100	100	100	100	100	100	50	0	0	0	0	0	0	0	0	0	0	0	0	0	0	0	0	0	0	0
0	0	0	0	0	0	0	0	0	0	0	0	0	0	0	0	0	0	0	0	0	0	0	0	50	100	100	100	100	100	100	100	100	100	100	100	100	100	100	100	100	100	100	100	77.5000000000000	55	32.5000000000000	10	10	10	10	10	10	10	38.3332500000000	66.6665000000000	58.3332500000000	50	25	0	0	0	0	0	0	0	0	0	0	0	6.34925000000000	12.6985000000000	49.2065000000000	85.7145000000000	92.8572500000000	100	61.9387500000000	23.8775000000000	16.9387500000000	10	10	10	10	10	55	100	59.0702500000000	18.1405000000000	9.07025000000000	0	41.8367500000000	83.6735000000000	91.8367500000000	100	100	100	100	100	100	100	100	100	100	100	100	100	100	100	50	0	0	0	0	0	0	0	0	0	0	0	0	0	0	0	0	0	0	0
0	0	0	0	0	0	0	0	0	0	0	0	0	0	0	0	0	0	0	0	0	0	0	0	50	100	100	100	100	100	100	100	100	100	100	100	100	100	100	100	100	100	100	100	55	10	10	10	10	10	10	10	10	10	21.6665000000000	33.3330000000000	16.6665000000000	0	0	0	0	0	0	0	0	0	0	0	0	0	0	0	35.7145000000000	71.4290000000000	85.7145000000000	100	63.5715000000000	27.1430000000000	18.5715000000000	10	10	10	10	10	55	100	50	0	0	0	50	100	100	100	100	100	100	100	100	100	100	100	100	100	100	100	100	100	50	0	0	0	0	0	0	0	0	0	0	0	0	0	0	0	0	0	0	0
0	0	0	0	0	0	0	0	0	0	0	0	0	0	0	0	0	0	0	0	0	0	9.35375000000000	18.7075000000000	59.3537500000000	100	100	100	89.2857500000000	78.5715000000000	73.2142500000000	67.8570000000000	67.8570000000000	67.8570000000000	67.8570000000000	67.8570000000000	62.3467500000000	56.8365000000000	55.9182500000000	55	61.1225000000000	67.2450000000000	83.6225000000000	100	55	10	10	10	10	10	9.65975000000000	9.31950000000000	7.15975000000000	5	10.8332500000000	16.6665000000000	8.33325000000000	0	0	0	1.78575000000000	3.57150000000000	4.28575000000000	5	5	5	3.26525000000000	1.53050000000000	0.765250000000000	0	0	0	17.8572500000000	35.7145000000000	67.8572500000000	100	63.5715000000000	27.1430000000000	18.5715000000000	10	10	10	10	10	55	100	50	0	0	0	28.5715000000000	57.1430000000000	78.5715000000000	100	100	100	100	100	100	100	100	100	100	100	100	100	100	100	50	0	0	0	0	0	0	0	0	0	0	0	0	0	0	0	0	0	0	0
0	0	0	0	0	0	0	0	0	0	0	0	0	0	0	0	0	0	0	0	0	0	18.7075000000000	37.4150000000000	68.7075000000000	100	100	100	78.5715000000000	57.1430000000000	46.4285000000000	35.7140000000000	35.7140000000000	35.7140000000000	35.7140000000000	35.7140000000000	24.6935000000000	13.6730000000000	11.8365000000000	10	22.2450000000000	34.4900000000000	67.2450000000000	100	55	10	10	10	10	10	9.31950000000000	8.63900000000000	4.31950000000000	0	0	0	0	0	0	0	3.57150000000000	7.14300000000000	8.57150000000000	10	10	10	6.53050000000000	3.06100000000000	1.53050000000000	0	0	0	0	0	50	100	63.5715000000000	27.1430000000000	18.5715000000000	10	10	10	10	10	55	100	50	0	0	0	7.14300000000000	14.2860000000000	57.1430000000000	100	100	100	100	100	100	100	100	100	100	100	100	100	100	100	50	0	0	0	0	0	0	0	0	0	0	0	0	0	0	0	0	0	0	0
0	0	0	0	0	0	0	0	0	0	0	0	0	0	0	0	0	0	0	0	0	0	22.4490000000000	44.8980000000000	72.4490000000000	100	100	100	74.2857500000000	48.5715000000000	35.7142500000000	22.8570000000000	22.8570000000000	22.8570000000000	22.8570000000000	22.8570000000000	17.3467500000000	11.8365000000000	10.9182500000000	10	16.1225000000000	22.2450000000000	38.6225000000000	55	32.5000000000000	10	10	10	9.72800000000000	9.45600000000000	6.88775000000000	4.31950000000000	2.15975000000000	0	0	0	0	0	2.13150000000000	4.26300000000000	6.41725000000000	8.57150000000000	9.28575000000000	10	10	10	8.26525000000000	6.53050000000000	5.39675000000000	4.26300000000000	2.13150000000000	0	0	0	25	50	31.7857500000000	13.5715000000000	11.5137500000000	9.45600000000000	9.72800000000000	10	10	10	32.5000000000000	55	29.8810000000000	4.76200000000000	2.38100000000000	0	3.57150000000000	7.14300000000000	34.5240000000000	61.9050000000000	60.4877500000000	59.0705000000000	54.5352500000000	50	55.9525000000000	61.9050000000000	61.9050000000000	61.9050000000000	80.9525000000000	100	100	100	100	100	50	0	0	0	0	0	0	0	0	0	0	0	0	0	0	0	0	0	0	0
0	0	0	0	0	0	0	0	0	0	0	0	0	0	0	0	0	0	0	0	0	0	26.1905000000000	52.3810000000000	76.1905000000000	100	100	100	70	40	25	10	10	10	10	10	10	10	10	10	10	10	10	10	10	10	10	10	9.45600000000000	8.91200000000000	4.45600000000000	0	0	0	0	0	0	0	4.26300000000000	8.52600000000000	9.26300000000000	10	10	10	10	10	10	10	9.26300000000000	8.52600000000000	4.26300000000000	0	0	0	0	0	0	0	4.45600000000000	8.91200000000000	9.45600000000000	10	10	10	10	10	9.76200000000000	9.52400000000000	4.76200000000000	0	0	0	11.9050000000000	23.8100000000000	20.9755000000000	18.1410000000000	9.07050000000000	0	11.9050000000000	23.8100000000000	23.8100000000000	23.8100000000000	61.9050000000000	100	100	100	100	100	50	0	0	0	0	0	0	0	0	0	0	0	0	0	0	0	0	0	0	0
0	0	0	0	0	0	0	0	0	0	0	0	0	0	0	0	0	0	0	0	0	0	26.1905000000000	52.3810000000000	76.1905000000000	100	100	100	85	70	59.4387500000000	48.8775000000000	33.7755000000000	18.6735000000000	32.5510000000000	46.4285000000000	46.4285000000000	46.4285000000000	28.2142500000000	10	10	10	10	10	10	10	10	10	7.22800000000000	4.45600000000000	2.22800000000000	0	0	0	0	0	0.674500000000000	1.34900000000000	5.30600000000000	9.26300000000000	9.63150000000000	10	10	10	10	10	10	10	9.63150000000000	9.26300000000000	7.13150000000000	5	2.50000000000000	0	0	0	0	0	2.22800000000000	4.45600000000000	7.03525000000000	9.61450000000000	9.80725000000000	10	10	10	9.88100000000000	9.76200000000000	25.1190000000000	40.4760000000000	37.5850000000000	34.6940000000000	23.2995000000000	11.9050000000000	10.4877500000000	9.07050000000000	4.53525000000000	0	5.95250000000000	11.9050000000000	32.1430000000000	52.3810000000000	76.1905000000000	100	100	100	100	100	50	0	0	0	0	0	0	0	0	0	0	0	0	0	0	0	0	0	0	0
0	0	0	0	0	0	0	0	0	0	0	0	0	0	0	0	0	0	0	0	0	0	26.1905000000000	52.3810000000000	76.1905000000000	100	100	100	100	100	93.8775000000000	87.7550000000000	57.5510000000000	27.3470000000000	55.1020000000000	82.8570000000000	82.8570000000000	82.8570000000000	46.4285000000000	10	10	10	10	10	10	10	10	10	5	0	0	0	0	0	0	0	1.34900000000000	2.69800000000000	6.34900000000000	10	10	10	10	10	10	10	10	10	10	10	10	10	5	0	0	0	0	0	0	0	4.61450000000000	9.22900000000000	9.61450000000000	10	10	10	10	10	45.4760000000000	80.9520000000000	75.1700000000000	69.3880000000000	34.6940000000000	0	0	0	0	0	0	0	40.4760000000000	80.9520000000000	90.4760000000000	100	100	100	100	100	50	0	0	0	0	0	0	0	0	0	0	0	0	0	0	0	0	0	0	0
0	0	0	0	0	0	0	0	0	0	0	0	0	0	0	0	0	0	0	0	0	0	13.0952500000000	26.1905000000000	63.0952500000000	100	100	100	100	100	96.9387500000000	93.8775000000000	78.7755000000000	63.6735000000000	77.5510000000000	91.4285000000000	91.4285000000000	91.4285000000000	52.8570000000000	14.2855000000000	12.1427500000000	10	10	10	10	10	10	10	5	0	0	0	0	0	0	0	3.17450000000000	6.34900000000000	8.17450000000000	10	10	10	10	10	10	10	10	10	10	10	10	10	7.50000000000000	5	2.50000000000000	0	0	0	0	0	4.56925000000000	9.13850000000000	9.56925000000000	10	10	10	10	10	50.2380000000000	90.4760000000000	87.5850000000000	84.6940000000000	67.3470000000000	50	50	50	50	50	50	50	70.2380000000000	90.4760000000000	95.2380000000000	100	100	100	100	100	50	0	0	0	0	0	0	0	0	0	0	0	0	0	0	0	0	0	0	0
0	0	0	0	0	0	0	0	0	0	0	0	0	0	0	0	0	0	0	0	0	0	0	0	50	100	100	100	100	100	100	100	100	100	100	100	100	100	59.2855000000000	18.5710000000000	14.2855000000000	10	10	10	10	10	10	10	5	0	0	0	0	0	0	0	5	10	10	10	10	10	10	10	10	10	10	10	10	10	10	10	10	10	5	0	0	0	0	0	4.52400000000000	9.04800000000000	9.52400000000000	10	10	10	10	10	55	100	100	100	100	100	100	100	100	100	100	100	100	100	100	100	100	100	100	100	50	0	0	0	0	0	0	0	0	0	0	0	0	0	0	0	0	0	0	0
0	0	0	0	0	0	0	0	0	0	0	0	0	0	0	0	0	0	0	0	0	0	0	0	50	100	100	100	100	100	100	100	100	100	100	100	100	100	57.3467500000000	14.6935000000000	12.3467500000000	10	10	10	10	10	10	10	5	0	0	0	0.538500000000000	1.07700000000000	3.03850000000000	5	7.50000000000000	10	10	10	10	10	10	10	10	10	10	10	10	10	10	10	10	10	7.50000000000000	5	2.50000000000000	0	0	0	4.52400000000000	9.04800000000000	9.52400000000000	10	10	10	10	10	32.5000000000000	55	55.3060000000000	55.6120000000000	57.4487500000000	59.2855000000000	79.6427500000000	100	100	100	100	100	100	100	100	100	100	100	100	100	50	0	0	0	0	0	0	0	0	0	0	0	0	0	0	0	0	0	0	0
0	0	0	0	0	0	0	0	0	0	0	0	0	0	0	0	0	0	0	0	0	0	0	0	50	100	100	100	100	100	100	100	100	100	100	100	100	100	55.4080000000000	10.8160000000000	10.4080000000000	10	10	10	10	10	10	10	5	0	0	0	1.07700000000000	2.15400000000000	6.07700000000000	10	10	10	10	10	10	10	10	10	10	10	10	10	10	10	10	10	10	10	10	10	5	0	0	0	4.52400000000000	9.04800000000000	9.52400000000000	10	10	10	10	10	10	10	10.6120000000000	11.2240000000000	14.8975000000000	18.5710000000000	59.2855000000000	100	100	100	100	100	100	100	100	100	100	100	100	100	50	0	0	0	0	0	0	0	0	0	0	0	0	0	0	0	0	0	0	0
0	0	0	0	0	0	0	0	0	0	0	0	0	0	0	0	0	0	0	0	0	0	0	0	39.2857500000000	78.5715000000000	89.2857500000000	100	100	100	84.6940000000000	69.3880000000000	62.1940000000000	55	55	55	55	55	32.7040000000000	10.4080000000000	10.2040000000000	10	10	10	10	10	10	10	5	0	2.40375000000000	4.80750000000000	5.44225000000000	6.07700000000000	8.03850000000000	10	10	10	10	10	7.50000000000000	5	5	5	5	5	5	5	5	5	6.70625000000000	8.41250000000000	9.20625000000000	10	10	10	7.50000000000000	5	2.50000000000000	0	4.76200000000000	9.52400000000000	9.76200000000000	10	10	10	10	10	10	10	10.3060000000000	10.6120000000000	12.4487500000000	14.2855000000000	34.6427500000000	55	55	55	55	55	55	55	65.2550000000000	75.5100000000000	87.7550000000000	100	100	100	50	0	0	0	0	0	0	0	0	0	0	0	0	0	0	0	0	0	0	0
0	0	0	0	0	0	0	0	0	0	0	0	0	0	0	0	0	0	0	0	0	0	0	0	28.5715000000000	57.1430000000000	78.5715000000000	100	100	100	69.3880000000000	38.7760000000000	24.3880000000000	10	10	10	10	10	10	10	10	10	10	10	10	10	10	10	5	0	4.80750000000000	9.61500000000000	9.80750000000000	10	10	10	10	10	10	10	5	0	0	0	0	0	0	0	0	0	3.41250000000000	6.82500000000000	8.41250000000000	10	10	10	10	10	5	0	5	10	10	10	10	10	10	10	10	10	10	10	10	10	10	10	10	10	10	10	10	10	30.5100000000000	51.0200000000000	75.5100000000000	100	100	100	50	0	0	0	0	0	0	0	0	0	0	0	0	0	0	0	0	0	0	0
0	0	0	0	0	0	0	0	0	0	0	0	0	0	0	0	0	0	0	0	0	0	0	0	14.2857500000000	28.5715000000000	64.2857500000000	100	100	100	84.6940000000000	69.3880000000000	62.1940000000000	55	55	55	55	55	34.6427500000000	14.2855000000000	12.1427500000000	10	10	10	10	10	10	10	7.50000000000000	5	7.40375000000000	9.80750000000000	9.90375000000000	10	10	10	10	10	10	10	7.50000000000000	5	15.5952500000000	26.1905000000000	13.0952500000000	0	15.3572500000000	30.7145000000000	17.8572500000000	5	6.70625000000000	8.41250000000000	9.20625000000000	10	10	10	10	10	7.50000000000000	5	7.50000000000000	10	10	10	10	10	10	10	10	10	10	10	10	10	10	10	32.5000000000000	55	55	55	55	55	65.2550000000000	75.5100000000000	87.7550000000000	100	86.9047500000000	73.8095000000000	36.9047500000000	0	0	0	0	0	0	0	0	0	0	0	0	0	0	0	0	0	0	0
0	0	0	0	0	0	0	0	0	0	0	0	0	0	0	0	0	0	0	0	0	0	0	0	0	0	50	100	100	100	100	100	100	100	100	100	100	100	59.2855000000000	18.5710000000000	14.2855000000000	10	10	10	10	10	10	10	10	10	10	10	10	10	10	10	10	10	10	10	10	10	31.1905000000000	52.3810000000000	26.1905000000000	0	30.7145000000000	61.4290000000000	35.7145000000000	10	10	10	10	10	10	10	10	10	10	10	10	10	10	10	10	10	10	10	10	10	10	10	10	10	10	10	55	100	100	100	100	100	100	100	100	100	73.8095000000000	47.6190000000000	23.8095000000000	0	0	0	0	0	0	0	0	0	0	0	0	0	0	0	0	0	0	0
0	0	0	0	0	0	0	0	0	0	0	0	0	0	0	0	0	0	0	0	0	0	0	0	0	0	50	100	100	100	100	100	100	100	100	100	99.0817500000000	98.1635000000000	56.2245000000000	14.2855000000000	12.1427500000000	10	10	10	10	10	10	10	10	10	10	10	10	10	10	10	10	10	10	10	10	10	43.0952500000000	76.1905000000000	38.0952500000000	0	40.3572500000000	80.7145000000000	45.3572500000000	10	10	10	10	10	10	10	10	10	10	10	10	10	10	10	10	10	10	10	10	10	10	10	10	10	31.6837500000000	53.3675000000000	76.6837500000000	100	100	100	100	100	100	100	100	100	73.8095000000000	47.6190000000000	23.8095000000000	0	0	0	0	0	0	0	0	0	0	0	0	0	0	0	0	0	0	0
0	0	0	0	0	0	0	0	0	0	0	0	0	0	0	0	0	0	0	0	0	0	0	0	0	0	50	100	100	100	100	100	100	100	100	100	98.1635000000000	96.3270000000000	53.1635000000000	10	10	10	10	10	10	10	10	10	10	10	10	10	10	10	10	10	10	10	10	10	10	10	55	100	50	0	50	100	55	10	10	10	10	10	10	10	10	10	10	10	10	10	10	10	10	10	10	10	10	10	10	10	10	10	53.3675000000000	96.7350000000000	98.3675000000000	100	100	100	100	100	100	100	100	100	73.8095000000000	47.6190000000000	23.8095000000000	0	0	0	0	0	0	0	0	0	0	0	0	0	0	0	0	0	0	0
0	0	0	0	0	0	0	0	0	0	0	0	0	0	0	0	0	0	0	0	0	0	0	0	0	0	39.0022500000000	78.0045000000000	89.0022500000000	100	100	100	82.3470000000000	64.6940000000000	59.8470000000000	55	54.0817500000000	53.1635000000000	31.5817500000000	10	10	10	10	10	10	10	10	10	10	10	10	10	15.3572500000000	20.7145000000000	37.8572500000000	55	55	55	55	55	34.6427500000000	14.2855000000000	57.1427500000000	100	50	0	50	100	55	10	25.7142500000000	41.4285000000000	48.2142500000000	55	32.5000000000000	10	10	10	10	10	10	10	10	10	10	10	10	10	10	10	10	10	10	10	31.6837500000000	53.3675000000000	74.5410000000000	95.7145000000000	97.8572500000000	100	100	100	100	100	100	100	61.9047500000000	23.8095000000000	11.9047500000000	0	0	0	0	0	0	0	0	0	0	0	0	0	0	0	0	0	0	0
0	0	0	0	0	0	0	0	0	0	0	0	0	0	0	0	0	0	0	0	0	0	0	0	0	0	28.0045000000000	56.0090000000000	78.0045000000000	100	100	100	64.6940000000000	29.3880000000000	19.6940000000000	10	10	10	10	10	10	10	10	10	10	10	10	10	10	10	10	10	20.7145000000000	31.4290000000000	65.7145000000000	100	100	100	100	100	59.2855000000000	18.5710000000000	59.2855000000000	100	50	0	50	100	55	10	41.4285000000000	72.8570000000000	86.4285000000000	100	55	10	10	10	10	10	10	10	10	10	10	10	10	10	10	10	10	10	10	10	10	10	50.7145000000000	91.4290000000000	95.7145000000000	100	100	100	100	100	100	100	50	0	0	0	0	0	0	0	0	0	0	0	0	0	0	0	0	0	0	0	0	0
0	0	0	0	0	0	0	0	0	0	0	0	0	0	0	0	0	0	0	0	0	0	0	0	0	0	14.0022500000000	28.0045000000000	64.0022500000000	100	100	100	82.3470000000000	64.6940000000000	59.8470000000000	55	55	55	55	55	55	55	32.5000000000000	10	10	10	10	10	10	10	10	10	37.8572500000000	65.7145000000000	82.8572500000000	100	100	100	100	100	79.6427500000000	59.2855000000000	79.6427500000000	100	50	0	50	100	77.5000000000000	55	70.7142500000000	86.4285000000000	93.2142500000000	100	62.8060000000000	25.6120000000000	17.8060000000000	10	10	10	10	10	10	10	10	10	10	10	32.5000000000000	55	55	55	35.7142500000000	16.4285000000000	13.2142500000000	10	30.3572500000000	50.7145000000000	52.8572500000000	55	75.5102500000000	96.0205000000000	98.0102500000000	100	100	100	50	0	0	0	0	0	0	0	0	0	0	0	0	0	0	0	0	0	0	0	0	0
0	0	0	0	0	0	0	0	0	0	0	0	0	0	0	0	0	0	0	0	0	0	0	0	0	0	0	0	50	100	100	100	100	100	100	100	100	100	100	100	100	100	55	10	10	10	10	10	10	10	10	10	55	100	100	100	100	100	100	100	100	100	100	100	50	0	50	100	100	100	100	100	100	100	70.6120000000000	41.2240000000000	25.6120000000000	10	10	10	10	10	10	10	10	10	10	10	55	100	100	100	61.4285000000000	22.8570000000000	16.4285000000000	10	10	10	10	10	51.0205000000000	92.0410000000000	96.0205000000000	100	100	100	50	0	0	0	0	0	0	0	0	0	0	0	0	0	0	0	0	0	0	0	0	0
0	0	0	0	0	0	0	0	0	0	0	0	0	0	0	0	0	0	0	0	0	0	0	0	0	0	0	0	50	100	100	100	100	100	100	100	100	100	95.7142500000000	91.4285000000000	74.0815000000000	56.7345000000000	33.3672500000000	10	10	10	10	10	10	10	10	10	37.8572500000000	65.7145000000000	82.8572500000000	100	77.5000000000000	55	55	55	77.5000000000000	100	100	100	50	0	50	100	97.3470000000000	94.6940000000000	93.0612500000000	91.4285000000000	95.7142500000000	100	85.3060000000000	70.6120000000000	40.3060000000000	10	10	10	10	10	10	10	10	10	10	10	55	100	100	100	80.7142500000000	61.4285000000000	58.2142500000000	55	55	55	55	55	75.5102500000000	96.0205000000000	98.0102500000000	100	88.0952500000000	76.1905000000000	38.0952500000000	0	0	0	0	0	0	0	0	0	0	0	0	0	0	0	0	0	0	0	0	0
0	0	0	0	0	0	0	0	0	0	0	0	0	0	0	0	0	0	0	0	0	0	0	0	0	0	0	0	50	100	100	100	100	100	100	100	100	100	91.4285000000000	82.8570000000000	48.1630000000000	13.4690000000000	11.7345000000000	10	10	10	10	10	10	10	10	10	20.7145000000000	31.4290000000000	65.7145000000000	100	55	10	10	10	55	100	100	100	50	0	50	100	94.6940000000000	89.3880000000000	86.1225000000000	82.8570000000000	91.4285000000000	100	100	100	55	10	10	10	10	10	10	10	10	10	10	10	55	100	100	100	100	100	100	100	100	100	100	100	100	100	100	100	76.1905000000000	52.3810000000000	26.1905000000000	0	0	0	0	0	0	0	0	0	0	0	0	0	0	0	0	0	0	0	0	0
0	0	0	0	0	0	0	0	0	0	0	0	0	0	0	0	0	0	0	0	0	0	0	0	0	0	0	0	41.6667500000000	83.3335000000000	91.6667500000000	100	100	100	100	100	78.2652500000000	56.5305000000000	51.4795000000000	46.4285000000000	29.0815000000000	11.7345000000000	10.8672500000000	10	10	10	10	10	10	10	10	10	15.3572500000000	20.7145000000000	37.8572500000000	55	37.8572500000000	20.7145000000000	37.8572500000000	55	77.5000000000000	100	100	100	66.8367500000000	33.6735000000000	66.8367500000000	100	76.8877500000000	53.7755000000000	50.1020000000000	46.4285000000000	50.7142500000000	55	76.2245000000000	97.4490000000000	53.7245000000000	10	10	10	10	10	10	10	10	10	10	10	34.1327500000000	58.2655000000000	79.1327500000000	100	100	100	100	100	100	100	100	100	100	100	100	100	63.0952500000000	26.1905000000000	13.0952500000000	0	0	0	0	0	0	0	0	0	0	0	0	0	0	0	0	0	0	0	0	0
0	0	0	0	0	0	0	0	0	0	0	0	0	0	0	0	0	0	0	0	0	0	0	0	0	0	0	0	33.3335000000000	66.6670000000000	83.3335000000000	100	100	100	100	100	56.5305000000000	13.0610000000000	11.5305000000000	10	10	10	10	10	10	10	10	10	10	10	10	10	10	10	10	10	20.7145000000000	31.4290000000000	65.7145000000000	100	100	100	100	100	83.6735000000000	67.3470000000000	83.6735000000000	100	59.0815000000000	18.1630000000000	14.0815000000000	10	10	10	52.4490000000000	94.8980000000000	52.4490000000000	10	10	10	10	10	10	10	10	10	10	10	13.2655000000000	16.5310000000000	58.2655000000000	100	100	100	100	100	100	100	100	100	100	100	100	100	50	0	0	0	0	0	0	0	0	0	0	0	0	0	0	0	0	0	0	0	0	0	0	0
0	0	0	0	0	0	0	0	0	0	0	0	0	0	0	0	0	0	0	0	0	0	0	0	0	0	0	0	16.6667500000000	33.3335000000000	64.6260000000000	95.9185000000000	97.9592500000000	100	100	100	78.2652500000000	56.5305000000000	55.7652500000000	55	32.5000000000000	10	10	10	10	10	10	10	10	10	10	10	11.5305000000000	13.0610000000000	34.0305000000000	55	60.3572500000000	65.7145000000000	82.8572500000000	100	100	100	100	100	91.8367500000000	83.6735000000000	91.8367500000000	100	79.5407500000000	59.0815000000000	46.3265000000000	33.5715000000000	21.7857500000000	10	31.2245000000000	52.4490000000000	31.2245000000000	10	10	10	10	10	10	10	10	10	10	10	11.6327500000000	13.2655000000000	34.1327500000000	55	72.2960000000000	89.5920000000000	94.7960000000000	100	100	100	100	100	100	100	89.2857500000000	78.5715000000000	39.2857500000000	0	0	0	0	0	0	0	0	0	0	0	0	0	0	0	0	0	0	0	0	0	0	0
0	0	0	0	0	0	0	0	0	0	0	0	0	0	0	0	0	0	0	0	0	0	0	0	0	0	0	0	0	0	45.9185000000000	91.8370000000000	95.9185000000000	100	100	100	100	100	100	100	55	10	10	10	10	10	10	10	10	10	10	10	13.0610000000000	16.1220000000000	58.0610000000000	100	100	100	100	100	100	100	100	100	100	100	100	100	100	100	78.5715000000000	57.1430000000000	33.5715000000000	10	10	10	10	10	10	10	10	10	10	10	10	10	10	10	10	10	10	10	44.5920000000000	79.1840000000000	89.5920000000000	100	100	100	100	100	100	100	78.5715000000000	57.1430000000000	28.5715000000000	0	0	0	0	0	0	0	0	0	0	0	0	0	0	0	0	0	0	0	0	0	0	0
0	0	0	0	0	0	0	0	0	0	0	0	0	0	0	0	0	0	0	0	0	0	0	0	0	0	0	0	0	0	22.9592500000000	45.9185000000000	72.9592500000000	100	100	100	100	100	93.2142500000000	86.4285000000000	48.2142500000000	10	10	10	10	10	10	10	10	10	10	10	16.8877500000000	23.7755000000000	54.3877500000000	85	70	55	63.5715000000000	72.1430000000000	86.0715000000000	100	77.5000000000000	55	77.5000000000000	100	100	100	100	100	84.2857500000000	68.5715000000000	43.5715000000000	18.5715000000000	14.2857500000000	10	10	10	10	10	10	10	10	10	10	10	10	10	10	10	10	10	27.2960000000000	44.5920000000000	49.7960000000000	55	70	85	92.5000000000000	100	100	100	64.2857500000000	28.5715000000000	14.2857500000000	0	0	0	0	0	0	0	0	0	0	0	0	0	0	0	0	0	0	0	0	0	0	0
0	0	0	0	0	0	0	0	0	0	0	0	0	0	0	0	0	0	0	0	0	0	0	0	0	0	0	0	0	0	0	0	50	100	100	100	100	100	86.4285000000000	72.8570000000000	41.4285000000000	10	10	10	10	10	10	10	10	10	10	10	20.7145000000000	31.4290000000000	50.7145000000000	70	40	10	27.1430000000000	44.2860000000000	72.1430000000000	100	55	10	55	100	100	100	100	100	90	80	53.5715000000000	27.1430000000000	18.5715000000000	10	10	10	10	10	10	10	10	10	10	10	10	10	10	10	10	10	10	10	10	10	40	70	85	100	100	100	50	0	0	0	0	0	0	0	0	0	0	0	0	0	0	0	0	0	0	0	0	0	0	0	0	0
0	0	0	0	0	0	0	0	0	0	0	0	0	0	0	0	0	0	0	0	0	0	0	0	0	0	0	0	0	0	0	0	44.0475000000000	88.0950000000000	94.0475000000000	100	100	100	70.7142500000000	41.4285000000000	34.2857500000000	27.1430000000000	18.5715000000000	10	10	10	10	10	10	10	10	10	15.3572500000000	20.7145000000000	30.3572500000000	40	33.5715000000000	27.1430000000000	49.6430000000000	72.1430000000000	71.5307500000000	70.9185000000000	40.4592500000000	10	55	100	87.1427500000000	74.2855000000000	83.8775000000000	93.4695000000000	86.0205000000000	78.5715000000000	48.5715000000000	18.5715000000000	14.2857500000000	10	10	10	10	10	10	10	10	10	10	10	10	10	10	10	10	10	10	10	23.9285000000000	37.8570000000000	61.4285000000000	85	92.5000000000000	100	75	50	25	0	0	0	0	0	0	0	0	0	0	0	0	0	0	0	0	0	0	0	0	0	0	0	0	0
0	0	0	0	0	0	0	0	0	0	0	0	0	0	0	0	0	0	0	0	0	0	0	0	0	0	0	0	0	0	0	0	38.0950000000000	76.1900000000000	88.0950000000000	100	100	100	55	10	27.1430000000000	44.2860000000000	27.1430000000000	10	10	10	10	10	10	10	10	10	10	10	10	10	27.1430000000000	44.2860000000000	72.1430000000000	100	70.9185000000000	41.8370000000000	25.9185000000000	10	55	100	74.2855000000000	48.5710000000000	67.7550000000000	86.9390000000000	82.0410000000000	77.1430000000000	43.5715000000000	10	10	10	10	10	10	10	10	10	10	10	10	10	10	10	10	10	10	10	10	10	37.8570000000000	65.7140000000000	82.8570000000000	100	100	100	50	0	0	0	0	0	0	0	0	0	0	0	0	0	0	0	0	0	0	0	0	0	0	0	0	0	0	0
0	0	0	0	0	0	0	0	0	0	0	0	0	0	0	0	0	0	0	0	0	0	0	0	0	0	0	0	0	0	0	0	19.0475000000000	38.0950000000000	69.0475000000000	100	100	100	77.5000000000000	55	63.5715000000000	72.1430000000000	41.0715000000000	10	32.5000000000000	55	52.8572500000000	50.7145000000000	30.3572500000000	10	10	10	10	10	10	10	18.5715000000000	27.1430000000000	41.0715000000000	55	40.4592500000000	25.9185000000000	17.9592500000000	10	55	100	87.1427500000000	74.2855000000000	61.3775000000000	48.4695000000000	46.0205000000000	43.5715000000000	26.7857500000000	10	10	10	10	10	10	10	10	10	10	10	10	10	32.5000000000000	55	55	55	53.1632500000000	51.3265000000000	30.6632500000000	10	23.9285000000000	37.8570000000000	68.9285000000000	100	96.4285000000000	92.8570000000000	46.4285000000000	0	0	0	0	0	0	0	0	0	0	0	0	0	0	0	0	0	0	0	0	0	0	0	0	0	0	0
0	0	0	0	0	0	0	0	0	0	0	0	0	0	0	0	0	0	0	0	0	0	0	0	0	0	0	0	0	0	0	0	0	0	50	100	100	100	100	100	100	100	55	10	55	100	95.7145000000000	91.4290000000000	50.7145000000000	10	10	10	10	10	10	10	10	10	10	10	10	10	10	10	55	100	100	100	55	10	10	10	10	10	10	10	10	10	10	10	10	10	10	10	10	10	55	100	100	100	96.3265000000000	92.6530000000000	51.3265000000000	10	10	10	55	100	92.8570000000000	85.7140000000000	42.8570000000000	0	0	0	0	0	0	0	0	0	0	0	0	0	0	0	0	0	0	0	0	0	0	0	0	0	0	0
0	0	0	0	0	0	0	0	0	0	0	0	0	0	0	0	0	0	0	0	0	0	0	0	0	0	0	0	0	0	0	0	0	0	35.6010000000000	71.2020000000000	85.6010000000000	100	100	100	88.7755000000000	77.5510000000000	54.4897500000000	31.4285000000000	65.7142500000000	100	97.8572500000000	95.7145000000000	52.8572500000000	10	10	10	10	10	10	10	10	10	10	10	10	10	10	10	55	100	100	100	59.4897500000000	18.9795000000000	14.4897500000000	10	10	10	10	10	10	10	10	10	10	10	10	10	32.5000000000000	55	77.5000000000000	100	100	100	98.1632500000000	96.3265000000000	75.6632500000000	55	55	55	74.0987500000000	93.1975000000000	68.0272500000000	42.8570000000000	21.4285000000000	0	0	0	0	0	0	0	0	0	0	0	0	0	0	0	0	0	0	0	0	0	0	0	0	0	0	0
0	0	0	0	0	0	0	0	0	0	0	0	0	0	0	0	0	0	0	0	0	0	0	0	0	0	0	0	0	0	0	0	0	0	21.2020000000000	42.4040000000000	71.2020000000000	100	100	100	77.5510000000000	55.1020000000000	53.9795000000000	52.8570000000000	76.4285000000000	100	100	100	55	10	10	10	10	10	10	10	10	10	10	10	10	10	10	10	55	100	100	100	63.9795000000000	27.9590000000000	18.9795000000000	10	10	10	10	10	10	10	10	10	10	10	10	10	55	100	100	100	100	100	100	100	100	100	100	100	93.1975000000000	86.3950000000000	43.1975000000000	0	0	0	0	0	0	0	0	0	0	0	0	0	0	0	0	0	0	0	0	0	0	0	0	0	0	0	0	0
0	0	0	0	0	0	0	0	0	0	0	0	0	0	0	0	0	0	0	0	0	0	0	0	0	0	0	0	0	0	0	0	0	0	10.6010000000000	21.2020000000000	58.7302500000000	96.2585000000000	98.1292500000000	100	88.7755000000000	77.5510000000000	76.9897500000000	76.4285000000000	88.2142500000000	100	98.8775000000000	97.7550000000000	53.8775000000000	10	10	10	10	10	10	10	25.3572500000000	40.7145000000000	47.8572500000000	55	55	55	55	55	77.5000000000000	100	87.1427500000000	74.2855000000000	46.6325000000000	18.9795000000000	14.4897500000000	10	10	10	10	10	10	10	10	10	10	10	10	10	55	100	100	100	100	100	100	100	100	100	100	100	71.5987500000000	43.1975000000000	21.5987500000000	0	0	0	0	0	0	0	0	0	0	0	0	0	0	0	0	0	0	0	0	0	0	0	0	0	0	0	0	0
0	0	0	0	0	0	0	0	0	0	0	0	0	0	0	0	0	0	0	0	0	0	0	0	0	0	0	0	0	0	0	0	0	0	0	0	46.2585000000000	92.5170000000000	96.2585000000000	100	100	100	100	100	100	100	97.7550000000000	95.5100000000000	52.7550000000000	10	10	10	10	10	10	10	40.7145000000000	71.4290000000000	85.7145000000000	100	100	100	100	100	100	100	74.2855000000000	48.5710000000000	29.2855000000000	10	10	10	10	10	10	10	10	10	10	10	10	10	10	10	55	100	100	100	100	100	100	100	100	100	100	100	50	0	0	0	0	0	0	0	0	0	0	0	0	0	0	0	0	0	0	0	0	0	0	0	0	0	0	0	0	0	0	0
0	0	0	0	0	0	0	0	0	0	0	0	0	0	0	0	0	0	0	0	0	0	0	0	0	0	0	0	0	0	0	0	0	0	0	0	23.1292500000000	46.2585000000000	71.7687500000000	97.2790000000000	98.6395000000000	100	100	100	98.9285000000000	97.8570000000000	75.3060000000000	52.7550000000000	31.3775000000000	10	10	10	10	10	12.7550000000000	15.5100000000000	37.7550000000000	60	67.1427500000000	74.2855000000000	74.2855000000000	74.2855000000000	80.4080000000000	86.5305000000000	93.2652500000000	100	87.1427500000000	74.2855000000000	64.6427500000000	55	32.5000000000000	10	10	10	10	10	10	10	10	10	10	10	10	10	32.5000000000000	55	77.5000000000000	100	100	100	100	100	100	100	83.1632500000000	66.3265000000000	33.1632500000000	0	0	0	0	0	0	0	0	0	0	0	0	0	0	0	0	0	0	0	0	0	0	0	0	0	0	0	0	0	0	0
0	0	0	0	0	0	0	0	0	0	0	0	0	0	0	0	0	0	0	0	0	0	0	0	0	0	0	0	0	0	0	0	0	0	0	0	0	0	47.2790000000000	94.5580000000000	97.2790000000000	100	100	100	97.8570000000000	95.7140000000000	52.8570000000000	10	10	10	10	10	10	10	15.5100000000000	21.0200000000000	34.7955000000000	48.5710000000000	48.5710000000000	48.5710000000000	48.5710000000000	48.5710000000000	60.8160000000000	73.0610000000000	86.5305000000000	100	100	100	100	100	55	10	10	10	10	10	10	10	10	10	10	10	10	10	10	10	55	100	100	100	100	100	100	100	66.3265000000000	32.6530000000000	16.3265000000000	0	0	0	0	0	0	0	0	0	0	0	0	0	0	0	0	0	0	0	0	0	0	0	0	0	0	0	0	0	0	0
0	0	0	0	0	0	0	0	0	0	0	0	0	0	0	0	0	0	0	0	0	0	0	0	0	0	0	0	0	0	0	0	0	0	0	0	0	0	23.6395000000000	47.2790000000000	58.1632500000000	69.0475000000000	84.5237500000000	100	98.5202500000000	97.0405000000000	53.5202500000000	10	10	10	10	10	10	10	12.7550000000000	15.5100000000000	22.3977500000000	29.2855000000000	29.2855000000000	29.2855000000000	29.2855000000000	29.2855000000000	35.4080000000000	41.5305000000000	70.7652500000000	100	83.4695000000000	66.9390000000000	60.9695000000000	55	32.5000000000000	10	10	10	10	10	10	10	10	10	10	10	23.9285000000000	37.8570000000000	23.9285000000000	10	55	100	100	100	100	100	82.7097500000000	65.4195000000000	40.8730000000000	16.3265000000000	8.16325000000000	0	0	0	0	0	0	0	0	0	0	0	0	0	0	0	0	0	0	0	0	0	0	0	0	0	0	0	0	0	0	0
0	0	0	0	0	0	0	0	0	0	0	0	0	0	0	0	0	0	0	0	0	0	0	0	0	0	0	0	0	0	0	0	0	0	0	0	0	0	0	0	19.0475000000000	38.0950000000000	69.0475000000000	100	99.1835000000000	98.3670000000000	54.1835000000000	10	10	10	10	10	10	10	10	10	10	10	10	10	10	10	10	10	55	100	66.9390000000000	33.8780000000000	21.9390000000000	10	10	10	10	10	10	10	10	10	10	10	10	10	37.8570000000000	65.7140000000000	37.8570000000000	10	55	100	100	100	100	100	65.4195000000000	30.8390000000000	15.4195000000000	0	0	0	0	0	0	0	0	0	0	0	0	0	0	0	0	0	0	0	0	0	0	0	0	0	0	0	0	0	0	0	0	0
0	0	0	0	0	0	0	0	0	0	0	0	0	0	0	0	0	0	0	0	0	0	0	0	0	0	0	0	0	0	0	0	0	0	0	0	0	0	0	0	9.52375000000000	19.0475000000000	34.5237500000000	50	74.5917500000000	99.1835000000000	77.0917500000000	55	32.5000000000000	10	10	10	10	10	16.4285000000000	22.8570000000000	38.9285000000000	55	55	55	55	55	55	55	77.5000000000000	100	83.4695000000000	66.9390000000000	38.4695000000000	10	10	10	25	40	25	10	10	10	10	10	10	10	45.7142500000000	81.4285000000000	60.7142500000000	40	70	100	100	100	82.1427500000000	64.2855000000000	39.8525000000000	15.4195000000000	7.70975000000000	0	0	0	0	0	0	0	0	0	0	0	0	0	0	0	0	0	0	0	0	0	0	0	0	0	0	0	0	0	0	0	0	0
0	0	0	0	0	0	0	0	0	0	0	0	0	0	0	0	0	0	0	0	0	0	0	0	0	0	0	0	0	0	0	0	0	0	0	0	0	0	0	0	0	0	0	0	50	100	100	100	55	10	10	10	10	10	22.8570000000000	35.7140000000000	67.8570000000000	100	100	100	100	100	100	100	100	100	100	100	55	10	10	10	40	70	40	10	10	10	10	10	10	10	53.5715000000000	97.1430000000000	83.5715000000000	70	85	100	100	100	64.2855000000000	28.5710000000000	14.2855000000000	0	0	0	0	0	0	0	0	0	0	0	0	0	0	0	0	0	0	0	0	0	0	0	0	0	0	0	0	0	0	0	0	0	0	0
0	0	0	0	0	0	0	0	0	0	0	0	0	0	0	0	0	0	0	0	0	0	0	0	0	0	0	0	0	0	0	0	0	0	0	0	0	0	0	0	0	0	0	0	25	50	75	100	77.5000000000000	55	55	55	49.6427500000000	44.2855000000000	35.4080000000000	26.5305000000000	63.2652500000000	100	100	100	100	100	100	100	100	100	100	100	55	10	32.5000000000000	55	58.5205000000000	62.0410000000000	36.0205000000000	10	10	10	10	10	10	10	53.9797500000000	97.9595000000000	91.4797500000000	85	92.5000000000000	100	75	50	32.1427500000000	14.2855000000000	7.14275000000000	0	0	0	0	0	0	0	0	0	0	0	0	0	0	0	0	0	0	0	0	0	0	0	0	0	0	0	0	0	0	0	0	0	0	0
0	0	0	0	0	0	0	0	0	0	0	0	0	0	0	0	0	0	0	0	0	0	0	0	0	0	0	0	0	0	0	0	0	0	0	0	0	0	0	0	0	0	0	0	0	0	50	100	100	100	100	100	89.2855000000000	78.5710000000000	47.9590000000000	17.3470000000000	58.6735000000000	100	100	100	100	100	100	100	100	100	100	100	55	10	55	100	77.0410000000000	54.0820000000000	32.0410000000000	10	10	10	10	10	10	10	54.3880000000000	98.7760000000000	99.3880000000000	100	100	100	50	0	0	0	0	0	0	0	0	0	0	0	0	0	0	0	0	0	0	0	0	0	0	0	0	0	0	0	0	0	0	0	0	0	0	0	0	0	0	0
0	0	0	0	0	0	0	0	0	0	0	0	0	0	0	0	0	0	0	0	0	0	0	0	0	0	0	0	0	0	0	0	0	0	0	0	0	0	0	0	0	0	0	0	0	0	25	50	75	100	100	100	94.6427500000000	89.2855000000000	51.4795000000000	13.6735000000000	45.4082500000000	77.1430000000000	88.5715000000000	100	100	100	100	100	100	100	100	100	55	10	55	100	66.0205000000000	32.0410000000000	34.0817500000000	36.1225000000000	45.5612500000000	55	32.5000000000000	10	31.9897500000000	53.9795000000000	76.6837500000000	99.3880000000000	99.6940000000000	100	75	50	25	0	0	0	0	0	0	0	0	0	0	0	0	0	0	0	0	0	0	0	0	0	0	0	0	0	0	0	0	0	0	0	0	0	0	0	0	0	0	0
0	0	0	0	0	0	0	0	0	0	0	0	0	0	0	0	0	0	0	0	0	0	0	0	0	0	0	0	0	0	0	0	0	0	0	0	0	0	0	0	0	0	0	0	0	0	0	0	50	100	100	100	100	100	55	10	32.1430000000000	54.2860000000000	77.1430000000000	100	100	100	100	100	100	100	100	100	55	10	55	100	55	10	36.1225000000000	62.2450000000000	81.1225000000000	100	55	10	53.9795000000000	97.9590000000000	98.9795000000000	100	100	100	50	0	0	0	0	0	0	0	0	0	0	0	0	0	0	0	0	0	0	0	0	0	0	0	0	0	0	0	0	0	0	0	0	0	0	0	0	0	0	0	0	0
0	0	0	0	0	0	0	0	0	0	0	0	0	0	0	0	0	0	0	0	0	0	0	0	0	0	0	0	0	0	0	0	0	0	0	0	0	0	0	0	0	0	0	0	0	0	0	0	25	50	75	100	100	100	73.2142500000000	46.4285000000000	57.5000000000000	68.5715000000000	84.2857500000000	100	100	100	77.4942500000000	54.9885000000000	52.4942500000000	50	75	100	77.5000000000000	55	77.5000000000000	100	55	10	44.5407500000000	79.0815000000000	89.5407500000000	100	77.5000000000000	55	76.9897500000000	98.9795000000000	80.2152500000000	61.4510000000000	55.7255000000000	50	25	0	0	0	0	0	0	0	0	0	0	0	0	0	0	0	0	0	0	0	0	0	0	0	0	0	0	0	0	0	0	0	0	0	0	0	0	0	0	0	0	0
0	0	0	0	0	0	0	0	0	0	0	0	0	0	0	0	0	0	0	0	0	0	0	0	0	0	0	0	0	0	0	0	0	0	0	0	0	0	0	0	0	0	0	0	0	0	0	0	0	0	50	100	100	100	91.4285000000000	82.8570000000000	82.8570000000000	82.8570000000000	91.4285000000000	100	100	100	54.9885000000000	9.97700000000000	4.98850000000000	0	50	100	100	100	100	100	55	10	52.9590000000000	95.9180000000000	97.9590000000000	100	100	100	100	100	61.4510000000000	22.9020000000000	11.4510000000000	0	0	0	0	0	0	0	0	0	0	0	0	0	0	0	0	0	0	0	0	0	0	0	0	0	0	0	0	0	0	0	0	0	0	0	0	0	0	0	0	0	0	0
0	0	0	0	0	0	0	0	0	0	0	0	0	0	0	0	0	0	0	0	0	0	0	0	0	0	0	0	0	0	0	0	0	0	0	0	0	0	0	0	0	0	0	0	0	0	0	0	0	0	25	50	58.6735000000000	67.3470000000000	79.3877500000000	91.4285000000000	91.4285000000000	91.4285000000000	95.7142500000000	100	100	100	52.4942500000000	4.98850000000000	2.49425000000000	0	25	50	75	100	100	100	77.5000000000000	55	76.4795000000000	97.9590000000000	98.9795000000000	100	100	100	78.5715000000000	57.1430000000000	34.2970000000000	11.4510000000000	5.72550000000000	0	0	0	0	0	0	0	0	0	0	0	0	0	0	0	0	0	0	0	0	0	0	0	0	0	0	0	0	0	0	0	0	0	0	0	0	0	0	0	0	0	0	0
0	0	0	0	0	0	0	0	0	0	0	0	0	0	0	0	0	0	0	0	0	0	0	0	0	0	0	0	0	0	0	0	0	0	0	0	0	0	0	0	0	0	0	0	0	0	0	0	0	0	0	0	17.3470000000000	34.6940000000000	67.3470000000000	100	100	100	100	100	100	100	50	0	0	0	0	0	50	100	100	100	100	100	100	100	100	100	100	100	57.1430000000000	14.2860000000000	7.14300000000000	0	0	0	0	0	0	0	0	0	0	0	0	0	0	0	0	0	0	0	0	0	0	0	0	0	0	0	0	0	0	0	0	0	0	0	0	0	0	0	0	0	0	0	0	0
0	0	0	0	0	0	0	0	0	0	0	0	0	0	0	0	0	0	0	0	0	0	0	0	0	0	0	0	0	0	0	0	0	0	0	0	0	0	0	0	0	0	0	0	0	0	0	0	0	0	0	0	8.67350000000000	17.3470000000000	34.3537500000000	51.3605000000000	53.0612500000000	54.7620000000000	54.7620000000000	54.7620000000000	52.3810000000000	50	25	0	0	0	0	0	25	50	50	50	50	50	50	50	50	50	50	50	28.5715000000000	7.14300000000000	3.57150000000000	0	0	0	0	0	0	0	0	0	0	0	0	0	0	0	0	0	0	0	0	0	0	0	0	0	0	0	0	0	0	0	0	0	0	0	0	0	0	0	0	0	0	0	0	0
0	0	0	0	0	0	0	0	0	0	0	0	0	0	0	0	0	0	0	0	0	0	0	0	0	0	0	0	0	0	0	0	0	0	0	0	0	0	0	0	0	0	0	0	0	0	0	0	0	0	0	0	0	0	1.36050000000000	2.72100000000000	6.12250000000000	9.52400000000000	9.52400000000000	9.52400000000000	4.76200000000000	0	0	0	0	0	0	0	0	0	0	0	0	0	0	0	0	0	0	0	0	0	0	0	0	0	0	0	0	0	0	0	0	0	0	0	0	0	0	0	0	0	0	0	0	0	0	0	0	0	0	0	0	0	0	0	0	0	0	0	0	0	0	0	0	0	0	0
0	0	0	0	0	0	0	0	0	0	0	0	0	0	0	0	0	0	0	0	0	0	0	0	0	0	0	0	0	0	0	0	0	0	0	0	0	0	0	0	0	0	0	0	0	0	0	0	0	0	0	0	0	0	0.680250000000000	1.36050000000000	3.06125000000000	4.76200000000000	4.76200000000000	4.76200000000000	2.38100000000000	0	0	0	0	0	0	0	0	0	0	0	0	0	0	0	0	0	0	0	0	0	0	0	0	0	0	0	0	0	0	0	0	0	0	0	0	0	0	0	0	0	0	0	0	0	0	0	0	0	0	0	0	0	0	0	0	0	0	0	0	0	0	0	0	0	0	0
0	0	0	0	0	0	0	0	0	0	0	0	0	0	0	0	0	0	0	0	0	0	0	0	0	0	0	0	0	0	0	0	0	0	0	0	0	0	0	0	0	0	0	0	0	0	0	0	0	0	0	0	0	0	0	0	0	0	0	0	0	0	0	0	0	0	0	0	0	0	0	0	0	0	0	0	0	0	0	0	0	0	0	0	0	0	0	0	0	0	0	0	0	0	0	0	0	0	0	0	0	0	0	0	0	0	0	0	0	0	0	0	0	0	0	0	0	0	0	0	0	0	0	0	0	0	0	0
0	0	0	0	0	0	0	0	0	0	0	0	0	0	0	0	0	0	0	0	0	0	0	0	0	0	0	0	0	0	0	0	0	0	0	0	0	0	0	0	0	0	0	0	0	0	0	0	0	0	0	0	0	0	0	0	0	0	0	0	0	0	0	0	0	0	0	0	0	0	0	0	0	0	0	0	0	0	0	0	0	0	0	0	0	0	0	0	0	0	0	0	0	0	0	0	0	0	0	0	0	0	0	0	0	0	0	0	0	0	0	0	0	0	0	0	0	0	0	0	0	0	0	0	0	0	0	0
0	0	0	0	0	0	0	0	0	0	0	0	0	0	0	0	0	0	0	0	0	0	0	0	0	0	0	0	0	0	0	0	0	0	0	0	0	0	0	0	0	0	0	0	0	0	0	0	0	0	0	0	0	0	0	0	0	0	0	0	0	0	0	0	0	0	0	0	0	0	0	0	0	0	0	0	0	0	0	0	0	0	0	0	0	0	0	0	0	0	0	0	0	0	0	0	0	0	0	0	0	0	0	0	0	0	0	0	0	0	0	0	0	0	0	0	0	0	0	0	0	0	0	0	0	0	0	0