0	0	0	0	0	0	0	0	0	0	0	0	0	0	0	0	0	0	0	0	0	0	0	0	0	0	0	0	0	0	0	0	0	0	0	0	0	0	0	0	0	0	0	0	0	0	0	0	0	0	0	0	0	0	0	0	0	0	0	0	0	0	0	0	0	0	0	0	0	0	0	0	0	0	0	0	0	0	0	0	0	0	0	0	0	0	0	0	0	0	0	0	0	0	0	0	0	0	0	0	0	0	0	0	0	0	0	0	0	0	0	0	0	0	0	0	0	0	0	0	0	0	0	0	0	0	0	0
0	0	0	0	0	0	0	0	0	0	0	0	0	0	0	0	0	0	0	0	0	0	0	0	0	0	0	0	0	0	0	0	0	0	0	0	0	0	0	0	0	0	0	0	0	0	0	0	0	0	0	0	0	0	0	0	0	0	0	0	0	0	0	0	0	0	0	0	0	0	0	0	0	0	0	0	0	0	0	0	0	0	0	0	0	0	0	0	0	0	0	0	0	0	0	0	0	0	0	0	0	0	0	0	0	0	0	0	0	0	0	0	0	0	0	0	0	0	0	0	0	0	0	0	0	0	0	0
0	0	0	0	0	0	0	0	0	0	0	0	0	0	0	0	0	0	0	0	0	0	0	0	0	0	0	0	0	0	0	0	0	0	0	0	0	0	0	0	0	0	0	0	0	0	0	0	0	0	0	0	0	0	0	0	1.19050000000000	2.38100000000000	2.38100000000000	2.38100000000000	1.87075000000000	1.36050000000000	0.680250000000000	0	0	0	0	0	0	0	0	0	0	0	0	0	0	0	0	0	0	0	0	0	0	0	0	0	0	0	0	0	0	0	0	0	0	0	0	0	0	0	0	0	0	0	0	0	0	0	0	0	0	0	0	0	0	0	0	0	0	0	0	0	0	0	0	0
0	0	0	0	0	0	0	0	0	0	0	0	0	0	0	0	0	0	0	0	0	0	0	0	0	0	0	0	0	0	0	0	0	0	0	0	0	0	0	0	0	0	0	0	0	0	0	0	0	0	0	0	0	0	0	0	2.38100000000000	4.76200000000000	4.76200000000000	4.76200000000000	3.74150000000000	2.72100000000000	1.36050000000000	0	0	0	0	0	0	0	0	0	0	0	0	0	0	0	0	0	0	0	0	0	0	0	0	0	0	0	0	0	0	0	0	0	0	0	0	0	0	0	0	0	0	0	0	0	0	0	0	0	0	0	0	0	0	0	0	0	0	0	0	0	0	0	0	0
0	0	0	0	0	0	0	0	0	0	0	0	0	0	0	0	0	0	0	0	0	0	0	0	0	0	0	0	0	0	0	0	0	0	0	0	0	0	0	0	0	0	0	0	0	0	0.226750000000000	0.453500000000000	25.2267500000000	50	50	50	50	50	50	50	51.1905000000000	52.3810000000000	52.3810000000000	52.3810000000000	51.8707500000000	51.3605000000000	50.6802500000000	50	25	0	0	0	1.47400000000000	2.94800000000000	26.4740000000000	50	50	50	50	50	50	50	30.6122500000000	11.2245000000000	5.61225000000000	0	0	0	0	0	0	0	0	0	0	0	0	0	0	0	0	0	0	0	0	0	0	0	0	0	0	0	0	0	0	0	0	0	0	0	0	0	0	0	0	0	0	0	0	0	0	0
0	0	0	0	0	0	0	0	0	0	0	0	0	0	0	0	0	0	0	0	0	0	0	0	0	0	0	0	0	0	0	0	0	0	0	0	0	0	0	0	0	0	0	0	0	0	0.453500000000000	0.907000000000000	50.4535000000000	100	100	100	100	100	100	100	100	100	100	100	100	100	100	100	50	0	0	0	2.94800000000000	5.89600000000000	52.9480000000000	100	100	100	100	100	100	100	61.2245000000000	22.4490000000000	11.2245000000000	0	0	0	0	0	0	0	0	0	0	0	0	0	0	0	0	0	0	0	0	0	0	0	0	0	0	0	0	0	0	0	0	0	0	0	0	0	0	0	0	0	0	0	0	0	0	0
0	0	0	0	0	0	0	0	0	0	0	0	0	0	0	0	0	0	0	0	0	0	0	0	0	0	0	0	0	0	0	0	0	0	0	0	0	0	0	0	0	0	0	0	0	0	25.2267500000000	50.4535000000000	75.2267500000000	100	100	100	100	100	93.5715000000000	87.1430000000000	71.0715000000000	55	77.5000000000000	100	100	100	100	100	61.9047500000000	23.8095000000000	13.9455000000000	4.08150000000000	28.5147500000000	52.9480000000000	76.4740000000000	100	100	100	100	100	100	100	80.6122500000000	61.2245000000000	55.6122500000000	50	50	50	25	0	0	0	0	0	0	0	0	0	0	0	0	0	0	0	0	0	0	0	0	0	0	0	0	0	0	0	0	0	0	0	0	0	0	0	0	0	0	0	0	0	0	0
0	0	0	0	0	0	0	0	0	0	0	0	0	0	0	0	0	0	0	0	0	0	0	0	0	0	0	0	0	0	0	0	0	0	0	0	0	0	0	0	0	0	0	0	0	0	50	100	100	100	100	100	100	100	87.1430000000000	74.2860000000000	42.1430000000000	10	55	100	100	100	100	100	73.8095000000000	47.6190000000000	27.8910000000000	8.16300000000000	54.0815000000000	100	100	100	100	100	100	100	100	100	100	100	100	100	100	100	50	0	0	0	0	0	0	0	0	0	0	0	0	0	0	0	0	0	0	0	0	0	0	0	0	0	0	0	0	0	0	0	0	0	0	0	0	0	0	0	0	0	0	0
0	0	0	0	0	0	0	0	0	0	0	0	0	0	0	0	0	0	0	0	0	0	0	0	0	0	0	0	0	0	0	0	0	0	0	0	0	0	0	0	0	0	4.76200000000000	9.52400000000000	29.7620000000000	50	75	100	100	100	100	100	100	100	87.1430000000000	74.2860000000000	42.1430000000000	10	32.5000000000000	55	75.0510000000000	95.1020000000000	97.5510000000000	100	86.9047500000000	73.8095000000000	63.9455000000000	54.0815000000000	77.0407500000000	100	100	100	100	100	100	100	100	100	100	100	100	100	100	100	75	50	50	50	29.7620000000000	9.52400000000000	4.76200000000000	0	0	0	0	0	0	0	0	0	0	0	0	0	0	0	0	0	0	0	0	0	0	0	0	0	0	0	0	0	0	0	0	0	0	0	0	0
0	0	0	0	0	0	0	0	0	0	0	0	0	0	0	0	0	0	0	0	0	0	0	0	0	0	0	0	0	0	0	0	0	0	0	0	0	0	0	0	0	0	9.52400000000000	19.0480000000000	59.5240000000000	100	100	100	100	100	100	100	100	100	87.1430000000000	74.2860000000000	42.1430000000000	10	10	10	50.1020000000000	90.2040000000000	95.1020000000000	100	100	100	100	100	100	100	100	100	100	100	100	100	100	100	100	100	100	100	100	100	100	100	100	100	59.5240000000000	19.0480000000000	9.52400000000000	0	0	0	0	0	0	0	0	0	0	0	0	0	0	0	0	0	0	0	0	0	0	0	0	0	0	0	0	0	0	0	0	0	0	0	0	0
0	0	0	0	0	0	0	0	0	0	0	0	0	0	0	0	0	0	0	0	0	0	0	0	0	0	0	0	0	0	0	0	0	0	0	0	0	0	5.95250000000000	11.9050000000000	30.9525000000000	50	54.7620000000000	59.5240000000000	79.7620000000000	100	100	100	100	100	100	100	100	100	71.0715000000000	42.1430000000000	26.0715000000000	10	10	10	30.0510000000000	50.1020000000000	72.2450000000000	94.3880000000000	97.1940000000000	100	100	100	100	100	100	100	77.5000000000000	55	55	55	55	55	55	55	55	55	76.4285000000000	97.8570000000000	98.9285000000000	100	100	100	79.7620000000000	59.5240000000000	54.7620000000000	50	46.3720000000000	42.7440000000000	21.3720000000000	0	0	0	0	0	0	0	0	0	0	0	0	0	0	0	0	0	0	0	0	0	0	0	0	0	0	0	0	0	0	0	0	0
0	0	0	0	0	0	0	0	0	0	0	0	0	0	0	0	0	0	0	0	0	0	0	0	0	0	0	0	0	0	0	0	0	0	0	0	0	0	11.9050000000000	23.8100000000000	61.9050000000000	100	100	100	100	100	100	100	100	100	100	100	100	100	55	10	10	10	10	10	10	10	49.3880000000000	88.7760000000000	94.3880000000000	100	100	100	100	100	100	100	55	10	10	10	10	10	10	10	10	10	52.8570000000000	95.7140000000000	97.8570000000000	100	100	100	100	100	100	100	92.7440000000000	85.4880000000000	42.7440000000000	0	0	0	0	0	0	0	0	0	0	0	0	0	0	0	0	0	0	0	0	0	0	0	0	0	0	0	0	0	0	0	0	0
0	0	0	0	0	0	0	0	0	0	0	0	0	0	0	0	0	0	0	0	0	0	0	0	0	0	0	0	0	0	0	0	0	0	0	0	22.4490000000000	44.8980000000000	53.4015000000000	61.9050000000000	80.9525000000000	100	100	100	100	100	92.0407500000000	84.0815000000000	69.5407500000000	55	55	55	55	55	32.5000000000000	10	17.5000000000000	25	40	55	48.1122500000000	41.2245000000000	59.3880000000000	77.5515000000000	88.7757500000000	100	100	100	100	100	85	70	40	10	10	10	10	10	10	10	10	10	52.8570000000000	95.7140000000000	97.8570000000000	100	77.5000000000000	55	71.6837500000000	88.3675000000000	94.1837500000000	100	96.3720000000000	92.7440000000000	46.3720000000000	0	0	0	0	0	0	0	0	0	0	0	0	0	0	0	0	0	0	0	0	0	0	0	0	0	0	0	0	0	0	0	0	0
0	0	0	0	0	0	0	0	0	0	0	0	0	0	0	0	0	0	0	0	0	0	0	0	0	0	0	0	0	0	0	0	0	0	0	0	44.8980000000000	89.7960000000000	94.8980000000000	100	100	100	100	100	100	100	84.0815000000000	68.1630000000000	39.0815000000000	10	10	10	10	10	10	10	25	40	70	100	86.2245000000000	72.4490000000000	69.3880000000000	66.3270000000000	83.1635000000000	100	100	100	100	100	70	40	25	10	10	10	10	10	10	10	10	10	52.8570000000000	95.7140000000000	97.8570000000000	100	55	10	43.3675000000000	76.7350000000000	88.3675000000000	100	100	100	50	0	0	0	0	0	0	0	0	0	0	0	0	0	0	0	0	0	0	0	0	0	0	0	0	0	0	0	0	0	0	0	0	0
0	0	0	0	0	0	0	0	0	0	0	0	0	0	0	0	0	0	0	0	0	0	0	0	0	0	0	0	0	0	0	0	0	0	6.74600000000000	13.4920000000000	54.1950000000000	94.8980000000000	97.4490000000000	100	92.8572500000000	85.7145000000000	92.8572500000000	100	100	100	92.0407500000000	84.0815000000000	47.0407500000000	10	10	10	10	10	12.1427500000000	14.2855000000000	42.1427500000000	70	85	100	93.1122500000000	86.2245000000000	84.6940000000000	83.1635000000000	91.5817500000000	100	100	100	100	100	85	70	62.5000000000000	55	32.5000000000000	10	10	10	10	10	10	10	52.8570000000000	95.7140000000000	97.8570000000000	100	55	10	26.6837500000000	43.3675000000000	65.2552500000000	87.1430000000000	93.5715000000000	100	69.0475000000000	38.0950000000000	19.0475000000000	0	0	0	0	0	0	0	0	0	0	0	0	0	0	0	0	0	0	0	0	0	0	0	0	0	0	0	0	0	0	0
0	0	0	0	0	0	0	0	0	0	0	0	0	0	0	0	0	0	0	0	0	0	0	0	0	0	0	0	0	0	0	0	0	0	13.4920000000000	26.9840000000000	63.4920000000000	100	100	100	85.7145000000000	71.4290000000000	85.7145000000000	100	100	100	100	100	55	10	10	10	10	10	14.2855000000000	18.5710000000000	59.2855000000000	100	100	100	100	100	100	100	100	100	100	100	100	100	100	100	100	100	55	10	10	10	10	10	10	10	52.8570000000000	95.7140000000000	97.8570000000000	100	55	10	10	10	42.1430000000000	74.2860000000000	87.1430000000000	100	88.0950000000000	76.1900000000000	38.0950000000000	0	0	0	0	0	0	0	0	0	0	0	0	0	0	0	0	0	0	0	0	0	0	0	0	0	0	0	0	0	0	0
0	0	0	0	0	0	0	0	0	0	0	0	0	0	0	0	0	0	0	0	0	0	0	0	0	0	0	0	0	0	0	0	0	0	31.7460000000000	63.4920000000000	81.7460000000000	100	100	100	70.3572500000000	40.7145000000000	61.7857500000000	82.8570000000000	91.4285000000000	100	100	100	77.5000000000000	55	32.5000000000000	10	10	10	18.5712500000000	27.1425000000000	63.5712500000000	100	100	100	100	100	100	100	100	100	100	100	100	100	100	100	100	100	66.8877500000000	33.7755000000000	21.8877500000000	10	10	10	10	10	31.4285000000000	52.8570000000000	67.8570000000000	82.8570000000000	46.4285000000000	10	10	10	26.0715000000000	42.1430000000000	71.0715000000000	100	94.0475000000000	88.0950000000000	44.0475000000000	0	0	0	0	0	0	0	0	0	0	0	0	0	0	0	0	0	0	0	0	0	0	0	0	0	0	0	0	0	0	0
0	0	0	0	0	0	0	0	0	0	0	0	0	0	0	0	0	0	0	0	0	0	0	0	0	0	0	0	0	0	0	0	0	0	50	100	100	100	100	100	55	10	37.8570000000000	65.7140000000000	82.8570000000000	100	100	100	100	100	55	10	10	10	22.8570000000000	35.7140000000000	67.8570000000000	100	100	100	100	100	100	100	100	100	100	100	100	100	100	100	100	100	78.7755000000000	57.5510000000000	33.7755000000000	10	10	10	10	10	10	10	37.8570000000000	65.7140000000000	37.8570000000000	10	10	10	10	10	55	100	100	100	50	0	0	0	0	0	0	0	0	0	0	0	0	0	0	0	0	0	0	0	0	0	0	0	0	0	0	0	0	0	0	0
0	0	0	0	0	0	0	0	0	0	0	0	0	0	0	0	0	0	0	0	0	0	0	0	0	0	0	0	0	0	0	0	19.0475000000000	38.0950000000000	69.0475000000000	100	90.3572500000000	80.7145000000000	90.3572500000000	100	56.0715000000000	12.1430000000000	25	37.8570000000000	59.7447500000000	81.6325000000000	90.8162500000000	100	100	100	55	10	10	10	20.1020000000000	30.2040000000000	42.6020000000000	55	77.5000000000000	100	100	100	100	100	100	100	100	100	100	100	100	100	81.1735000000000	62.3470000000000	51.1225000000000	39.8980000000000	24.9490000000000	10	10	10	10	10	10	10	23.9285000000000	37.8570000000000	23.9285000000000	10	10	10	11.3775000000000	12.7550000000000	56.3775000000000	100	100	100	70.9182500000000	41.8365000000000	20.9182500000000	0	0	0	0	0	0	0	0	0	0	0	0	0	0	0	0	0	0	0	0	0	0	0	0	0	0	0	0	0
0	0	0	0	0	0	0	0	0	0	0	0	0	0	0	0	0	0	0	0	0	0	0	0	0	0	0	0	0	0	0	0	38.0950000000000	76.1900000000000	88.0950000000000	100	80.7145000000000	61.4290000000000	80.7145000000000	100	57.1430000000000	14.2860000000000	12.1430000000000	10	36.6325000000000	63.2650000000000	81.6325000000000	100	100	100	55	10	10	10	17.3470000000000	24.6940000000000	17.3470000000000	10	55	100	100	100	100	100	100	100	100	100	100	100	100	100	62.3470000000000	24.6940000000000	23.4695000000000	22.2450000000000	16.1225000000000	10	10	10	10	10	10	10	10	10	10	10	10	10	12.7550000000000	15.5100000000000	57.7550000000000	100	100	100	91.8365000000000	83.6730000000000	41.8365000000000	0	0	0	0	0	0	0	0	0	0	0	0	0	0	0	0	0	0	0	0	0	0	0	0	0	0	0	0	0
0	0	0	0	0	0	0	0	0	0	0	0	0	0	0	0	0	0	0	0	0	0	0	0	0	0	0	0	0	0	0	0	44.0475000000000	88.0950000000000	94.0475000000000	100	69.3877500000000	38.7755000000000	46.8877500000000	55	33.5715000000000	12.1430000000000	11.0715000000000	10	23.3162500000000	36.6325000000000	45.8162500000000	55	55	55	32.5000000000000	10	10	10	13.6735000000000	17.3470000000000	13.6735000000000	10	55	100	100	100	100	100	100	100	100	100	100	100	100	100	81.1735000000000	62.3470000000000	41.7857500000000	21.2245000000000	15.6122500000000	10	10	10	10	10	10	10	10	10	10	10	10	10	14.5917500000000	19.1835000000000	59.5917500000000	100	100	100	95.9182500000000	91.8365000000000	53.8547500000000	15.8730000000000	7.93650000000000	0	0	0	0	0	0	0	0	0	0	0	0	0	0	0	0	0	0	0	0	0	0	0	0	0	0	0
0	0	0	0	0	0	0	0	0	0	0	0	0	0	0	0	0	0	0	0	0	0	0	0	0	0	0	0	0	0	0	0	50	100	100	100	58.0610000000000	16.1220000000000	13.0610000000000	10	10	10	10	10	10	10	10	10	10	10	10	10	10	10	10	10	10	10	55	100	100	100	100	100	100	100	100	100	100	100	100	100	100	100	60.1020000000000	20.2040000000000	15.1020000000000	10	10	10	10	10	10	10	10	10	10	10	10	10	16.4285000000000	22.8570000000000	61.4285000000000	100	100	100	100	100	65.8730000000000	31.7460000000000	15.8730000000000	0	0	0	0	0	0	0	0	0	0	0	0	0	0	0	0	0	0	0	0	0	0	0	0	0	0	0
0	0	0	0	0	0	0	0	0	0	0	0	0	0	0	0	0	0	0	0	0	0	0	0	0	0	0	0	0	0	0	0	50	100	100	100	79.0305000000000	58.0610000000000	36.1732500000000	14.2855000000000	12.1427500000000	10	10	10	10	10	10	10	10	10	10	10	10	10	10	10	10	10	39.1327500000000	68.2655000000000	61.6327500000000	55	65.7142500000000	76.4285000000000	88.2142500000000	100	100	100	100	100	100	100	100	100	62.9082500000000	25.8165000000000	17.9082500000000	10	10	10	10	10	10	10	10	10	10	10	10	10	14.7447500000000	19.4895000000000	59.7447500000000	100	100	100	100	100	82.9365000000000	65.8730000000000	32.9365000000000	0	0	0	0	0	0	0	0	0	0	0	0	0	0	0	0	0	0	0	0	0	0	0	0	0	0	0
0	0	0	0	0	0	0	0	0	0	0	0	0	0	0	0	0	0	0	0	0	0	0	0	0	0	0	0	0	0	0	0	50	100	100	100	100	100	59.2855000000000	18.5710000000000	14.2855000000000	10	10	10	10	10	10	10	10	10	10	10	10	10	10	10	10	10	23.2655000000000	36.5310000000000	23.2655000000000	10	31.4285000000000	52.8570000000000	76.4285000000000	100	100	100	100	100	100	100	100	100	65.7145000000000	31.4290000000000	20.7145000000000	10	10	10	10	10	10	10	10	10	10	10	10	10	13.0610000000000	16.1220000000000	58.0610000000000	100	100	100	100	100	100	100	50	0	0	0	0	0	0	0	0	0	0	0	0	0	0	0	0	0	0	0	0	0	0	0	0	0	0	0
0	0	0	0	0	0	0	0	0	0	0	0	0	0	0	0	0	0	0	0	0	0	0	0	0	0	0	0	0	0	10.2040000000000	20.4080000000000	60.2040000000000	100	100	100	100	100	79.6427500000000	59.2855000000000	34.6427500000000	10	10	10	10	10	10	10	10	10	10	10	10	10	10	10	10	10	16.6327500000000	23.2655000000000	16.6327500000000	10	43.2142500000000	76.4285000000000	88.2142500000000	100	100	100	100	100	100	100	100	100	62.6532500000000	25.3065000000000	17.6532500000000	10	10	10	10	10	10	10	10	10	10	10	10	10	11.5305000000000	13.0610000000000	36.4795000000000	59.8980000000000	57.4490000000000	55	77.5000000000000	100	100	100	70.9182500000000	41.8365000000000	20.9182500000000	0	0	0	0	0	0	0	0	0	0	0	0	0	0	0	0	0	0	0	0	0	0	0	0	0
0	0	0	0	0	0	0	0	0	0	0	0	0	0	0	0	0	0	0	0	0	0	0	0	0	0	0	0	0	0	20.4080000000000	40.8160000000000	70.4080000000000	100	100	100	100	100	100	100	55	10	10	10	10	10	10	10	10	10	10	10	10	10	10	10	10	10	10	10	10	10	55	100	100	100	100	100	100	100	100	100	100	100	59.5920000000000	19.1840000000000	14.5920000000000	10	10	10	10	10	10	10	10	10	10	10	10	10	10	10	14.8980000000000	19.7960000000000	14.8980000000000	10	55	100	100	100	91.8365000000000	83.6730000000000	41.8365000000000	0	0	0	0	0	0	0	0	0	0	0	0	0	0	0	0	0	0	0	0	0	0	0	0	0
0	0	0	0	0	0	0	0	0	0	0	0	0	0	0	0	0	0	0	0	0	0	0	0	0	0	0	0	0	0	35.2040000000000	70.4080000000000	85.2040000000000	100	100	100	100	100	100	100	55	10	10	10	10	10	10	10	10	10	10	10	10	10	10	10	10	10	10	10	27.6020000000000	45.2040000000000	72.6020000000000	100	88.2142500000000	76.4285000000000	82.2447500000000	88.0610000000000	94.0305000000000	100	100	100	100	100	57.2960000000000	14.5920000000000	12.2960000000000	10	10	10	10	10	10	10	10	10	10	10	10	10	10	10	34.9490000000000	59.8980000000000	57.4490000000000	55	77.5000000000000	100	100	100	95.9182500000000	91.8365000000000	45.9182500000000	0	0	0	0	0	0	0	0	0	0	0	0	0	0	0	0	0	0	0	0	0	0	0	0	0
0	0	0	0	0	0	0	0	0	0	0	0	0	0	0	0	0	0	0	0	0	0	0	0	0	0	0	0	0	0	50	100	100	100	100	100	100	100	100	100	55	10	10	10	10	10	10	10	10	10	10	10	10	10	10	10	10	10	10	10	45.2040000000000	80.4080000000000	90.2040000000000	100	76.4285000000000	52.8570000000000	64.4895000000000	76.1220000000000	88.0610000000000	100	100	100	100	100	55	10	10	10	10	10	10	10	10	10	10	10	10	10	10	10	10	10	55	100	100	100	100	100	100	100	100	100	50	0	0	0	0	0	0	0	0	0	0	0	0	0	0	0	0	0	0	0	0	0	0	0	0	0
0	0	0	0	0	0	0	0	0	0	0	0	0	0	0	0	0	0	0	0	0	0	0	0	0	0	0	0	11.1110000000000	22.2220000000000	61.1110000000000	100	100	100	100	100	100	100	100	100	55	10	10	10	10	10	10	10	10	10	10	10	10	10	10	10	10	10	10	10	41.5305000000000	73.0610000000000	86.5305000000000	100	76.4285000000000	52.8570000000000	47.9590000000000	43.0610000000000	71.5305000000000	100	100	100	77.5000000000000	55	32.5000000000000	10	10	10	10	10	10	10	10	10	10	10	10	10	10	10	10	10	32.5000000000000	55	62.5000000000000	70	85	100	100	100	100	100	59.5237500000000	19.0475000000000	9.52375000000000	0	0	0	0	0	0	0	0	0	0	0	0	0	0	0	0	0	0	0	0	0	0	0
0	0	0	0	0	0	0	0	0	0	0	0	0	0	0	0	0	0	0	0	0	0	0	0	0	0	0	0	22.2220000000000	44.4440000000000	72.2220000000000	100	100	100	100	100	100	100	100	100	55	10	10	10	10	10	10	10	10	10	10	10	10	10	10	10	10	10	10	10	37.8570000000000	65.7140000000000	82.8570000000000	100	76.4285000000000	52.8570000000000	31.4285000000000	10	55	100	100	100	55	10	10	10	10	10	10	10	10	10	10	10	10	10	10	10	10	10	10	10	10	10	25	40	70	100	100	100	100	100	69.0475000000000	38.0950000000000	19.0475000000000	0	0	0	0	0	0	0	0	0	0	0	0	0	0	0	0	0	0	0	0	0	0	0
0	0	0	0	0	0	0	0	0	0	0	0	0	0	0	0	0	0	0	0	0	0	0	0	0	0	0	0	36.1110000000000	72.2220000000000	86.1110000000000	100	100	100	100	100	100	100	79.6427500000000	59.2855000000000	34.6427500000000	10	10	10	10	10	10	10	10	10	10	10	9.57475000000000	9.14950000000000	7.07475000000000	5	6.30950000000000	7.61900000000000	8.80950000000000	10	23.9285000000000	37.8570000000000	60.5102500000000	83.1635000000000	60.3572500000000	37.5510000000000	23.7755000000000	10	45.0510000000000	80.1020000000000	67.5510000000000	55	32.5000000000000	10	10	10	10	10	10	10	10	10	10	10	10	10	10	10	26.6837500000000	43.3675000000000	48.2655000000000	53.1635000000000	31.5817500000000	10	17.5000000000000	25	51.0205000000000	77.0410000000000	88.5205000000000	100	100	100	84.5237500000000	69.0475000000000	34.5237500000000	0	0	0	0	0	0	0	0	0	0	0	0	0	0	0	0	0	0	0	0	0	0	0
0	0	0	0	0	0	0	0	0	0	0	0	0	0	0	0	0	0	0	0	0	0	0	0	0	0	0	0	50	100	100	100	100	100	100	100	100	100	59.2855000000000	18.5710000000000	14.2855000000000	10	10	10	10	10	10	10	10	10	10	10	9.14950000000000	8.29900000000000	4.14950000000000	0	2.61900000000000	5.23800000000000	7.61900000000000	10	10	10	38.1635000000000	66.3270000000000	44.2860000000000	22.2450000000000	16.1225000000000	10	35.1020000000000	60.2040000000000	35.1020000000000	10	10	10	10	10	10	10	10	10	10	10	10	10	10	10	10	10	43.3675000000000	76.7350000000000	86.5310000000000	96.3270000000000	53.1635000000000	10	10	10	32.0410000000000	54.0820000000000	77.0410000000000	100	100	100	100	100	50	0	0	0	0	0	0	0	0	0	0	0	0	0	0	0	0	0	0	0	0	0	0	0
0	0	0	0	0	0	0	0	0	0	0	0	0	0	0	0	0	0	0	0	0	0	0	0	0	0	0	0	50	100	100	100	100	100	100	100	100	100	59.2855000000000	18.5710000000000	14.2855000000000	10	10	10	27.1427500000000	44.2855000000000	44.2855000000000	44.2855000000000	27.1427500000000	10	10	10	9.57475000000000	9.14950000000000	4.57475000000000	0	1.30950000000000	2.61900000000000	6.30950000000000	10	10	10	24.0817500000000	38.1635000000000	27.1430000000000	16.1225000000000	13.0612500000000	10	22.5510000000000	35.1020000000000	22.5510000000000	10	10	10	8.09525000000000	6.19050000000000	5.59525000000000	5	7.14275000000000	9.28550000000000	9.64275000000000	10	10	10	10	10	11.0715000000000	12.1430000000000	50.2552500000000	88.3675000000000	93.2655000000000	98.1635000000000	67.9592500000000	37.7550000000000	23.8775000000000	10	21.0205000000000	32.0410000000000	66.0205000000000	100	100	100	100	100	50	0	0	0	0	0	0	0	0	0	0	0	0	0	0	0	0	0	0	0	0	0	0	0
0	0	0	0	0	0	0	0	0	0	0	0	0	0	0	0	0	0	0	0	0	0	0	0	0	0	0	0	50	100	100	100	100	100	100	100	100	100	59.2855000000000	18.5710000000000	14.2855000000000	10	10	10	44.2855000000000	78.5710000000000	78.5710000000000	78.5710000000000	44.2855000000000	10	10	10	10	10	5	0	0	0	5	10	10	10	10	10	10	10	10	10	10	10	10	10	10	10	6.19050000000000	2.38100000000000	1.19050000000000	0	4.28550000000000	8.57100000000000	9.28550000000000	10	10	10	10	10	12.1430000000000	14.2860000000000	57.1430000000000	100	100	100	82.7550000000000	65.5100000000000	37.7550000000000	10	10	10	55	100	100	100	100	100	50	0	0	0	0	0	0	0	0	0	0	0	0	0	0	0	0	0	0	0	0	0	0	0
0	0	0	0	0	0	0	0	0	0	0	0	0	0	0	0	0	0	0	0	0	0	0	0	0	0	0	0	41.6667500000000	83.3335000000000	91.6667500000000	100	100	100	100	100	100	100	57.5510000000000	15.1020000000000	12.5510000000000	10	32.5000000000000	55	72.1427500000000	89.2855000000000	89.2855000000000	89.2855000000000	65.2550000000000	41.2245000000000	25.6122500000000	10	10	10	25.2380000000000	40.4760000000000	20.2380000000000	0	2.50000000000000	5	7.50000000000000	10	10	10	10	10	10	10	10	10	10	10	8.55450000000000	7.10900000000000	4.14975000000000	1.19050000000000	0.595250000000000	0	4.57475000000000	9.14950000000000	9.57475000000000	10	10	10	32.5000000000000	55	56.0715000000000	57.1430000000000	78.5715000000000	100	100	100	91.3775000000000	82.7550000000000	46.3775000000000	10	10	10	40	70	85	100	100	100	50	0	0	0	0	0	0	0	0	0	0	0	0	0	0	0	0	0	0	0	0	0	0	0
0	0	0	0	0	0	0	0	0	0	0	0	0	0	0	0	0	0	0	0	0	0	0	0	0	0	0	0	33.3335000000000	66.6670000000000	83.3335000000000	100	100	100	100	100	100	100	55.8165000000000	11.6330000000000	10.8165000000000	10	55	100	100	100	100	100	86.2245000000000	72.4490000000000	41.2245000000000	10	10	10	45.4760000000000	80.9520000000000	40.4760000000000	0	0	0	5	10	10	10	10	10	10	10	10	10	10	10	7.10900000000000	4.21800000000000	2.10900000000000	0	0	0	4.86400000000000	9.72800000000000	9.86400000000000	10	10	10	55	100	100	100	100	100	100	100	100	100	55	10	10	10	25	40	70	100	100	100	50	0	0	0	0	0	0	0	0	0	0	0	0	0	0	0	0	0	0	0	0	0	0	0
0	0	0	0	0	0	0	0	0	0	0	0	0	0	0	0	0	0	0	0	0	0	0	0	0	0	0	0	16.6667500000000	33.3335000000000	66.6667500000000	100	100	100	100	100	100	100	72.8572500000000	45.7145000000000	50.3572500000000	55	77.5000000000000	100	100	100	100	100	89.8980000000000	79.7960000000000	44.8980000000000	10	10	10	50.2380000000000	90.4760000000000	69.0475000000000	47.6190000000000	23.8095000000000	0	2.50000000000000	5	7.50000000000000	10	10	10	10	10	10	10	10	10	6.05450000000000	2.10900000000000	1.05450000000000	0	24.3197500000000	48.6395000000000	29.2517500000000	9.86400000000000	9.93200000000000	10	10	10	55	100	100	100	100	100	100	100	100	100	76.7347500000000	53.4695000000000	31.7347500000000	10	25	40	70	100	100	100	50	0	0	0	0	0	0	0	0	0	0	0	0	0	0	0	0	0	0	0	0	0	0	0
0	0	0	0	0	0	0	0	0	0	0	0	0	0	0	0	0	0	0	0	0	0	0	0	0	0	0	0	0	0	50	100	100	100	100	100	100	100	89.8980000000000	79.7960000000000	89.8980000000000	100	100	100	100	100	100	100	93.5715000000000	87.1430000000000	48.5715000000000	10	10	10	55	100	97.6190000000000	95.2380000000000	47.6190000000000	0	0	0	5	10	10	10	10	10	10	10	10	10	5	0	0	0	48.6395000000000	97.2790000000000	53.6395000000000	10	10	10	10	10	55	100	100	100	100	100	100	100	100	100	98.4695000000000	96.9390000000000	53.4695000000000	10	25	40	70	100	100	100	50	0	0	0	0	0	0	0	0	0	0	0	0	0	0	0	0	0	0	0	0	0	0	0
0	0	0	0	0	0	0	0	0	0	0	0	0	0	0	0	0	0	0	0	0	0	0	0	0	0	0	0	0	0	50	100	100	100	100	100	100	100	94.9490000000000	89.8980000000000	94.9490000000000	100	100	100	100	100	100	100	74.2857500000000	48.5715000000000	33.1632500000000	17.7550000000000	13.8775000000000	10	40.4592500000000	70.9185000000000	84.2687500000000	97.6190000000000	72.9025000000000	48.1860000000000	24.0930000000000	0	3.81525000000000	7.63050000000000	8.81525000000000	10	10	10	10	10	7.57925000000000	5.15850000000000	2.57925000000000	0	25	50	74.3197500000000	98.6395000000000	57.5340000000000	16.4285000000000	13.2142500000000	10	10	10	55	100	100	100	100	100	100	100	100	100	99.2347500000000	98.4695000000000	76.1225000000000	53.7755000000000	61.8877500000000	70	85	100	100	100	50	0	0	0	0	0	0	0	0	0	0	0	0	0	0	0	0	0	0	0	0	0	0	0
0	0	0	0	0	0	0	0	0	0	0	0	0	0	0	0	0	0	0	0	0	0	0	0	0	0	0	0	0	0	50	100	100	100	100	100	100	100	100	100	100	100	100	100	100	100	100	100	55	10	17.7550000000000	25.5100000000000	17.7550000000000	10	25.9185000000000	41.8370000000000	70.9185000000000	100	98.1860000000000	96.3720000000000	48.1860000000000	0	2.63050000000000	5.26100000000000	7.63050000000000	10	10	10	10	10	5.15850000000000	0.317000000000000	0.158500000000000	0	50	100	100	100	61.4285000000000	22.8570000000000	16.4285000000000	10	10	10	55	100	100	100	100	100	100	100	100	100	100	100	98.7755000000000	97.5510000000000	98.7755000000000	100	100	100	100	100	50	0	0	0	0	0	0	0	0	0	0	0	0	0	0	0	0	0	0	0	0	0	0	0
0	0	0	0	0	0	0	0	0	0	0	0	0	0	0	0	0	0	0	0	0	0	0	0	0	0	0	0	24.6032500000000	49.2065000000000	74.6032500000000	100	100	100	100	100	100	100	100	100	100	100	100	100	100	100	97.8572500000000	95.7145000000000	52.8572500000000	10	36.3775000000000	62.7550000000000	58.8775000000000	55	40.4592500000000	25.9185000000000	62.9592500000000	100	99.0930000000000	98.1860000000000	63.3787500000000	28.5715000000000	15.6010000000000	2.63050000000000	6.31525000000000	10	10	10	8.52600000000000	7.05200000000000	3.60525000000000	0.158500000000000	17.0860000000000	34.0135000000000	67.0067500000000	100	100	100	80.5612500000000	61.1225000000000	57.0917500000000	53.0610000000000	31.5305000000000	10	32.5000000000000	55	77.5000000000000	100	100	100	100	100	100	100	100	100	99.3877500000000	98.7755000000000	99.3877500000000	100	100	100	100	100	50	0	0	0	0	0	0	0	0	0	0	0	0	0	0	0	0	0	0	0	0	0	0	0
0	0	0	0	0	0	0	0	0	0	0	0	0	0	0	0	0	0	0	0	0	0	0	0	0	0	0	0	49.2065000000000	98.4130000000000	99.2065000000000	100	100	100	100	100	100	100	100	100	100	100	100	100	100	100	95.7145000000000	91.4290000000000	50.7145000000000	10	55	100	100	100	55	10	55	100	100	100	78.5715000000000	57.1430000000000	28.5715000000000	0	5	10	10	10	7.05200000000000	4.10400000000000	2.05200000000000	0	34.0135000000000	68.0270000000000	84.0135000000000	100	100	100	99.6940000000000	99.3880000000000	97.7550000000000	96.1220000000000	53.0610000000000	10	10	10	55	100	100	100	100	100	100	100	100	100	100	100	100	100	100	100	100	100	50	0	0	0	0	0	0	0	0	0	0	0	0	0	0	0	0	0	0	0	0	0	0	0
0	0	0	0	0	0	0	0	0	0	0	0	0	0	0	0	0	0	0	0	0	0	0	0	0	0	0	0	49.6032500000000	99.2065000000000	99.6032500000000	100	100	100	100	100	100	100	100	100	100	100	100	100	100	100	75.3572500000000	50.7145000000000	52.8572500000000	55	77.5000000000000	100	100	100	77.5000000000000	55	55	55	77.5000000000000	100	89.2857500000000	78.5715000000000	39.2857500000000	0	5	10	10	10	6.02600000000000	2.05200000000000	1.02600000000000	0	42.0067500000000	84.0135000000000	92.0067500000000	100	77.5000000000000	55	77.3470000000000	99.6940000000000	98.8775000000000	98.0610000000000	76.5305000000000	55	32.5000000000000	10	55	100	100	100	100	100	100	100	100	100	100	100	100	100	100	100	100	100	50	0	0	0	0	0	0	0	0	0	0	0	0	0	0	0	0	0	0	0	0	0	0	0
0	0	0	0	0	0	0	0	0	0	0	0	0	0	0	0	0	0	0	0	0	0	0	0	0	0	0	0	50	100	100	100	100	100	100	100	100	100	100	100	100	100	100	100	100	100	55	10	55	100	100	100	100	100	100	100	55	10	55	100	100	100	50	0	5	10	10	10	5	0	0	0	50	100	100	100	55	10	55	100	100	100	100	100	55	10	55	100	100	100	100	100	100	100	100	100	100	100	100	100	100	100	100	100	50	0	0	0	0	0	0	0	0	0	0	0	0	0	0	0	0	0	0	0	0	0	0	0
0	0	0	0	0	0	0	0	0	0	0	0	0	0	0	0	0	0	0	0	0	0	0	0	0	0	15.4762500000000	30.9525000000000	65.4762500000000	100	100	100	100	100	100	100	100	100	100	100	100	100	100	100	98.9285000000000	97.8570000000000	53.9285000000000	10	55	100	100	100	100	100	100	100	77.5000000000000	55	55	55	76.8877500000000	98.7755000000000	49.3877500000000	0	5	10	8.57150000000000	7.14300000000000	3.57150000000000	0	25	50	75	100	82.6020000000000	65.2040000000000	38.4692500000000	11.7345000000000	55.8672500000000	100	100	100	100	100	77.5000000000000	55	56.0715000000000	57.1430000000000	78.5715000000000	100	100	100	100	100	75	50	75	100	100	100	100	100	100	100	50	0	0	0	0	0	0	0	0	0	0	0	0	0	0	0	0	0	0	0	0	0	0	0
0	0	0	0	0	0	0	0	0	0	0	0	0	0	0	0	0	0	0	0	0	0	0	0	0	0	30.9525000000000	61.9050000000000	80.9525000000000	100	100	100	100	100	100	100	100	100	100	100	100	100	100	100	97.8570000000000	95.7140000000000	52.8570000000000	10	55	100	100	100	100	100	100	100	100	100	55	10	53.7755000000000	97.5510000000000	48.7755000000000	0	5	10	7.14300000000000	4.28600000000000	2.14300000000000	0	50	100	100	100	65.2040000000000	30.4080000000000	21.9385000000000	13.4690000000000	56.7345000000000	100	100	100	100	100	100	100	57.1430000000000	14.2860000000000	57.1430000000000	100	100	100	100	100	50	0	50	100	100	100	100	100	100	100	50	0	0	0	0	0	0	0	0	0	0	0	0	0	0	0	0	0	0	0	0	0	0	0
0	0	0	0	0	0	0	0	0	0	0	0	0	0	0	0	0	0	0	0	0	0	0	0	0	0	40.4762500000000	80.9525000000000	90.4762500000000	100	100	100	100	100	100	100	100	100	100	100	100	100	100	100	95.8162500000000	91.6325000000000	52.9590000000000	14.2855000000000	57.1427500000000	100	100	100	100	100	100	100	91.0715000000000	82.1430000000000	46.0715000000000	10	30.8162500000000	51.6325000000000	25.8162500000000	0	5	10	7.14300000000000	4.28600000000000	2.14300000000000	0	40.2380000000000	80.4760000000000	73.5542500000000	66.6325000000000	43.4182500000000	20.2040000000000	38.4692500000000	56.7345000000000	78.3672500000000	100	100	100	100	100	100	100	57.1430000000000	14.2860000000000	57.1430000000000	100	100	100	95.2380000000000	90.4760000000000	45.2380000000000	0	32.1427500000000	64.2855000000000	82.1427500000000	100	100	100	100	100	50	0	0	0	0	0	0	0	0	0	0	0	0	0	0	0	0	0	0	0	0	0	0	0
0	0	0	0	0	0	0	0	0	0	0	0	0	0	0	0	0	0	0	0	0	0	0	0	0	0	50	100	100	100	100	100	100	100	100	100	100	100	100	100	100	100	100	100	93.7755000000000	87.5510000000000	53.0610000000000	18.5710000000000	59.2855000000000	100	100	100	100	100	100	100	82.1430000000000	64.2860000000000	37.1430000000000	10	7.85700000000000	5.71400000000000	2.85700000000000	0	5	10	7.14300000000000	4.28600000000000	2.14300000000000	0	30.4760000000000	60.9520000000000	47.1085000000000	33.2650000000000	21.6325000000000	10	55	100	100	100	100	100	100	100	100	100	57.1430000000000	14.2860000000000	57.1430000000000	100	100	100	90.4760000000000	80.9520000000000	40.4760000000000	0	14.2855000000000	28.5710000000000	64.2855000000000	100	100	100	100	100	50	0	0	0	0	0	0	0	0	0	0	0	0	0	0	0	0	0	0	0	0	0	0	0
0	0	0	0	0	0	0	0	0	0	0	0	0	0	0	0	0	0	0	0	0	0	0	0	0	0	50	100	100	100	77.5000000000000	55	76.7347500000000	98.4695000000000	99.2347500000000	100	78.5715000000000	57.1430000000000	76.1905000000000	95.2380000000000	97.6190000000000	100	100	100	74.3877500000000	48.7755000000000	36.5815000000000	24.3875000000000	62.1937500000000	100	100	100	100	100	91.2755000000000	82.5510000000000	59.8470000000000	37.1430000000000	23.5715000000000	10	8.92850000000000	7.85700000000000	4.11550000000000	0.374000000000000	5.18700000000000	10	8.57150000000000	7.14300000000000	3.57150000000000	0	16.9047500000000	33.8095000000000	27.7210000000000	21.6325000000000	15.8162500000000	10	55	100	100	100	100	100	100	100	100	100	57.1430000000000	14.2860000000000	57.1430000000000	100	100	100	90.4760000000000	80.9520000000000	40.4760000000000	0	32.1427500000000	64.2855000000000	82.1427500000000	100	100	100	100	100	50	0	0	0	0	0	0	0	0	0	0	0	0	0	0	0	0	0	0	0	0	0	0	0
0	0	0	0	0	0	0	0	0	0	0	0	0	0	0	0	0	0	0	0	0	0	0	0	0	0	50	100	100	100	55	10	53.4695000000000	96.9390000000000	98.4695000000000	100	57.1430000000000	14.2860000000000	52.3810000000000	90.4760000000000	95.2380000000000	100	100	100	55	10	20.1020000000000	30.2040000000000	65.1020000000000	100	100	100	100	100	82.5510000000000	65.1020000000000	37.5510000000000	10	10	10	10	10	5.37400000000000	0.748000000000000	5.37400000000000	10	10	10	5	0	3.33350000000000	6.66700000000000	8.33350000000000	10	10	10	55	100	100	100	100	100	100	100	100	100	57.1430000000000	14.2860000000000	57.1430000000000	100	100	100	90.4760000000000	80.9520000000000	40.4760000000000	0	50	100	100	100	100	100	100	100	50	0	0	0	0	0	0	0	0	0	0	0	0	0	0	0	0	0	0	0	0	0	0	0
0	0	0	0	0	0	0	0	0	0	0	0	0	0	0	0	0	0	0	0	0	0	0	0	0	0	50	100	100	100	64.4897500000000	28.9795000000000	41.2245000000000	53.4695000000000	76.7347500000000	100	53.5715000000000	7.14300000000000	48.8095000000000	90.4760000000000	95.2380000000000	100	100	100	55	10	37.5510000000000	65.1020000000000	82.5510000000000	100	100	100	77.5000000000000	55	46.2755000000000	37.5510000000000	23.7755000000000	10	10	10	10	10	7.68700000000000	5.37400000000000	7.68700000000000	10	10	10	7.50000000000000	5	6.66675000000000	8.33350000000000	9.16675000000000	10	10	10	32.5000000000000	55	70.6122500000000	86.2245000000000	93.1122500000000	100	100	100	100	100	57.1430000000000	14.2860000000000	57.1430000000000	100	100	100	90.4760000000000	80.9520000000000	40.4760000000000	0	50	100	100	100	100	100	100	100	63.0952500000000	26.1905000000000	13.0952500000000	0	0	0	0	0	0	0	0	0	0	0	0	0	0	0	0	0	0	0	0	0
0	0	0	0	0	0	0	0	0	0	0	0	0	0	0	0	0	0	0	0	0	0	0	0	0	0	50	100	100	100	73.9795000000000	47.9590000000000	28.9795000000000	10	55	100	50	0	45.2380000000000	90.4760000000000	95.2380000000000	100	100	100	55	10	55	100	100	100	100	100	55	10	10	10	10	10	10	10	10	10	10	10	10	10	10	10	10	10	10	10	10	10	10	10	10	10	41.2245000000000	72.4490000000000	86.2245000000000	100	100	100	100	100	57.1430000000000	14.2860000000000	57.1430000000000	100	100	100	90.4760000000000	80.9520000000000	40.4760000000000	0	50	100	100	100	100	100	100	100	76.1905000000000	52.3810000000000	26.1905000000000	0	0	0	0	0	0	0	0	0	0	0	0	0	0	0	0	0	0	0	0	0
0	0	0	0	0	0	0	0	0	0	0	0	0	0	0	0	0	0	0	0	0	0	0	0	0	0	50	100	100	100	86.9897500000000	73.9795000000000	41.9897500000000	10	46.3775000000000	82.7550000000000	41.3775000000000	0	45.2380000000000	90.4760000000000	95.2380000000000	100	100	100	55	10	55	100	100	100	95.7142500000000	91.4285000000000	50.7142500000000	10	10	10	10	10	10	10	15.3572500000000	20.7145000000000	15.3572500000000	10	10	10	10	10	10	10	10	10	10	10	10	10	10	10	25.6122500000000	41.2245000000000	68.4695000000000	95.7145000000000	97.8572500000000	100	100	100	57.1430000000000	14.2860000000000	57.1430000000000	100	100	100	90.4760000000000	80.9520000000000	40.4760000000000	0	50	100	100	100	100	100	100	100	88.0952500000000	76.1905000000000	38.0952500000000	0	0	0	0	0	0	0	0	0	0	0	0	0	0	0	0	0	0	0	0	0
0	0	0	0	0	0	0	0	0	0	0	0	0	0	0	0	0	0	0	0	0	0	0	0	0	0	50	100	100	100	100	100	55	10	37.7550000000000	65.5100000000000	32.7550000000000	0	45.2380000000000	90.4760000000000	95.2380000000000	100	100	100	55	10	55	100	100	100	91.4285000000000	82.8570000000000	46.4285000000000	10	10	10	10	10	10	10	20.7145000000000	31.4290000000000	20.7145000000000	10	10	10	10	10	10	10	10	10	10	10	10	10	10	10	10	10	50.7145000000000	91.4290000000000	95.7145000000000	100	100	100	57.1430000000000	14.2860000000000	57.1430000000000	100	100	100	90.4760000000000	80.9520000000000	40.4760000000000	0	50	100	100	100	100	100	100	100	100	100	50	0	0	0	0	0	0	0	0	0	0	0	0	0	0	0	0	0	0	0	0	0
0	0	0	0	0	0	0	0	0	0	0	0	0	0	0	0	0	0	0	0	0	0	0	0	0	0	50	100	100	100	100	100	56.5305000000000	13.0610000000000	25.4080000000000	37.7550000000000	19.5917500000000	1.42850000000000	46.1905000000000	90.9525000000000	95.4762500000000	100	100	100	55	10	55	100	100	100	73.2142500000000	46.4285000000000	28.2142500000000	10	10	10	10	10	22.5510000000000	35.1020000000000	50.4082500000000	65.7145000000000	60.3572500000000	55	30.8502500000000	6.70050000000000	5.85025000000000	5	6.10550000000000	7.21100000000000	31.1055000000000	55	38.9285000000000	22.8570000000000	16.4285000000000	10	10	10	10	10	30.3572500000000	50.7145000000000	75.3572500000000	100	100	100	56.8367500000000	13.6735000000000	56.8367500000000	100	100	100	90.4760000000000	80.9520000000000	40.4760000000000	0	30.1020000000000	60.2040000000000	75.3400000000000	90.4760000000000	95.2380000000000	100	100	100	100	100	50	0	0	0	0	0	0	0	0	0	0	0	0	0	0	0	0	0	0	0	0	0
0	0	0	0	0	0	0	0	0	0	0	0	0	0	0	0	0	0	0	0	0	0	0	0	0	0	50	100	100	100	100	100	58.0610000000000	16.1220000000000	13.0610000000000	10	6.42850000000000	2.85700000000000	47.1430000000000	91.4290000000000	95.7145000000000	100	100	100	55	10	55	100	100	100	55	10	10	10	10	10	10	10	35.1020000000000	60.2040000000000	80.1020000000000	100	100	100	51.7005000000000	3.40100000000000	1.70050000000000	0	2.21100000000000	4.42200000000000	52.2110000000000	100	67.8570000000000	35.7140000000000	22.8570000000000	10	10	10	10	10	10	10	55	100	100	100	56.5305000000000	13.0610000000000	56.5305000000000	100	100	100	90.4760000000000	80.9520000000000	40.4760000000000	0	10.2040000000000	20.4080000000000	50.6800000000000	80.9520000000000	90.4760000000000	100	100	100	100	100	50	0	0	0	0	0	0	0	0	0	0	0	0	0	0	0	0	0	0	0	0	0
0	0	0	0	0	0	0	0	0	0	0	0	0	0	0	0	0	0	0	0	0	0	0	0	14.2857500000000	28.5715000000000	64.2857500000000	100	100	100	100	100	79.0305000000000	58.0610000000000	35.4590000000000	12.8570000000000	9.64275000000000	6.42850000000000	42.1430000000000	77.8575000000000	88.9287500000000	100	100	100	55	10	55	100	100	100	55	10	10	10	10	10	10	10	45.0510000000000	80.1020000000000	90.0510000000000	100	100	100	50.8502500000000	1.70050000000000	0.850250000000000	0	1.10550000000000	2.21100000000000	51.1055000000000	100	83.9285000000000	67.8570000000000	38.9285000000000	10	10	10	10	10	10	10	55	100	77.5000000000000	55	33.2652500000000	11.5305000000000	55.7652500000000	100	100	100	95.2380000000000	90.4760000000000	51.5872500000000	12.6985000000000	11.4512500000000	10.2040000000000	25.3400000000000	40.4760000000000	54.7617500000000	69.0475000000000	84.5237500000000	100	100	100	61.9047500000000	23.8095000000000	11.9047500000000	0	0	0	0	0	0	0	0	0	0	0	0	0	0	0	0	0	0	0
0	0	0	0	0	0	0	0	0	0	0	0	0	0	0	0	0	0	0	0	0	0	0	0	28.5715000000000	57.1430000000000	78.5715000000000	100	100	100	100	100	100	100	57.8570000000000	15.7140000000000	12.8570000000000	10	37.1430000000000	64.2860000000000	82.1430000000000	100	100	100	55	10	55	100	100	100	55	10	10	10	10	10	10	10	55	100	100	100	100	100	50	0	0	0	0	0	50	100	100	100	55	10	10	10	10	10	10	10	55	100	55	10	10	10	55	100	100	100	100	100	62.6985000000000	25.3970000000000	12.6985000000000	0	0	0	19.0475000000000	38.0950000000000	69.0475000000000	100	100	100	73.8095000000000	47.6190000000000	23.8095000000000	0	0	0	0	0	0	0	0	0	0	0	0	0	0	0	0	0	0	0
0	0	0	0	0	0	0	0	0	0	0	0	0	0	0	0	0	0	0	0	0	0	0	0	32.6530000000000	65.3060000000000	82.6530000000000	100	90.7142500000000	81.4285000000000	78.1632500000000	74.8980000000000	85.4082500000000	95.9185000000000	57.0407500000000	18.1630000000000	14.0815000000000	10	23.5715000000000	37.1430000000000	68.5715000000000	100	100	100	55	10	55	100	96.7857500000000	93.5715000000000	51.7857500000000	10	10	10	10	10	10	10	55	100	100	100	100	100	50	0	0	0	19.1042500000000	38.2085000000000	69.1042500000000	100	100	100	55	10	10	10	10	10	10	10	54.5917500000000	99.1835000000000	54.5917500000000	10	10.4082500000000	10.8165000000000	55.4082500000000	100	100	100	100	100	81.3492500000000	62.6985000000000	31.3492500000000	0	0	0	19.0475000000000	38.0950000000000	69.0475000000000	100	100	100	73.8095000000000	47.6190000000000	23.8095000000000	0	0	0	0	0	0	0	0	0	0	0	0	0	0	0	0	0	0	0
0	0	0	0	0	0	0	0	0	0	0	0	0	0	0	0	0	0	0	0	0	0	0	0	36.7345000000000	73.4690000000000	86.7345000000000	100	81.4285000000000	62.8570000000000	56.3265000000000	49.7960000000000	70.8165000000000	91.8370000000000	56.2245000000000	20.6120000000000	15.3060000000000	10	10	10	55	100	100	100	55	10	55	100	93.5715000000000	87.1430000000000	48.5715000000000	10	10	10	10	10	10	10	55	100	100	100	100	100	50	0	0	0	38.2085000000000	76.4170000000000	88.2085000000000	100	100	100	55	10	10	10	10	10	10	10	54.1835000000000	98.3670000000000	54.1835000000000	10	10.8165000000000	11.6330000000000	55.8165000000000	100	100	100	100	100	100	100	50	0	0	0	19.0475000000000	38.0950000000000	69.0475000000000	100	100	100	73.8095000000000	47.6190000000000	23.8095000000000	0	0	0	0	0	0	0	0	0	0	0	0	0	0	0	0	0	0	0
0	0	0	0	0	0	0	0	0	0	0	0	0	0	0	0	0	0	0	0	0	0	0	0	43.3672500000000	86.7345000000000	93.3672500000000	100	90.7142500000000	81.4285000000000	58.4182500000000	35.4080000000000	43.1632500000000	50.9185000000000	33.1122500000000	15.3060000000000	12.6530000000000	10	10	10	54.5407500000000	99.0815000000000	99.5407500000000	100	55	10	33.7245000000000	57.4490000000000	64.0307500000000	70.6125000000000	40.3062500000000	10	10	10	10	10	17.5000000000000	25	62.5000000000000	100	100	100	100	100	50	0	0	0	44.1042500000000	88.2085000000000	94.1042500000000	100	100	100	55	10	10	10	10	10	10	10	32.0917500000000	54.1835000000000	32.0917500000000	10	20.6632500000000	31.3265000000000	65.6632500000000	100	100	100	100	100	100	100	50	0	0	0	25.6802500000000	51.3605000000000	75.6802500000000	100	100	100	86.9047500000000	73.8095000000000	36.9047500000000	0	0	0	0	0	0	0	0	0	0	0	0	0	0	0	0	0	0	0
0	0	0	0	0	0	0	0	0	0	0	0	0	0	0	0	0	0	0	0	0	0	0	0	50	100	100	100	100	100	60.5100000000000	21.0200000000000	15.5100000000000	10	10	10	10	10	10	10	54.0815000000000	98.1630000000000	99.0815000000000	100	55	10	12.4490000000000	14.8980000000000	34.4900000000000	54.0820000000000	32.0410000000000	10	10	10	10	10	25	40	70	100	100	100	100	100	50	0	0	0	50	100	100	100	100	100	55	10	10	10	10	10	10	10	10	10	10	10	30.5100000000000	51.0200000000000	75.5100000000000	100	100	100	100	100	100	100	50	0	0	0	32.3130000000000	64.6260000000000	82.3130000000000	100	100	100	100	100	50	0	0	0	0	0	0	0	0	0	0	0	0	0	0	0	0	0	0	0
0	0	0	0	0	0	0	0	0	0	0	0	0	0	0	0	0	0	0	0	0	0	0	0	50	100	100	100	100	100	80.2550000000000	60.5100000000000	57.7550000000000	55	43.2142500000000	31.4285000000000	20.7142500000000	10	10	10	32.0407500000000	54.0815000000000	77.0407500000000	100	55	10	11.2245000000000	12.4490000000000	22.2450000000000	32.0410000000000	21.0205000000000	10	10	10	10	10	25	40	70	100	100	100	100	100	50	0	0	0	50	100	100	100	100	100	55	10	10	10	10	10	10	10	10	10	10	10	42.7550000000000	75.5100000000000	87.7550000000000	100	100	100	100	100	97.4490000000000	94.8980000000000	48.6395000000000	2.38100000000000	2.81750000000000	3.25400000000000	32.0692500000000	60.8845000000000	69.7280000000000	78.5715000000000	89.2857500000000	100	100	100	50	0	0	0	0	0	0	0	0	0	0	0	0	0	0	0	0	0	0	0
0	0	0	0	0	0	0	0	0	0	0	0	0	0	0	0	0	0	0	0	0	0	0	0	50	100	100	100	100	100	100	100	100	100	76.4285000000000	52.8570000000000	31.4285000000000	10	10	10	10	10	55	100	55	10	10	10	10	10	10	10	10	10	10	10	25	40	70	100	100	100	100	100	50	0	0	0	50	100	100	100	100	100	55	10	10	10	10	10	10	10	10	10	10	10	55	100	100	100	100	100	100	100	94.8980000000000	89.7960000000000	47.2790000000000	4.76200000000000	5.63500000000000	6.50800000000000	31.8255000000000	57.1430000000000	57.1430000000000	57.1430000000000	78.5715000000000	100	100	100	50	0	0	0	0	0	0	0	0	0	0	0	0	0	0	0	0	0	0	0
0	0	0	0	0	0	0	0	0	0	0	0	0	0	0	0	0	0	0	0	0	0	0	0	50	100	100	100	92.1427500000000	84.2855000000000	92.1427500000000	100	100	100	88.2142500000000	76.4285000000000	56.5305000000000	36.6325000000000	23.3162500000000	10	10	10	32.5000000000000	55	32.5000000000000	10	10	10	10	10	10	10	10	10	10	10	40	70	85	100	100	100	100	100	50	0	7.48300000000000	14.9660000000000	57.4830000000000	100	100	100	100	100	60.3572500000000	20.7145000000000	15.3572500000000	10	10	10	10	10	10	10	10	10	55	100	100	100	100	100	100	100	74.9490000000000	49.8980000000000	28.6395000000000	7.38100000000000	7.81750000000000	8.25400000000000	20.9127500000000	33.5715000000000	33.5715000000000	33.5715000000000	44.2857500000000	55	77.5000000000000	100	50	0	0	0	0	0	0	0	0	0	0	0	0	0	0	0	0	0	0	0
0	0	0	0	0	0	0	0	0	0	0	0	0	0	0	0	0	0	0	0	0	0	0	0	50	100	100	100	84.2855000000000	68.5710000000000	84.2855000000000	100	100	100	100	100	81.6325000000000	63.2650000000000	36.6325000000000	10	10	10	10	10	10	10	10	10	10	10	10	10	10	10	10	10	55	100	100	100	100	100	100	100	50	0	14.9660000000000	29.9320000000000	64.9660000000000	100	100	100	100	100	65.7145000000000	31.4290000000000	20.7145000000000	10	10	10	10	10	10	10	10	10	55	100	100	100	100	100	100	100	55	10	10	10	10	10	10	10	10	10	10	10	55	100	50	0	0	0	0	0	0	0	0	0	0	0	0	0	0	0	0	0	0	0
0	0	0	0	0	0	0	0	0	0	0	0	0	0	0	0	0	0	0	0	0	0	0	0	50	100	100	100	69.6427500000000	39.2855000000000	63.2142500000000	87.1430000000000	93.5715000000000	100	100	100	90.8162500000000	81.6325000000000	47.0407500000000	12.4490000000000	11.2245000000000	10	10	10	10	10	10	10	10	10	10	10	10	10	32.5000000000000	55	77.5000000000000	100	100	100	100	100	100	100	50	0	21.7687500000000	43.5375000000000	71.7687500000000	100	100	100	100	100	82.8572500000000	65.7145000000000	37.8572500000000	10	10	10	10	10	10	10	10	10	32.9592500000000	55.9185000000000	77.9592500000000	100	98.1632500000000	96.3265000000000	75.6632500000000	55	32.5000000000000	10	25.6122500000000	41.2245000000000	48.1122500000000	55	55	55	55	55	55	55	77.5000000000000	100	50	0	0	0	0	0	0	0	0	0	0	0	0	0	0	0	0	0	0	0
0	0	0	0	0	0	0	0	0	0	0	0	0	0	0	0	0	0	0	0	0	0	0	0	50	100	100	100	55	10	42.1430000000000	74.2860000000000	87.1430000000000	100	100	100	100	100	57.4490000000000	14.8980000000000	12.4490000000000	10	10	10	10	10	10	10	10	10	10	10	10	10	55	100	100	100	100	100	100	100	100	100	50	0	28.5715000000000	57.1430000000000	78.5715000000000	100	100	100	100	100	100	100	55	10	10	10	10	10	10	10	10	10	10.9185000000000	11.8370000000000	55.9185000000000	100	96.3265000000000	92.6530000000000	51.3265000000000	10	10	10	41.2245000000000	72.4490000000000	86.2245000000000	100	100	100	100	100	100	100	100	100	50	0	0	0	0	0	0	0	0	0	0	0	0	0	0	0	0	0	0	0
0	0	0	0	0	0	0	0	0	0	0	0	0	0	0	0	0	0	0	0	0	0	13.0952500000000	26.1905000000000	63.0952500000000	100	100	100	62.5000000000000	25	33.5715000000000	42.1430000000000	71.0715000000000	100	100	100	100	100	78.7245000000000	57.4490000000000	33.7245000000000	10	10	10	8.45250000000000	6.90500000000000	7.05225000000000	7.19950000000000	8.59975000000000	10	10	10	10	10	55	100	100	100	100	100	100	100	100	100	50	0	14.2857500000000	28.5715000000000	64.2857500000000	100	100	100	100	100	100	100	77.5000000000000	55	32.5000000000000	10	10	10	10	10	10	10	10.4592500000000	10.9185000000000	32.9592500000000	55	53.1632500000000	51.3265000000000	30.6632500000000	10	32.5000000000000	55	70.6122500000000	86.2245000000000	93.1122500000000	100	100	100	100	100	100	100	100	100	50	0	0	0	0	0	0	0	0	0	0	0	0	0	0	0	0	0	0	0
0	0	0	0	0	0	0	0	0	0	0	0	0	0	0	0	0	0	0	0	0	0	26.1905000000000	52.3810000000000	76.1905000000000	100	100	100	70	40	25	10	55	100	100	100	100	100	100	100	55	10	10	10	6.90500000000000	3.81000000000000	4.10450000000000	4.39900000000000	7.19950000000000	10	10	10	10	10	55	100	100	100	100	100	100	100	100	100	50	0	0	0	50	100	100	100	100	100	100	100	100	100	55	10	10	10	10	10	10	10	10	10	10	10	10	10	10	10	55	100	100	100	100	100	100	100	100	100	100	100	100	100	50	0	0	0	0	0	0	0	0	0	0	0	0	0	0	0	0	0	0	0
0	0	0	0	0	0	0	0	0	0	0	0	0	0	0	0	0	0	0	0	0	0	34.1270000000000	68.2540000000000	84.1270000000000	100	100	100	85	70	44.2857500000000	18.5715000000000	36.7857500000000	55	62.5000000000000	70	85	100	100	100	55	10	10	10	5.95250000000000	1.90500000000000	2.05225000000000	2.19950000000000	6.09975000000000	10	10	10	10	10	55	100	100	100	100	100	100	100	100	100	50	0	0	0	50	100	100	100	100	100	100	100	100	100	58.2142500000000	16.4285000000000	13.2142500000000	10	10	10	10	10	10	10	10	10	10	10	10	10	55	100	100	100	100	100	100	100	100	100	100	100	100	100	50	0	0	0	0	0	0	0	0	0	0	0	0	0	0	0	0	0	0	0
0	0	0	0	0	0	0	0	0	0	0	0	0	0	0	0	0	0	0	0	0	0	42.0635000000000	84.1270000000000	92.0635000000000	100	100	100	100	100	63.5715000000000	27.1430000000000	18.5715000000000	10	25	40	70	100	100	100	55	10	10	10	5	0	0	0	5	10	10	10	10	10	55	100	100	100	100	100	100	100	100	100	50	0	0	0	50	100	100	100	100	100	100	100	100	100	61.4285000000000	22.8570000000000	16.4285000000000	10	10	10	10	10	10	10	10	10	10	10	10	10	55	100	100	100	100	100	100	100	100	100	100	100	100	100	50	0	0	0	0	0	0	0	0	0	0	0	0	0	0	0	0	0	0	0
0	0	0	0	0	0	0	0	0	0	0	0	0	0	0	0	0	0	0	0	0	0	46.0317500000000	92.0635000000000	96.0317500000000	100	100	100	100	100	81.7857500000000	63.5715000000000	36.7857500000000	10	17.5000000000000	25	40	55	61.4285000000000	67.8570000000000	38.9285000000000	10	10	10	5	0	0	0	5	10	10	10	10	10	34.3367500000000	58.6735000000000	79.3367500000000	100	88.9455000000000	77.8910000000000	88.9455000000000	100	100	100	50	0	0	0	50	100	100	100	100	100	100	100	100	100	59.1325000000000	18.2650000000000	14.1325000000000	10	10	10	10	10	10	10	10	10	10	10	14.2857500000000	18.5715000000000	59.2857500000000	100	100	100	100	100	83.9285000000000	67.8570000000000	83.9285000000000	100	100	100	100	100	50	0	0	0	0	0	0	0	0	0	0	0	0	0	0	0	0	0	0	0
0	0	0	0	0	0	0	0	0	0	0	0	0	0	0	0	0	0	0	0	0	0	50	100	100	100	100	100	100	100	100	100	55	10	10	10	10	10	22.8570000000000	35.7140000000000	22.8570000000000	10	10	10	5	0	0	0	5	10	10	10	10	10	13.6735000000000	17.3470000000000	58.6735000000000	100	77.8910000000000	55.7820000000000	77.8910000000000	100	100	100	50	0	0	0	50	100	100	100	100	100	100	100	100	100	56.8365000000000	13.6730000000000	11.8365000000000	10	10	10	10	10	10	10	10	10	10	10	18.5715000000000	27.1430000000000	63.5715000000000	100	100	100	100	100	67.8570000000000	35.7140000000000	67.8570000000000	100	100	100	100	100	50	0	0	0	0	0	0	0	0	0	0	0	0	0	0	0	0	0	0	0
0	0	0	0	0	0	0	0	0	0	0	0	0	0	0	0	0	0	0	0	0	0	50	100	100	100	77.5000000000000	55	71.7857500000000	88.5715000000000	94.2857500000000	100	55	10	10	10	10	10	16.4285000000000	22.8570000000000	16.4285000000000	10	10	10	5	0	0	0	27.5000000000000	55	55	55	55	55	56.8367500000000	58.6735000000000	79.3367500000000	100	63.9455000000000	27.8910000000000	41.4965000000000	55.1020000000000	77.5510000000000	100	50	0	0	0	50	100	78.6507500000000	57.3015000000000	59.9772500000000	62.6530000000000	77.2447500000000	91.8365000000000	78.7755000000000	65.7145000000000	38.7755000000000	11.8365000000000	10.9182500000000	10	7.52825000000000	5.05650000000000	5.02825000000000	5	7.50000000000000	10	10	10	10	10	18.5715000000000	27.1430000000000	63.5715000000000	100	100	100	77.5000000000000	55	38.9285000000000	22.8570000000000	61.4285000000000	100	100	100	100	100	50	0	0	0	0	0	0	0	0	0	0	0	0	0	0	0	0	0	0	0
0	0	0	0	0	0	0	0	0	0	0	0	0	0	0	0	0	0	0	0	0	0	50	100	100	100	55	10	43.5715000000000	77.1430000000000	88.5715000000000	100	55	10	10	10	10	10	10	10	10	10	10	10	5	0	0	0	50	100	100	100	100	100	100	100	100	100	50	0	5.10200000000000	10.2040000000000	55.1020000000000	100	50	0	0	0	50	100	57.3015000000000	14.6030000000000	19.9545000000000	25.3060000000000	54.4895000000000	83.6730000000000	57.5510000000000	31.4290000000000	20.7145000000000	10	10	10	5.05650000000000	0.113000000000000	0.0565000000000000	0	5	10	10	10	10	10	18.5715000000000	27.1430000000000	63.5715000000000	100	100	100	55	10	10	10	55	100	100	100	100	100	50	0	0	0	0	0	0	0	0	0	0	0	0	0	0	0	0	0	0	0
0	0	0	0	0	0	0	0	0	0	0	0	0	0	0	0	0	0	0	0	0	0	50	100	100	100	74.8470000000000	49.6940000000000	46.6327500000000	43.5715000000000	49.2857500000000	55	32.5000000000000	10	10	10	10	10	10	10	10	10	10	10	5	0	0.238000000000000	0.476000000000000	50.2380000000000	100	100	100	80.7652500000000	61.5305000000000	59.4897500000000	57.4490000000000	78.7245000000000	100	50	0	2.55100000000000	5.10200000000000	27.5510000000000	50	25	0	0	0	25	50	52.2222500000000	54.4445000000000	58.5487500000000	62.6530000000000	77.2447500000000	91.8365000000000	78.7755000000000	65.7145000000000	60.3572500000000	55	55	55	27.5282500000000	0.0565000000000000	0.0282500000000000	0	5	10	10	10	10	10	14.2857500000000	18.5715000000000	36.7857500000000	55	55	55	50.7142500000000	46.4285000000000	50.7142500000000	55	77.5000000000000	100	100	100	100	100	50	0	0	0	0	0	0	0	0	0	0	0	0	0	0	0	0	0	0	0
0	0	0	0	0	0	0	0	0	0	0	0	0	0	0	0	0	0	0	0	0	0	50	100	100	100	94.6940000000000	89.3880000000000	49.6940000000000	10	10	10	10	10	10	10	10	10	10	10	10	10	10	10	5	0	0.476000000000000	0.952000000000000	50.4760000000000	100	100	100	61.5305000000000	23.0610000000000	18.9795000000000	14.8980000000000	57.4490000000000	100	50	0	0	0	0	0	0	0	0	0	0	0	47.1430000000000	94.2860000000000	97.1430000000000	100	100	100	100	100	100	100	100	100	50	0	0	0	5	10	10	10	10	10	10	10	10	10	10	10	46.4285000000000	82.8570000000000	91.4285000000000	100	100	100	100	100	100	100	50	0	0	0	0	0	0	0	0	0	0	0	0	0	0	0	0	0	0	0
0	0	0	0	0	0	0	0	0	0	0	0	0	0	0	0	0	0	0	0	0	0	50	100	100	100	97.3470000000000	94.6940000000000	72.7042500000000	50.7145000000000	30.3572500000000	10	10	10	10	10	10	10	10	10	10	10	10	10	5	0	2.41475000000000	4.82950000000000	29.9147500000000	55	55	55	35.7652500000000	16.5305000000000	20	23.4695000000000	53.4015000000000	83.3335000000000	41.6667500000000	0	0	0	0	0	0	0	0	0	0	0	40.2382500000000	80.4765000000000	90.2382500000000	100	100	100	100	100	100	100	82.5510000000000	65.1020000000000	32.5510000000000	0	0	0	5	10	10	10	10	10	10	10	14.5917500000000	19.1835000000000	37.0917500000000	55	73.2142500000000	91.4285000000000	95.7142500000000	100	100	100	77.5000000000000	55	77.5000000000000	100	50	0	0	0	0	0	0	0	0	0	0	0	0	0	0	0	0	0	0	0
0	0	0	0	0	0	0	0	0	0	0	0	0	0	0	0	0	0	0	0	0	0	50	100	100	100	100	100	95.7145000000000	91.4290000000000	50.7145000000000	10	10	10	10	10	10	10	10	10	10	10	10	10	5	0	4.35350000000000	8.70700000000000	9.35350000000000	10	10	10	10	10	21.0205000000000	32.0410000000000	49.3540000000000	66.6670000000000	33.3335000000000	0	0	0	0	0	0	0	0	0	0	0	33.3335000000000	66.6670000000000	83.3335000000000	100	100	100	100	100	100	100	65.1020000000000	30.2040000000000	15.1020000000000	0	0	0	5	10	10	10	10	10	10	10	19.1835000000000	28.3670000000000	64.1835000000000	100	100	100	100	100	100	100	55	10	55	100	50	0	0	0	0	0	0	0	0	0	0	0	0	0	0	0	0	0	0	0
0	0	0	0	0	0	0	0	0	0	0	0	0	0	0	0	0	0	0	0	0	0	38.0952500000000	76.1905000000000	88.0952500000000	100	100	100	97.8572500000000	95.7145000000000	73.8267500000000	51.9390000000000	30.9695000000000	10	10	10	10	10	10	10	10	10	10	10	5	0	4.67675000000000	9.35350000000000	9.67675000000000	10	10	10	14.8470000000000	19.6940000000000	42.8572500000000	66.0205000000000	74.6770000000000	83.3335000000000	41.6667500000000	0	0	0	0	0	0	0	0	0	0	0	16.6667500000000	33.3335000000000	66.6667500000000	100	100	100	100	100	80.6122500000000	61.2245000000000	38.1632500000000	15.1020000000000	7.55100000000000	0	22.8572500000000	45.7145000000000	27.8572500000000	10	10	10	10	10	10	10	15.1020000000000	20.2040000000000	60.1020000000000	100	100	100	100	100	78.7245000000000	57.4490000000000	43.4185000000000	29.3880000000000	64.6940000000000	100	50	0	0	0	0	0	0	0	0	0	0	0	0	0	0	0	0	0	0	0
0	0	0	0	0	0	0	0	0	0	0	0	0	0	0	0	0	0	0	0	0	0	26.1905000000000	52.3810000000000	76.1905000000000	100	100	100	100	100	96.9390000000000	93.8780000000000	51.9390000000000	10	10	10	10	10	10	10	10	10	10	10	5	0	5	10	10	10	10	10	19.6940000000000	29.3880000000000	64.6940000000000	100	100	100	50	0	0	0	0	0	0	0	0	0	0	0	0	0	50	100	100	100	100	100	61.2245000000000	22.4490000000000	11.2245000000000	0	0	0	45.7145000000000	91.4290000000000	50.7145000000000	10	10	10	10	10	10	10	11.0205000000000	12.0410000000000	56.0205000000000	100	100	100	100	100	57.4490000000000	14.8980000000000	31.8370000000000	48.7760000000000	74.3880000000000	100	50	0	0	0	0	0	0	0	0	0	0	0	0	0	0	0	0	0	0	0
0	0	0	0	0	0	0	0	0	0	0	0	0	0	0	0	0	0	0	0	0	0	13.0952500000000	26.1905000000000	63.0952500000000	100	100	100	100	100	98.4695000000000	96.9390000000000	59.6430000000000	22.3470000000000	16.1735000000000	10	10	10	10	10	10	10	10	10	7.26750000000000	4.53500000000000	7.26750000000000	10	32.3470000000000	54.6940000000000	32.3470000000000	10	21.0205000000000	32.0410000000000	66.0205000000000	100	100	100	75	50	50	50	37.4717500000000	24.9435000000000	12.4717500000000	0	0	0	23.8095000000000	47.6190000000000	47.6190000000000	47.6190000000000	73.8095000000000	100	100	100	100	100	59.0135000000000	18.0270000000000	9.01350000000000	0	23.8095000000000	47.6190000000000	71.6667500000000	95.7145000000000	52.8572500000000	10	10	10	10	10	10	10	10.5102500000000	11.0205000000000	33.0102500000000	55	55	55	55	55	42.9082500000000	30.8165000000000	52.6022500000000	74.3880000000000	87.1940000000000	100	50	0	0	0	0	0	0	0	0	0	0	0	0	0	0	0	0	0	0	0
0	0	0	0	0	0	0	0	0	0	0	0	0	0	0	0	0	0	0	0	0	0	0	0	50	100	100	100	100	100	100	100	67.3470000000000	34.6940000000000	22.3470000000000	10	10	10	10	10	10	10	10	10	9.53500000000000	9.07000000000000	9.53500000000000	10	54.6940000000000	99.3880000000000	54.6940000000000	10	22.3470000000000	34.6940000000000	67.3470000000000	100	100	100	100	100	100	100	74.9435000000000	49.8870000000000	24.9435000000000	0	0	0	47.6190000000000	95.2380000000000	95.2380000000000	95.2380000000000	97.6190000000000	100	100	100	100	100	56.8025000000000	13.6050000000000	6.80250000000000	0	47.6190000000000	95.2380000000000	97.6190000000000	100	55	10	10	10	10	10	10	10	10	10	10	10	10	10	10	10	28.3675000000000	46.7350000000000	73.3675000000000	100	100	100	50	0	0	0	0	0	0	0	0	0	0	0	0	0	0	0	0	0	0	0
0	0	0	0	0	0	0	0	0	0	0	0	0	0	0	0	0	0	0	0	0	0	0	0	39.2857500000000	78.5715000000000	89.2857500000000	100	100	100	77.5000000000000	55	38.6735000000000	22.3470000000000	16.1735000000000	10	10	10	10	10	10	10	10	10	9.76750000000000	9.53500000000000	9.76750000000000	10	54.8470000000000	99.6940000000000	54.8470000000000	10	16.1735000000000	22.3470000000000	61.1735000000000	100	100	100	100	100	100	100	87.4717500000000	74.9435000000000	37.4717500000000	0	25	50	73.8095000000000	97.6190000000000	97.6190000000000	97.6190000000000	98.8095000000000	100	100	100	100	100	78.4012500000000	56.8025000000000	53.4012500000000	50	73.8095000000000	97.6190000000000	76.3095000000000	55	32.5000000000000	10	10	10	10	10	10	10	10	10	10	10	10	10	32.5000000000000	55	64.1837500000000	73.3675000000000	86.6837500000000	100	100	100	50	0	0	0	0	0	0	0	0	0	0	0	0	0	0	0	0	0	0	0
0	0	0	0	0	0	0	0	0	0	0	0	0	0	0	0	0	0	0	0	0	0	0	0	28.5715000000000	57.1430000000000	78.5715000000000	100	100	100	55	10	10	10	10	10	10	10	10	10	10	10	10	10	10	10	10	10	55	100	55	10	10	10	55	100	100	100	100	100	100	100	100	100	50	0	50	100	100	100	100	100	100	100	100	100	100	100	100	100	100	100	100	100	55	10	10	10	10	10	10	10	10	10	10	10	10	10	10	10	55	100	100	100	100	100	100	100	50	0	0	0	0	0	0	0	0	0	0	0	0	0	0	0	0	0	0	0
0	0	0	0	0	0	0	0	0	0	0	0	0	0	0	0	0	0	0	0	0	0	0	0	14.2857500000000	28.5715000000000	63.8322500000000	99.0930000000000	99.5465000000000	100	55.3060000000000	10.6120000000000	11.1222500000000	11.6325000000000	33.3162500000000	55	32.5000000000000	10	10	10	10	10	10	10	10	10	10	10	35.7142500000000	61.4285000000000	53.9285000000000	46.4285000000000	28.2142500000000	10	32.5000000000000	55	77.5000000000000	100	100	100	100	100	100	100	75	50	75	100	100	100	100	100	100	100	100	100	82.6530000000000	65.3060000000000	60.1530000000000	55	55	55	55	55	32.5000000000000	10	10	10	10	10	10	10	10	10	10	10	10.3060000000000	10.6120000000000	32.8060000000000	55	77.5000000000000	100	100	100	100	100	100	100	50	0	0	0	0	0	0	0	0	0	0	0	0	0	0	0	0	0	0	0
0	0	0	0	0	0	0	0	0	0	0	0	0	0	0	0	0	0	0	0	0	0	0	0	0	0	49.0930000000000	98.1860000000000	99.0930000000000	100	55.6120000000000	11.2240000000000	12.2445000000000	13.2650000000000	56.6325000000000	100	55	10	10	10	10	10	10	10	10	10	10	10	16.4285000000000	22.8570000000000	52.8570000000000	82.8570000000000	46.4285000000000	10	10	10	55	100	100	100	100	100	100	100	100	100	100	100	100	100	100	100	100	100	100	100	65.3060000000000	30.6120000000000	20.3060000000000	10	10	10	10	10	10	10	10	10	10	10	10	10	10	10	10	10	10.6120000000000	11.2240000000000	55.6120000000000	100	100	100	100	100	100	100	100	100	50	0	0	0	0	0	0	0	0	0	0	0	0	0	0	0	0	0	0	0
0	0	0	0	0	0	0	0	0	0	0	0	0	0	0	0	0	0	0	0	0	0	0	0	0	0	24.5465000000000	49.0930000000000	74.5465000000000	100	77.8060000000000	55.6120000000000	56.1222500000000	56.6325000000000	78.3162500000000	100	58.2142500000000	16.4285000000000	13.2142500000000	10	10	10	10	10	10	10	10	10	16.4285000000000	22.8570000000000	57.1427500000000	91.4285000000000	50.7142500000000	10	10	10	32.5000000000000	55	77.5000000000000	100	100	100	100	100	100	100	100	100	100	100	100	100	100	100	100	100	82.6530000000000	65.3060000000000	60.1530000000000	55	34.6427500000000	14.2855000000000	12.2447500000000	10.2040000000000	10.1020000000000	10	10	10	10	10	10	10	10	10	10	10	32.8060000000000	55.6120000000000	77.8060000000000	100	100	100	100	100	100	100	85.7710000000000	71.5420000000000	35.7710000000000	0	0	0	0	0	0	0	0	0	0	0	0	0	0	0	0	0	0	0
0	0	0	0	0	0	0	0	0	0	0	0	0	0	0	0	0	0	0	0	0	0	0	0	0	0	0	0	50	100	100	100	100	100	100	100	61.4285000000000	22.8570000000000	16.4285000000000	10	10	10	10	10	10	10	10	10	16.4285000000000	22.8570000000000	61.4285000000000	100	55	10	10	10	10	10	55	100	100	100	100	100	100	100	100	100	100	100	100	100	100	100	100	100	100	100	100	100	59.2855000000000	18.5710000000000	14.4895000000000	10.4080000000000	10.2040000000000	10	10	10	10	10	10	10	10	10	10	10	55	100	100	100	100	100	100	100	100	100	71.5420000000000	43.0840000000000	21.5420000000000	0	0	0	0	0	0	0	0	0	0	0	0	0	0	0	0	0	0	0
0	0	0	0	0	0	0	0	0	0	0	0	0	0	0	0	0	0	0	0	0	0	0	0	0	0	0	0	50	100	100	100	100	100	100	100	58.2142500000000	16.4285000000000	13.2142500000000	10	10	10	10	10	10	10	10	10	13.2142500000000	16.4285000000000	58.2142500000000	100	55	10	10	10	10	10	43.0612500000000	76.1225000000000	88.0612500000000	100	100	100	100	100	100	100	100	100	100	100	100	100	100	100	100	100	100	100	76.4285000000000	52.8570000000000	31.5305000000000	10.2040000000000	10.1020000000000	10	10	10	10	10	10	10	10	10	10	10	38.0102500000000	66.0205000000000	83.0102500000000	100	100	100	100	100	100	100	60.7710000000000	21.5420000000000	10.7710000000000	0	0	0	0	0	0	0	0	0	0	0	0	0	0	0	0	0	0	0
0	0	0	0	0	0	0	0	0	0	0	0	0	0	0	0	0	0	0	0	0	0	0	0	0	0	0	0	50	100	100	100	100	100	100	100	55	10	10	10	10	10	10	10	10	10	10	10	10	10	55	100	55	10	10	10	10	10	31.1225000000000	52.2450000000000	76.1225000000000	100	100	100	100	100	100	100	100	100	100	100	100	100	100	100	100	100	100	100	93.5715000000000	87.1430000000000	48.5715000000000	10	10	10	10	10	10	10	10	10	10	10	10	10	21.0205000000000	32.0410000000000	66.0205000000000	100	100	100	100	100	100	100	50	0	0	0	0	0	0	0	0	0	0	0	0	0	0	0	0	0	0	0	0	0
0	0	0	0	0	0	0	0	0	0	0	0	0	0	0	0	0	0	0	0	0	0	0	0	0	0	0	0	41.6667500000000	83.3335000000000	91.6667500000000	100	100	100	77.5000000000000	55	32.5000000000000	10	30.7652500000000	51.5305000000000	53.2652500000000	55	32.5000000000000	10	10	10	10	10	10	10	55	100	77.5000000000000	55	33.7245000000000	12.4490000000000	21.5817500000000	30.7145000000000	53.4185000000000	76.1225000000000	88.0612500000000	100	100	100	100	100	100	100	100	100	100	100	100	100	100	100	77.5000000000000	55	55	55	51.7857500000000	48.5715000000000	29.2857500000000	10	10	10	10	10	14.2857500000000	18.5715000000000	17.9592500000000	17.3470000000000	13.6735000000000	10	10	10	15.5102500000000	21.0205000000000	44.0817500000000	67.1430000000000	83.5715000000000	100	100	100	97.7325000000000	95.4650000000000	47.7325000000000	0	0	0	0	0	0	0	0	0	0	0	0	0	0	0	0	0	0	0	0	0
0	0	0	0	0	0	0	0	0	0	0	0	0	0	0	0	0	0	0	0	0	0	0	0	0	0	0	0	33.3335000000000	66.6670000000000	83.3335000000000	100	100	100	55	10	10	10	51.5305000000000	93.0610000000000	96.5305000000000	100	55	10	10	10	10	10	10	10	55	100	100	100	57.4490000000000	14.8980000000000	33.1635000000000	51.4290000000000	75.7145000000000	100	100	100	100	100	100	100	100	100	100	100	100	100	100	100	100	100	55	10	10	10	10	10	10	10	10	10	10	10	18.5715000000000	27.1430000000000	25.9185000000000	24.6940000000000	17.3470000000000	10	10	10	10	10	22.1430000000000	34.2860000000000	67.1430000000000	100	100	100	95.4650000000000	90.9300000000000	45.4650000000000	0	0	0	0	0	0	0	0	0	0	0	0	0	0	0	0	0	0	0	0	0
0	0	0	0	0	0	0	0	0	0	0	0	0	0	0	0	0	0	0	0	0	0	0	0	0	0	0	0	29.3652500000000	58.7305000000000	79.3652500000000	100	100	100	60.3572500000000	20.7145000000000	35.4082500000000	50.1020000000000	73.3162500000000	96.5305000000000	98.2652500000000	100	55	10	10	10	10	10	10	10	36.7857500000000	63.5715000000000	81.7857500000000	100	78.7245000000000	57.4490000000000	66.5817500000000	75.7145000000000	87.8572500000000	100	100	100	100	100	100	100	100	100	100	100	100	100	100	100	100	100	63.6225000000000	27.2450000000000	23.9797500000000	20.7145000000000	22.3470000000000	23.9795000000000	16.9897500000000	10	10	10	10	10	36.7857500000000	63.5715000000000	62.9592500000000	62.3470000000000	58.6735000000000	55	36.5817500000000	18.1635000000000	14.0817500000000	10	16.0715000000000	22.1430000000000	47.1430000000000	72.1430000000000	86.0715000000000	100	82.7097500000000	65.4195000000000	32.7097500000000	0	0	0	0	0	0	0	0	0	0	0	0	0	0	0	0	0	0	0	0	0
0	0	0	0	0	0	0	0	0	0	0	0	0	0	0	0	0	0	0	0	0	0	0	0	0	0	0	0	25.3970000000000	50.7940000000000	75.3970000000000	100	100	100	65.7145000000000	31.4290000000000	60.8165000000000	90.2040000000000	95.1020000000000	100	100	100	55	10	10	10	10	10	10	10	18.5715000000000	27.1430000000000	63.5715000000000	100	100	100	100	100	100	100	100	100	100	100	100	100	100	100	100	100	100	100	100	100	100	100	72.2450000000000	44.4900000000000	37.9595000000000	31.4290000000000	34.6940000000000	37.9590000000000	23.9795000000000	10	10	10	10	10	55	100	100	100	100	100	63.1635000000000	26.3270000000000	18.1635000000000	10	10	10	27.1430000000000	44.2860000000000	72.1430000000000	100	69.9545000000000	39.9090000000000	19.9545000000000	0	0	0	0	0	0	0	0	0	0	0	0	0	0	0	0	0	0	0	0	0
0	0	0	0	0	0	0	0	0	0	0	0	0	0	0	0	0	0	0	0	0	0	0	0	0	0	0	0	12.6985000000000	25.3970000000000	60.6577500000000	95.9185000000000	97.9592500000000	100	82.8572500000000	65.7145000000000	80.4082500000000	95.1020000000000	97.5510000000000	100	93.8775000000000	87.7550000000000	48.8775000000000	10	10	10	10	10	10	10	14.2857500000000	18.5715000000000	59.2857500000000	100	100	100	100	100	87.4490000000000	74.8980000000000	83.7755000000000	92.6530000000000	96.3265000000000	100	100	100	100	100	100	100	100	100	100	100	100	100	86.1225000000000	72.2450000000000	68.9797500000000	65.7145000000000	46.9897500000000	28.2650000000000	19.1325000000000	10	10	10	10.3060000000000	10.6120000000000	55.3060000000000	100	100	100	100	100	81.5817500000000	63.1635000000000	59.0817500000000	55	55	55	63.5715000000000	72.1430000000000	86.0715000000000	100	59.9772500000000	19.9545000000000	9.97725000000000	0	0	0	0	0	0	0	0	0	0	0	0	0	0	0	0	0	0	0	0	0
0	0	0	0	0	0	0	0	0	0	0	0	0	0	0	0	0	0	0	0	0	0	0	0	0	0	0	0	0	0	45.9185000000000	91.8370000000000	95.9185000000000	100	100	100	100	100	100	100	87.7550000000000	75.5100000000000	42.7550000000000	10	10	10	10	10	10	10	10	10	55	100	100	100	100	100	74.8980000000000	49.7960000000000	67.5510000000000	85.3060000000000	92.6530000000000	100	100	100	100	100	100	100	100	100	100	100	100	100	100	100	100	100	59.2855000000000	18.5710000000000	14.2855000000000	10	10	10	10.6120000000000	11.2240000000000	55.6120000000000	100	100	100	100	100	100	100	100	100	100	100	100	100	100	100	50	0	0	0	0	0	0	0	0	0	0	0	0	0	0	0	0	0	0	0	0	0	0	0
0	0	0	0	0	0	0	0	0	0	0	0	0	0	0	0	0	0	0	0	0	0	0	0	0	0	0	0	0	0	22.9592500000000	45.9185000000000	72.9592500000000	100	100	100	100	100	93.2142500000000	86.4285000000000	64.5917500000000	42.7550000000000	26.3775000000000	10	10	10	10	10	10	10	10	10	37.8572500000000	65.7145000000000	82.8572500000000	100	77.5000000000000	55	42.4490000000000	29.8980000000000	48.4182500000000	66.9385000000000	83.4692500000000	100	100	100	100	100	100	100	100	100	100	100	100	100	100	100	100	100	57.1427500000000	14.2855000000000	12.1427500000000	10	10	10	11.3775000000000	12.7550000000000	56.3775000000000	100	100	100	100	100	100	100	100	100	100	100	100	100	89.2857500000000	78.5715000000000	39.2857500000000	0	0	0	0	0	0	0	0	0	0	0	0	0	0	0	0	0	0	0	0	0	0	0
0	0	0	0	0	0	0	0	0	0	0	0	0	0	0	0	0	0	0	0	0	0	0	0	0	0	0	0	0	0	0	0	50	100	100	100	100	100	86.4285000000000	72.8570000000000	41.4285000000000	10	10	10	10	10	10	10	10	10	10	10	20.7145000000000	31.4290000000000	65.7145000000000	100	55	10	10	10	29.2855000000000	48.5710000000000	74.2855000000000	100	100	100	100	100	100	100	100	100	100	100	100	100	100	100	100	100	55	10	10	10	10	10	12.1430000000000	14.2860000000000	57.1430000000000	100	100	100	100	100	100	100	100	100	100	100	100	100	78.5715000000000	57.1430000000000	28.5715000000000	0	0	0	0	0	0	0	0	0	0	0	0	0	0	0	0	0	0	0	0	0	0	0
0	0	0	0	0	0	0	0	0	0	0	0	0	0	0	0	0	0	0	0	0	0	0	0	0	0	0	0	0	0	0	0	47.7325000000000	95.4650000000000	97.7325000000000	100	100	100	70.7142500000000	41.4285000000000	25.7142500000000	10	10	10	10	10	10	10	10	10	10	10	18.6735000000000	27.3470000000000	63.6735000000000	100	63.5715000000000	27.1430000000000	18.5715000000000	10	34.1835000000000	58.3670000000000	79.1835000000000	100	100	100	100	100	100	100	94.2857500000000	88.5715000000000	85.7142500000000	82.8570000000000	82.8570000000000	82.8570000000000	84.4897500000000	86.1225000000000	84.4897500000000	82.8570000000000	46.4285000000000	10	10	10	10	10	11.0715000000000	12.1430000000000	56.0715000000000	100	100	100	100	100	100	100	100	100	100	100	100	100	64.2857500000000	28.5715000000000	14.2857500000000	0	0	0	0	0	0	0	0	0	0	0	0	0	0	0	0	0	0	0	0	0	0	0
0	0	0	0	0	0	0	0	0	0	0	0	0	0	0	0	0	0	0	0	0	0	0	0	0	0	0	0	0	0	0	0	45.4650000000000	90.9300000000000	95.4650000000000	100	100	100	55	10	10	10	10	10	10	10	10	10	10	10	10	10	16.6325000000000	23.2650000000000	61.6325000000000	100	72.1430000000000	44.2860000000000	27.1430000000000	10	39.0815000000000	68.1630000000000	84.0815000000000	100	100	100	100	100	100	100	88.5715000000000	77.1430000000000	71.4285000000000	65.7140000000000	65.7140000000000	65.7140000000000	68.9795000000000	72.2450000000000	68.9795000000000	65.7140000000000	37.8570000000000	10	10	10	10	10	10	10	55	100	100	100	100	100	100	100	100	100	100	100	100	100	50	0	0	0	0	0	0	0	0	0	0	0	0	0	0	0	0	0	0	0	0	0	0	0	0	0
0	0	0	0	0	0	0	0	0	0	0	0	0	0	0	0	0	0	0	0	0	0	0	0	0	0	0	0	0	0	0	0	22.7325000000000	45.4650000000000	72.7325000000000	100	100	100	55	10	10	10	10	10	10	10	10	10	10	10	10	10	13.3162500000000	16.6325000000000	58.3162500000000	100	86.0715000000000	72.1430000000000	41.0715000000000	10	47.0407500000000	84.0815000000000	92.0407500000000	100	100	100	100	100	100	100	79.2857500000000	58.5715000000000	48.2142500000000	37.8570000000000	37.8570000000000	37.8570000000000	39.4897500000000	41.1225000000000	39.4897500000000	37.8570000000000	23.9285000000000	10	10	10	10	10	10	10	33.7245000000000	57.4490000000000	78.7245000000000	100	100	100	100	100	100	100	100	100	83.8435000000000	67.6870000000000	33.8435000000000	0	0	0	0	0	0	0	0	0	0	0	0	0	0	0	0	0	0	0	0	0	0	0	0	0
0	0	0	0	0	0	0	0	0	0	0	0	0	0	0	0	0	0	0	0	0	0	0	0	0	0	0	0	0	0	0	0	0	0	50	100	100	100	55	10	10	10	10	10	10	10	10	10	10	10	10	10	10	10	55	100	100	100	55	10	55	100	100	100	100	100	100	100	100	100	70	40	25	10	10	10	10	10	10	10	10	10	10	10	10	10	10	10	12.4490000000000	14.8980000000000	57.4490000000000	100	100	100	100	100	100	100	100	100	67.6870000000000	35.3740000000000	17.6870000000000	0	0	0	0	0	0	0	0	0	0	0	0	0	0	0	0	0	0	0	0	0	0	0	0	0
0	0	0	0	0	0	0	0	0	0	0	0	0	0	0	0	0	0	0	0	0	0	0	0	0	0	0	0	0	0	0	0	0	0	47.7325000000000	95.4650000000000	97.7325000000000	100	77.5000000000000	55	55	55	43.2142500000000	31.4285000000000	20.7142500000000	10	10	10	10	10	10	10	10	10	32.5000000000000	55	55	55	32.5000000000000	10	42.1427500000000	74.2855000000000	87.1427500000000	100	100	100	100	100	100	100	85	70	50.7142500000000	31.4285000000000	20.7142500000000	10	10	10	10	10	10	10	10	10	10	10	10	10	11.2245000000000	12.4490000000000	45.5102500000000	78.5715000000000	78.5715000000000	78.5715000000000	78.5715000000000	78.5715000000000	89.2857500000000	100	100	100	58.8435000000000	17.6870000000000	8.84350000000000	0	0	0	0	0	0	0	0	0	0	0	0	0	0	0	0	0	0	0	0	0	0	0	0	0
0	0	0	0	0	0	0	0	0	0	0	0	0	0	0	0	0	0	0	0	0	0	0	0	0	0	0	0	0	0	0	0	0	0	45.4650000000000	90.9300000000000	95.4650000000000	100	100	100	100	100	76.4285000000000	52.8570000000000	31.4285000000000	10	10	10	10	10	10	10	10	10	10	10	10	10	10	10	29.2855000000000	48.5710000000000	74.2855000000000	100	100	100	100	100	100	100	100	100	76.4285000000000	52.8570000000000	31.4285000000000	10	10	10	10	10	10	10	10	10	10	10	10	10	10	10	33.5715000000000	57.1430000000000	57.1430000000000	57.1430000000000	57.1430000000000	57.1430000000000	78.5715000000000	100	100	100	50	0	0	0	0	0	0	0	0	0	0	0	0	0	0	0	0	0	0	0	0	0	0	0	0	0	0	0
0	0	0	0	0	0	0	0	0	0	0	0	0	0	0	0	0	0	0	0	0	0	0	0	0	0	0	0	0	0	0	0	0	0	22.7325000000000	45.4650000000000	72.7325000000000	100	100	100	100	100	88.2142500000000	76.4285000000000	55	33.5715000000000	44.2857500000000	55	44.2857500000000	33.5715000000000	21.7857500000000	10	10	10	10	10	10	10	10	10	24.2345000000000	38.4690000000000	69.2345000000000	100	100	100	100	100	92.7040000000000	85.4080000000000	80.9182500000000	76.4285000000000	64.6427500000000	52.8570000000000	33.9795000000000	15.1020000000000	12.5510000000000	10	10	10	10	10	10	10	10	10	10	10	10	10	21.7857500000000	33.5715000000000	33.5715000000000	33.5715000000000	47.9082500000000	62.2450000000000	81.1225000000000	100	82.9365000000000	65.8730000000000	32.9365000000000	0	0	0	0	0	0	0	0	0	0	0	0	0	0	0	0	0	0	0	0	0	0	0	0	0	0	0
0	0	0	0	0	0	0	0	0	0	0	0	0	0	0	0	0	0	0	0	0	0	0	0	0	0	0	0	0	0	0	0	0	0	0	0	50	100	100	100	100	100	100	100	78.5715000000000	57.1430000000000	78.5715000000000	100	78.5715000000000	57.1430000000000	33.5715000000000	10	10	10	10	10	10	10	10	10	19.1835000000000	28.3670000000000	64.1835000000000	100	100	100	100	100	85.4080000000000	70.8160000000000	61.8365000000000	52.8570000000000	52.8570000000000	52.8570000000000	36.5305000000000	20.2040000000000	15.1020000000000	10	10	10	10	10	10	10	10	10	10	10	10	10	10	10	10	10	38.6735000000000	67.3470000000000	83.6735000000000	100	65.8730000000000	31.7460000000000	15.8730000000000	0	0	0	0	0	0	0	0	0	0	0	0	0	0	0	0	0	0	0	0	0	0	0	0	0	0	0
0	0	0	0	0	0	0	0	0	0	0	0	0	0	0	0	0	0	0	0	0	0	0	0	0	0	0	0	0	0	0	0	0	0	0	0	34.1837500000000	68.3675000000000	84.1837500000000	100	100	100	100	100	89.2857500000000	78.5715000000000	89.2857500000000	100	89.2857500000000	78.5715000000000	44.2857500000000	10	10	10	10	10	10	10	10	10	24.2345000000000	38.4690000000000	69.2345000000000	100	100	100	100	100	86.7345000000000	73.4690000000000	52.4487500000000	31.4285000000000	31.4285000000000	31.4285000000000	23.2652500000000	15.1020000000000	33.2142500000000	51.3265000000000	30.6632500000000	10	10	10	10	10	10	10	10	10	23.7755000000000	37.5510000000000	46.2755000000000	55	55	55	69.3367500000000	83.6735000000000	91.8367500000000	100	57.9365000000000	15.8730000000000	7.93650000000000	0	0	0	0	0	0	0	0	0	0	0	0	0	0	0	0	0	0	0	0	0	0	0	0	0	0	0
0	0	0	0	0	0	0	0	0	0	0	0	0	0	0	0	0	0	0	0	0	0	0	0	0	0	0	0	0	0	0	0	0	0	0	0	18.3675000000000	36.7350000000000	68.3675000000000	100	100	100	100	100	100	100	100	100	100	100	55	10	10	10	10	10	10	10	10	10	29.2855000000000	48.5710000000000	74.2855000000000	100	100	100	100	100	88.0610000000000	76.1220000000000	43.0610000000000	10	10	10	10	10	51.3265000000000	92.6530000000000	51.3265000000000	10	10	10	10	10	10	10	10	10	37.5510000000000	65.1020000000000	82.5510000000000	100	100	100	100	100	100	100	50	0	0	0	0	0	0	0	0	0	0	0	0	0	0	0	0	0	0	0	0	0	0	0	0	0	0	0	0	0
0	0	0	0	0	0	0	0	0	0	0	0	0	0	0	0	0	0	0	0	0	0	0	0	0	0	0	0	0	0	0	0	0	0	0	0	9.18375000000000	18.3675000000000	42.8005000000000	67.2335000000000	83.6167500000000	100	100	100	100	100	100	100	98.0102500000000	96.0205000000000	53.0102500000000	10	10	10	10	10	10	10	10	10	37.2447500000000	64.4895000000000	82.2447500000000	100	100	100	100	100	94.0305000000000	88.0610000000000	71.5305000000000	55	55	55	55	55	75.6632500000000	96.3265000000000	53.1632500000000	10	10	10	10	10	10	10	11.0715000000000	12.1430000000000	47.3470000000000	82.5510000000000	91.2755000000000	100	100	100	100	100	75	50	25	0	0	0	0	0	0	0	0	0	0	0	0	0	0	0	0	0	0	0	0	0	0	0	0	0	0	0	0	0
0	0	0	0	0	0	0	0	0	0	0	0	0	0	0	0	0	0	0	0	0	0	0	0	0	0	0	0	0	0	0	0	0	0	0	0	0	0	17.2335000000000	34.4670000000000	67.2335000000000	100	100	100	100	100	100	100	96.0205000000000	92.0410000000000	51.0205000000000	10	10	10	10	10	10	10	10	10	45.2040000000000	80.4080000000000	90.2040000000000	100	100	100	100	100	100	100	100	100	100	100	100	100	100	100	55	10	10	10	10	10	10	10	12.1430000000000	14.2860000000000	57.1430000000000	100	100	100	100	100	100	100	50	0	0	0	0	0	0	0	0	0	0	0	0	0	0	0	0	0	0	0	0	0	0	0	0	0	0	0	0	0	0	0
0	0	0	0	0	0	0	0	0	0	0	0	0	0	0	0	0	0	0	0	0	0	0	0	0	0	0	0	0	0	0	0	0	0	0	0	0	0	8.61675000000000	17.2335000000000	58.6167500000000	100	100	100	99.2857500000000	98.5715000000000	83.5715000000000	68.5715000000000	59.7960000000000	51.0205000000000	30.5102500000000	10	10	10	10	10	10	10	10	10	50.1020000000000	90.2040000000000	95.1020000000000	100	100	100	100	100	100	100	100	100	100	100	100	100	78.9285000000000	57.8570000000000	33.9285000000000	10	10	10	10	10	10	10	33.5715000000000	57.1430000000000	78.5715000000000	100	100	100	100	100	81.3492500000000	62.6985000000000	31.3492500000000	0	0	0	0	0	0	0	0	0	0	0	0	0	0	0	0	0	0	0	0	0	0	0	0	0	0	0	0	0	0	0
0	0	0	0	0	0	0	0	0	0	0	0	0	0	0	0	0	0	0	0	0	0	0	0	0	0	0	0	0	0	0	0	0	0	0	0	0	0	0	0	50	100	100	100	98.5715000000000	97.1430000000000	67.1430000000000	37.1430000000000	23.5715000000000	10	10	10	10	10	10	10	10	10	10	10	55	100	100	100	100	100	100	100	100	100	100	100	100	100	100	100	57.8570000000000	15.7140000000000	12.8570000000000	10	10	10	10	10	10	10	55	100	100	100	100	100	100	100	62.6985000000000	25.3970000000000	12.6985000000000	0	0	0	0	0	0	0	0	0	0	0	0	0	0	0	0	0	0	0	0	0	0	0	0	0	0	0	0	0	0	0
0	0	0	0	0	0	0	0	0	0	0	0	0	0	0	0	0	0	0	0	0	0	0	0	0	0	0	0	0	0	0	0	0	0	0	0	0	0	0	0	31.8027500000000	63.6055000000000	81.8027500000000	100	76.7857500000000	53.5715000000000	38.5715000000000	23.5715000000000	16.7857500000000	10	10	10	10	10	32.5000000000000	55	52.8572500000000	50.7145000000000	30.3572500000000	10	55	100	100	100	100	100	100	100	100	100	100	100	83.9285000000000	67.8570000000000	62.9590000000000	58.0610000000000	35.4590000000000	12.8570000000000	33.0102500000000	53.1635000000000	54.0817500000000	55	55	55	32.5000000000000	10	55	100	100	100	100	100	80.7822500000000	61.5645000000000	37.1315000000000	12.6985000000000	6.34925000000000	0	0	0	0	0	0	0	0	0	0	0	0	0	0	0	0	0	0	0	0	0	0	0	0	0	0	0	0	0	0	0
0	0	0	0	0	0	0	0	0	0	0	0	0	0	0	0	0	0	0	0	0	0	0	0	0	0	0	0	0	0	0	0	0	0	0	0	0	0	0	0	13.6055000000000	27.2110000000000	63.6055000000000	100	55	10	10	10	10	10	10	10	10	10	55	100	95.7145000000000	91.4290000000000	50.7145000000000	10	55	100	100	100	100	100	100	100	100	100	100	100	67.8570000000000	35.7140000000000	25.9180000000000	16.1220000000000	13.0610000000000	10	53.1635000000000	96.3270000000000	98.1635000000000	100	100	100	55	10	55	100	100	100	100	100	61.5645000000000	23.1290000000000	11.5645000000000	0	0	0	0	0	0	0	0	0	0	0	0	0	0	0	0	0	0	0	0	0	0	0	0	0	0	0	0	0	0	0	0	0
0	0	0	0	0	0	0	0	0	0	0	0	0	0	0	0	0	0	0	0	0	0	0	0	0	0	0	0	0	0	0	0	0	0	0	0	0	0	0	0	6.80275000000000	13.6055000000000	56.8027500000000	100	77.5000000000000	55	55	55	32.5000000000000	10	10	10	10	10	55	100	97.8572500000000	95.7145000000000	70	44.2855000000000	72.1427500000000	100	100	100	100	100	100	100	89.3877500000000	78.7755000000000	66.8877500000000	55	38.9285000000000	22.8570000000000	17.9590000000000	13.0610000000000	29.7447500000000	46.4285000000000	72.2960000000000	98.1635000000000	99.0817500000000	100	100	100	72.1427500000000	44.2855000000000	72.1427500000000	100	100	100	80.1020000000000	60.2040000000000	35.8842500000000	11.5645000000000	5.78225000000000	0	0	0	0	0	0	0	0	0	0	0	0	0	0	0	0	0	0	0	0	0	0	0	0	0	0	0	0	0	0	0	0	0
0	0	0	0	0	0	0	0	0	0	0	0	0	0	0	0	0	0	0	0	0	0	0	0	0	0	0	0	0	0	0	0	0	0	0	0	0	0	0	0	0	0	50	100	100	100	100	100	55	10	10	10	10	10	55	100	100	100	89.2855000000000	78.5710000000000	89.2855000000000	100	100	100	100	100	100	100	78.7755000000000	57.5510000000000	33.7755000000000	10	10	10	10	10	46.4285000000000	82.8570000000000	91.4285000000000	100	100	100	100	100	89.2855000000000	78.5710000000000	89.2855000000000	100	100	100	60.2040000000000	20.4080000000000	10.2040000000000	0	0	0	0	0	0	0	0	0	0	0	0	0	0	0	0	0	0	0	0	0	0	0	0	0	0	0	0	0	0	0	0	0	0	0
0	0	0	0	0	0	0	0	0	0	0	0	0	0	0	0	0	0	0	0	0	0	0	0	0	0	0	0	0	0	0	0	0	0	0	0	0	0	0	0	0	0	25	50	75	100	100	100	77.5000000000000	55	47.2450000000000	39.4900000000000	24.7450000000000	10	55	100	100	100	94.6427500000000	89.2855000000000	94.6427500000000	100	88.0952500000000	76.1905000000000	76.1905000000000	76.1905000000000	88.0952500000000	100	89.3877500000000	78.7755000000000	50.4592500000000	22.1430000000000	16.0715000000000	10	10	10	46.4285000000000	82.8570000000000	91.4285000000000	100	100	100	100	100	94.6427500000000	89.2855000000000	94.6427500000000	100	98.0725000000000	96.1450000000000	53.1745000000000	10.2040000000000	5.10200000000000	0	0	0	0	0	0	0	0	0	0	0	0	0	0	0	0	0	0	0	0	0	0	0	0	0	0	0	0	0	0	0	0	0	0	0
0	0	0	0	0	0	0	0	0	0	0	0	0	0	0	0	0	0	0	0	0	0	0	0	0	0	0	0	0	0	0	0	0	0	0	0	0	0	0	0	0	0	0	0	50	100	100	100	100	100	84.4900000000000	68.9800000000000	39.4900000000000	10	55	100	100	100	100	100	100	100	76.1905000000000	52.3810000000000	52.3810000000000	52.3810000000000	76.1905000000000	100	100	100	67.1430000000000	34.2860000000000	22.1430000000000	10	10	10	46.4285000000000	82.8570000000000	91.4285000000000	100	100	100	100	100	100	100	100	100	96.1450000000000	92.2900000000000	46.1450000000000	0	0	0	0	0	0	0	0	0	0	0	0	0	0	0	0	0	0	0	0	0	0	0	0	0	0	0	0	0	0	0	0	0	0	0	0	0
0	0	0	0	0	0	0	0	0	0	0	0	0	0	0	0	0	0	0	0	0	0	0	0	0	0	0	0	0	0	0	0	0	0	0	0	0	0	0	0	0	0	0	0	25.1700000000000	50.3400000000000	75.1700000000000	100	100	100	92.2450000000000	84.4900000000000	69.7450000000000	55	77.5000000000000	100	100	100	100	100	100	100	63.0952500000000	26.1905000000000	28.0612500000000	29.9320000000000	64.9660000000000	100	100	100	83.5715000000000	67.1430000000000	58.7755000000000	50.4080000000000	30.2040000000000	10	50.7142500000000	91.4285000000000	95.7142500000000	100	100	100	100	100	100	100	78.4012500000000	56.8025000000000	51.4737500000000	46.1450000000000	23.0725000000000	0	0	0	0	0	0	0	0	0	0	0	0	0	0	0	0	0	0	0	0	0	0	0	0	0	0	0	0	0	0	0	0	0	0	0	0	0
0	0	0	0	0	0	0	0	0	0	0	0	0	0	0	0	0	0	0	0	0	0	0	0	0	0	0	0	0	0	0	0	0	0	0	0	0	0	0	0	0	0	0	0	0.340000000000000	0.680000000000000	50.3400000000000	100	100	100	100	100	100	100	100	100	100	100	100	100	100	100	50	0	3.74150000000000	7.48300000000000	53.7415000000000	100	100	100	100	100	95.4080000000000	90.8160000000000	50.4080000000000	10	55	100	100	100	100	100	100	100	100	100	56.8025000000000	13.6050000000000	6.80250000000000	0	0	0	0	0	0	0	0	0	0	0	0	0	0	0	0	0	0	0	0	0	0	0	0	0	0	0	0	0	0	0	0	0	0	0	0	0	0	0
0	0	0	0	0	0	0	0	0	0	0	0	0	0	0	0	0	0	0	0	0	0	0	0	0	0	0	0	0	0	0	0	0	0	0	0	0	0	0	0	0	0	0	0	0.170000000000000	0.340000000000000	25.1700000000000	50	52.3810000000000	54.7620000000000	77.3810000000000	100	100	100	100	100	100	100	100	100	100	100	50	0	1.87075000000000	3.74150000000000	51.8707500000000	100	100	100	100	100	97.7040000000000	95.4080000000000	75.2040000000000	55	77.5000000000000	100	100	100	100	100	100	100	75	50	28.4012500000000	6.80250000000000	3.40125000000000	0	0	0	0	0	0	0	0	0	0	0	0	0	0	0	0	0	0	0	0	0	0	0	0	0	0	0	0	0	0	0	0	0	0	0	0	0	0	0
0	0	0	0	0	0	0	0	0	0	0	0	0	0	0	0	0	0	0	0	0	0	0	0	0	0	0	0	0	0	0	0	0	0	0	0	0	0	0	0	0	0	0	0	0	0	0	0	4.76200000000000	9.52400000000000	54.7620000000000	100	100	100	100	100	100	100	100	100	100	100	50	0	0	0	50	100	100	100	100	100	100	100	100	100	100	100	100	100	100	100	100	100	50	0	0	0	0	0	0	0	0	0	0	0	0	0	0	0	0	0	0	0	0	0	0	0	0	0	0	0	0	0	0	0	0	0	0	0	0	0	0	0	0	0	0	0
0	0	0	0	0	0	0	0	0	0	0	0	0	0	0	0	0	0	0	0	0	0	0	0	0	0	0	0	0	0	0	0	0	0	0	0	0	0	0	0	0	0	0	0	0	0	0	0	2.38100000000000	4.76200000000000	27.3810000000000	50	51.1905000000000	52.3810000000000	59.1837500000000	65.9865000000000	82.9932500000000	100	90.9297500000000	81.8595000000000	66.6100000000000	51.3605000000000	25.6802500000000	0	0	0	39.2857500000000	78.5715000000000	89.2857500000000	100	100	100	100	100	100	100	100	100	76.1905000000000	52.3810000000000	51.1905000000000	50	50	50	25	0	0	0	0	0	0	0	0	0	0	0	0	0	0	0	0	0	0	0	0	0	0	0	0	0	0	0	0	0	0	0	0	0	0	0	0	0	0	0	0	0	0	0
0	0	0	0	0	0	0	0	0	0	0	0	0	0	0	0	0	0	0	0	0	0	0	0	0	0	0	0	0	0	0	0	0	0	0	0	0	0	0	0	0	0	0	0	0	0	0	0	0	0	0	0	2.38100000000000	4.76200000000000	18.3675000000000	31.9730000000000	65.9865000000000	100	81.8595000000000	63.7190000000000	33.2200000000000	2.72100000000000	1.36050000000000	0	0	0	28.5715000000000	57.1430000000000	78.5715000000000	100	100	100	100	100	100	100	100	100	52.3810000000000	4.76200000000000	2.38100000000000	0	0	0	0	0	0	0	0	0	0	0	0	0	0	0	0	0	0	0	0	0	0	0	0	0	0	0	0	0	0	0	0	0	0	0	0	0	0	0	0	0	0	0	0	0	0	0
0	0	0	0	0	0	0	0	0	0	0	0	0	0	0	0	0	0	0	0	0	0	0	0	0	0	0	0	0	0	0	0	0	0	0	0	0	0	0	0	0	0	0	0	0	0	0	0	0	0	0	0	1.19050000000000	2.38100000000000	9.18375000000000	15.9865000000000	32.9932500000000	50	40.9297500000000	31.8595000000000	16.6100000000000	1.36050000000000	0.680250000000000	0	0	0	14.2857500000000	28.5715000000000	39.2857500000000	50	50	50	50	50	50	50	50	50	26.1905000000000	2.38100000000000	1.19050000000000	0	0	0	0	0	0	0	0	0	0	0	0	0	0	0	0	0	0	0	0	0	0	0	0	0	0	0	0	0	0	0	0	0	0	0	0	0	0	0	0	0	0	0	0	0	0	0
0	0	0	0	0	0	0	0	0	0	0	0	0	0	0	0	0	0	0	0	0	0	0	0	0	0	0	0	0	0	0	0	0	0	0	0	0	0	0	0	0	0	0	0	0	0	0	0	0	0	0	0	0	0	0	0	0	0	0	0	0	0	0	0	0	0	0	0	0	0	0	0	0	0	0	0	0	0	0	0	0	0	0	0	0	0	0	0	0	0	0	0	0	0	0	0	0	0	0	0	0	0	0	0	0	0	0	0	0	0	0	0	0	0	0	0	0	0	0	0	0	0	0	0	0	0	0	0