0	0	0	0	0	0	0	0	0	0	0	0	0	0	0	0	0	0	0	0	0	0	0	0	0	0	0	0	0	0	0	0	0	0	0	0	0	0	0	0	0	0	0	0	0	0	0	0	0	0	0	0	0	0	0	0	0	0	0	0	0	0	0	0	0	0	0	0	0	0	0	0	0	0	0	0	0	0	0	0	0	0	0	0	0	0	0	0	0	0	0	0	0	0	0	0	0	0	0	0	0	0	0	0	0	0	0	0	0	0	0	0	0	0	0	0	0	0	0	0	0	0	0	0	0	0	0	0
0	0	0	0	0	0	0	0	0	0	0	0	0	0	0	0	0	0	0	0	0	0	0	0	0	0	0	0	0	0	0	0	0	0	0	0	0	0	0	0	0	0	0	0	0	0	0	0	0	0	0	0	0	0	0	0	0	0	0	0	0	0	0	0	0	0	0	0	0	0	0	0	0	0	0	0	0	0	0	0	0	0	0	0	0	0	0	0	0	0	0	0	0	0	0	0	0	0	0	0	0	0	0	0	0	0	0	0	0	0	0	0	0	0	0	0	0	0	0	0	0	0	0	0	0	0	0	0
0	0	0	0	0	0	0	0	0	0	0	0	0	0	0	0	0	0	0	0	0	0	0	0	0	0	0	0	0	0	0	0	0	0	0	0	0	0	0	0	0	0	0	0	0	0	0	0	0	0	0.226750000000000	0.453500000000000	1.41725000000000	2.38100000000000	2.38100000000000	2.38100000000000	26.1905000000000	50	50	50	50	50	25.6235000000000	1.24700000000000	0.623500000000000	0	0	0	1.19050000000000	2.38100000000000	26.1905000000000	50	50	50	50	50	26.1905000000000	2.38100000000000	1.19050000000000	0	0	0	0	0	0	0	0	0	0	0	0	0	0	0	0	0	0	0	0	0	0	0	0	0	0	0	0	0	0	0	0	0	0	0	0	0	0	0	0	0	0	0	0	0	0	0	0	0
0	0	0	0	0	0	0	0	0	0	0	0	0	0	0	0	0	0	0	0	0	0	0	0	0	0	0	0	0	0	0	0	0	0	0	0	0	0	0	0	0	0	0	0	0	0	0	0	0	0	0.453500000000000	0.907000000000000	2.83450000000000	4.76200000000000	4.76200000000000	4.76200000000000	52.3810000000000	100	100	100	100	100	51.2470000000000	2.49400000000000	1.24700000000000	0	0	0	2.38100000000000	4.76200000000000	52.3810000000000	100	100	100	100	100	52.3810000000000	4.76200000000000	2.38100000000000	0	0	0	0	0	0	0	0	0	0	0	0	0	0	0	0	0	0	0	0	0	0	0	0	0	0	0	0	0	0	0	0	0	0	0	0	0	0	0	0	0	0	0	0	0	0	0	0	0
0	0	0	0	0	0	0	0	0	0	0	0	0	0	0	0	0	0	0	0	0	0	0	0	0	0	0	0	0	0	0	0	0	0	0	0	0	0	0	0	0	0	0	0	2.38100000000000	4.76200000000000	27.3810000000000	50	50	50	50.2267500000000	50.4535000000000	51.4172500000000	52.3810000000000	52.3810000000000	52.3810000000000	76.1905000000000	100	100	100	100	100	75.6235000000000	51.2470000000000	26.7572500000000	2.26750000000000	2.49425000000000	2.72100000000000	27.5510000000000	52.3810000000000	76.1905000000000	100	100	100	100	100	76.1905000000000	52.3810000000000	51.1905000000000	50	29.5352500000000	9.07050000000000	4.64875000000000	0.227000000000000	0.113500000000000	0	0	0	0	0	0	0	0	0	0	0	0	0	0	0	0	0	0	0	0	0	0	0	0	0	0	0	0	0	0	0	0	0	0	0	0	0	0	0	0	0	0	0
0	0	0	0	0	0	0	0	0	0	0	0	0	0	0	0	0	0	0	0	0	0	0	0	0	0	0	0	0	0	0	0	0	0	0	0	0	0	0	0	0	0	0	0	4.76200000000000	9.52400000000000	54.7620000000000	100	100	100	100	100	100	100	100	100	100	100	100	100	100	100	100	100	52.2675000000000	4.53500000000000	4.98850000000000	5.44200000000000	52.7210000000000	100	100	100	100	100	100	100	100	100	100	100	59.0705000000000	18.1410000000000	9.29750000000000	0.454000000000000	0.227000000000000	0	0	0	0	0	0	0	0	0	0	0	0	0	0	0	0	0	0	0	0	0	0	0	0	0	0	0	0	0	0	0	0	0	0	0	0	0	0	0	0	0	0	0
0	0	0	0	0	0	0	0	0	0	0	0	0	0	0	0	0	0	0	0	0	0	0	0	0	0	0	0	0	0	0	0	0	0	0	0	0	0	0	0	0	0	0	0	27.3810000000000	54.7620000000000	77.3810000000000	100	100	100	100	100	100	100	100	100	97.8572500000000	95.7145000000000	97.8572500000000	100	100	100	100	100	76.1337500000000	52.2675000000000	52.4942500000000	52.7210000000000	76.3605000000000	100	100	100	97.7040000000000	95.4080000000000	89.8980000000000	84.3880000000000	92.1940000000000	100	100	100	79.5352500000000	59.0705000000000	54.6487500000000	50.2270000000000	28.6850000000000	7.14300000000000	3.57150000000000	0	0	0	0	0	0	0	0	0	0	0	0	0	0	0	0	0	0	0	0	0	0	0	0	0	0	0	0	0	0	0	0	0	0	0	0	0	0	0	0	0
0	0	0	0	0	0	0	0	0	0	0	0	0	0	0	0	0	0	0	0	0	0	0	0	0	0	0	0	0	0	0	0	0	0	0	0	0	0	0	0	0	0	0	0	50	100	100	100	100	100	100	100	100	100	100	100	95.7145000000000	91.4290000000000	95.7145000000000	100	100	100	100	100	100	100	100	100	100	100	100	100	95.4080000000000	90.8160000000000	79.7960000000000	68.7760000000000	84.3880000000000	100	100	100	100	100	100	100	57.1430000000000	14.2860000000000	7.14300000000000	0	0	0	0	0	0	0	0	0	0	0	0	0	0	0	0	0	0	0	0	0	0	0	0	0	0	0	0	0	0	0	0	0	0	0	0	0	0	0	0	0
0	0	0	0	0	0	0	0	0	0	0	0	0	0	0	0	0	0	0	0	0	0	0	0	0	0	0	0	0	0	0	0	0	0	0	0	0	0	0	0	0	0	25	50	75	100	100	100	95.7142500000000	91.4285000000000	92.2447500000000	93.0610000000000	96.5305000000000	100	93.5715000000000	87.1430000000000	68.9287500000000	50.7145000000000	75.3572500000000	100	100	100	100	100	100	100	100	100	100	100	100	100	81.6325000000000	63.2650000000000	51.3265000000000	39.3880000000000	47.1940000000000	55	77.5000000000000	100	100	100	100	100	78.5715000000000	57.1430000000000	53.5715000000000	50	48.0725000000000	46.1450000000000	23.0725000000000	0	0	0	0	0	0	0	0	0	0	0	0	0	0	0	0	0	0	0	0	0	0	0	0	0	0	0	0	0	0	0	0	0	0	0	0	0
0	0	0	0	0	0	0	0	0	0	0	0	0	0	0	0	0	0	0	0	0	0	0	0	0	0	0	0	0	0	0	0	0	0	0	0	0	0	0	0	0	0	50	100	100	100	100	100	91.4285000000000	82.8570000000000	84.4895000000000	86.1220000000000	93.0610000000000	100	87.1430000000000	74.2860000000000	42.1430000000000	10	55	100	100	100	100	100	100	100	100	100	100	100	100	100	67.8570000000000	35.7140000000000	22.8570000000000	10	10	10	55	100	100	100	100	100	100	100	100	100	96.1450000000000	92.2900000000000	46.1450000000000	0	0	0	0	0	0	0	0	0	0	0	0	0	0	0	0	0	0	0	0	0	0	0	0	0	0	0	0	0	0	0	0	0	0	0	0	0
0	0	0	0	0	0	0	0	0	0	0	0	0	0	0	0	0	0	0	0	0	0	0	0	0	0	0	0	0	0	0	0	0	0	0	0	0	0	5.38550000000000	10.7710000000000	30.3855000000000	50	75	100	100	100	100	100	73.2142500000000	46.4285000000000	47.2447500000000	48.0610000000000	74.0305000000000	100	71.0715000000000	42.1430000000000	26.0715000000000	10	55	100	100	100	100	100	100	100	100	100	100	100	100	100	83.9285000000000	67.8570000000000	38.9285000000000	10	10	10	55	100	100	100	100	100	100	100	100	100	98.0725000000000	96.1450000000000	73.0725000000000	50	29.8185000000000	9.63700000000000	4.81850000000000	0	0	0	0	0	0	0	0	0	0	0	0	0	0	0	0	0	0	0	0	0	0	0	0	0	0	0	0	0	0	0	0	0
0	0	0	0	0	0	0	0	0	0	0	0	0	0	0	0	0	0	0	0	0	0	0	0	0	0	0	0	0	0	0	0	0	0	0	0	0	0	10.7710000000000	21.5420000000000	60.7710000000000	100	100	100	100	100	100	100	55	10	10	10	55	100	55	10	10	10	55	100	100	100	100	100	100	100	100	100	100	100	100	100	100	100	55	10	10	10	55	100	100	100	100	100	100	100	100	100	100	100	100	100	59.6370000000000	19.2740000000000	9.63700000000000	0	0	0	0	0	0	0	0	0	0	0	0	0	0	0	0	0	0	0	0	0	0	0	0	0	0	0	0	0	0	0	0	0
0	0	0	0	0	0	0	0	0	0	0	0	0	0	0	0	0	0	0	0	0	0	0	0	0	0	0	0	0	0	0	0	0	0	0	0	6.12250000000000	12.2450000000000	36.5080000000000	60.7710000000000	80.3855000000000	100	100	100	100	100	100	100	74.2857500000000	48.5715000000000	29.2857500000000	10	32.5000000000000	55	32.5000000000000	10	17.5000000000000	25	62.5000000000000	100	86.6837500000000	73.3675000000000	71.8367500000000	70.3060000000000	85.1530000000000	100	100	100	100	100	100	100	95.4082500000000	90.8165000000000	50.4082500000000	10	10	10	55	100	100	100	100	100	100	100	100	100	100	100	100	100	79.8185000000000	59.6370000000000	35.2607500000000	10.8845000000000	5.44225000000000	0	0	0	0	0	0	0	0	0	0	0	0	0	0	0	0	0	0	0	0	0	0	0	0	0	0	0	0	0	0	0
0	0	0	0	0	0	0	0	0	0	0	0	0	0	0	0	0	0	0	0	0	0	0	0	0	0	0	0	0	0	0	0	0	0	0	0	12.2450000000000	24.4900000000000	62.2450000000000	100	100	100	100	100	100	100	100	100	93.5715000000000	87.1430000000000	48.5715000000000	10	10	10	10	10	25	40	70	100	73.3675000000000	46.7350000000000	43.6735000000000	40.6120000000000	70.3060000000000	100	100	100	100	100	100	100	90.8165000000000	81.6330000000000	45.8165000000000	10	10	10	55	100	100	100	100	100	100	100	100	100	100	100	100	100	100	100	60.8845000000000	21.7690000000000	10.8845000000000	0	0	0	0	0	0	0	0	0	0	0	0	0	0	0	0	0	0	0	0	0	0	0	0	0	0	0	0	0	0	0
0	0	0	0	0	0	0	0	0	0	0	0	0	0	0	0	0	0	0	0	0	0	0	0	0	0	0	0	0	0	0	0	0	0	8.33325000000000	16.6665000000000	39.4557500000000	62.2450000000000	81.1225000000000	100	100	100	100	100	100	100	100	100	96.7857500000000	93.5715000000000	51.7857500000000	10	10	10	10	10	17.5000000000000	25	40	55	44.8980000000000	34.7960000000000	44.6937500000000	54.5915000000000	77.2957500000000	100	100	100	100	100	95	90	67.9082500000000	45.8165000000000	27.9082500000000	10	10	10	45.3572500000000	80.7145000000000	90.3572500000000	100	100	100	100	100	100	100	100	100	100	100	100	100	80.4422500000000	60.8845000000000	30.4422500000000	0	0	0	0	0	0	0	0	0	0	0	0	0	0	0	0	0	0	0	0	0	0	0	0	0	0	0	0	0	0	0
0	0	0	0	0	0	0	0	0	0	0	0	0	0	0	0	0	0	0	0	0	0	0	0	0	0	0	0	0	0	0	0	0	0	16.6665000000000	33.3330000000000	66.6665000000000	100	100	100	100	100	100	100	100	100	100	100	100	100	55	10	10	10	10	10	10	10	10	10	16.4285000000000	22.8570000000000	45.7140000000000	68.5710000000000	84.2855000000000	100	100	100	100	100	90	80	45	10	10	10	10	10	35.7145000000000	61.4290000000000	80.7145000000000	100	100	100	100	100	100	100	100	100	100	100	100	100	100	100	50	0	0	0	0	0	0	0	0	0	0	0	0	0	0	0	0	0	0	0	0	0	0	0	0	0	0	0	0	0	0	0
0	0	0	0	0	0	0	0	0	0	0	0	0	0	0	0	0	0	0	0	0	0	0	0	0	0	0	0	0	0	0	0	0	0	33.3332500000000	66.6665000000000	83.3332500000000	100	100	100	100	100	100	100	99.5917500000000	99.1835000000000	91.8367500000000	84.4900000000000	92.2450000000000	100	55	10	10	10	10	10	23.2142500000000	36.4285000000000	45.7142500000000	55	58.2142500000000	61.4285000000000	72.8570000000000	84.2855000000000	92.1427500000000	100	100	100	100	100	95	90	50	10	10	10	10	10	22.8572500000000	35.7145000000000	67.8572500000000	100	100	100	100	100	100	100	100	100	100	100	100	100	100	100	67.8572500000000	35.7145000000000	17.8572500000000	0	0	0	0	0	0	0	0	0	0	0	0	0	0	0	0	0	0	0	0	0	0	0	0	0	0	0	0	0
0	0	0	0	0	0	0	0	0	0	0	0	0	0	0	0	0	0	0	0	0	0	0	0	0	0	0	0	0	0	0	0	0	0	50	100	100	100	100	100	100	100	100	100	99.1835000000000	98.3670000000000	83.6735000000000	68.9800000000000	84.4900000000000	100	55	10	10	10	10	10	36.4285000000000	62.8570000000000	81.4285000000000	100	100	100	100	100	100	100	100	100	100	100	100	100	55	10	10	10	10	10	10	10	55	100	100	100	100	100	100	100	100	100	100	100	100	100	100	100	85.7145000000000	71.4290000000000	35.7145000000000	0	0	0	0	0	0	0	0	0	0	0	0	0	0	0	0	0	0	0	0	0	0	0	0	0	0	0	0	0
0	0	0	0	0	0	0	0	0	0	0	0	0	0	0	0	0	0	0	0	0	0	0	0	0	0	0	0	0	0	0	0	19.0475000000000	38.0950000000000	69.0475000000000	100	100	100	90.3572500000000	80.7145000000000	90.3572500000000	100	100	100	98.9795000000000	97.9590000000000	68.7245000000000	39.4900000000000	58.2655000000000	77.0410000000000	43.5205000000000	10	10	10	13.6735000000000	17.3470000000000	49.3877500000000	81.4285000000000	90.7142500000000	100	100	100	100	100	100	100	100	100	100	100	100	100	68.3162500000000	36.6325000000000	23.3162500000000	10	10	10	10	10	55	100	100	100	100	100	100	100	99.0817500000000	98.1635000000000	76.5817500000000	55	55	55	77.5000000000000	100	92.8572500000000	85.7145000000000	42.8572500000000	0	0	0	0	0	0	0	0	0	0	0	0	0	0	0	0	0	0	0	0	0	0	0	0	0	0	0	0	0
0	0	0	0	0	0	0	0	0	0	0	0	0	0	0	0	0	0	0	0	0	0	0	0	0	0	0	0	0	0	0	0	38.0950000000000	76.1900000000000	88.0950000000000	100	100	100	80.7145000000000	61.4290000000000	80.7145000000000	100	100	100	98.7755000000000	97.5510000000000	53.7755000000000	10	32.0410000000000	54.0820000000000	32.0410000000000	10	10	10	17.3470000000000	24.6940000000000	62.3470000000000	100	100	100	100	100	100	100	100	100	100	100	100	100	100	100	81.6325000000000	63.2650000000000	36.6325000000000	10	10	10	10	10	55	100	100	100	100	100	100	100	98.1635000000000	96.3270000000000	53.1635000000000	10	10	10	55	100	100	100	50	0	0	0	0	0	0	0	0	0	0	0	0	0	0	0	0	0	0	0	0	0	0	0	0	0	0	0	0	0
0	0	0	0	0	0	0	0	0	0	0	0	0	0	0	0	0	0	0	0	0	0	0	0	0	0	0	0	0	0	0	0	44.0475000000000	88.0950000000000	94.0475000000000	100	100	100	67.8572500000000	35.7145000000000	45.3572500000000	55	66.7857500000000	78.5715000000000	88.6735000000000	98.7755000000000	65.0510000000000	31.3265000000000	31.6837500000000	32.0410000000000	21.0205000000000	10	10	10	13.6735000000000	17.3470000000000	58.6735000000000	100	84.7960000000000	69.5920000000000	62.2960000000000	55	71.3265000000000	87.6530000000000	93.8265000000000	100	100	100	100	100	100	100	90.8162500000000	81.6325000000000	68.3162500000000	55	34.5407500000000	14.0815000000000	12.0407500000000	10	32.5000000000000	55	66.2245000000000	77.4490000000000	78.0102500000000	78.5715000000000	66.7857500000000	55	54.0817500000000	53.1635000000000	31.5817500000000	10	12.0407500000000	14.0815000000000	57.0407500000000	100	100	100	50	0	0	0	0	0	0	0	0	0	0	0	0	0	0	0	0	0	0	0	0	0	0	0	0	0	0	0	0	0
0	0	0	0	0	0	0	0	0	0	0	0	0	0	0	0	0	0	0	0	0	0	0	0	0	0	0	0	0	0	0	0	50	100	100	100	100	100	55	10	10	10	33.5715000000000	57.1430000000000	78.5715000000000	100	76.3265000000000	52.6530000000000	31.3265000000000	10	10	10	10	10	10	10	55	100	69.5920000000000	39.1840000000000	24.5920000000000	10	42.6530000000000	75.3060000000000	87.6530000000000	100	100	100	100	100	100	100	100	100	100	100	59.0815000000000	18.1630000000000	14.0815000000000	10	10	10	32.4490000000000	54.8980000000000	56.0205000000000	57.1430000000000	33.5715000000000	10	10	10	10	10	14.0815000000000	18.1630000000000	59.0815000000000	100	100	100	50	0	0	0	0	0	0	0	0	0	0	0	0	0	0	0	0	0	0	0	0	0	0	0	0	0	0	0	0	0
0	0	0	0	0	0	0	0	0	0	0	0	0	0	0	0	0	0	0	0	0	0	0	0	0	0	0	0	0	0	0	0	50	100	100	100	100	100	55	10	10	10	21.7857500000000	33.5715000000000	55	76.4285000000000	53.8775000000000	31.3265000000000	20.6632500000000	10	10	10	10	10	10	10	32.5000000000000	55	39.7960000000000	24.5920000000000	22.3470000000000	20.1020000000000	53.8775000000000	87.6530000000000	93.8265000000000	100	100	100	100	100	100	100	100	100	100	100	61.3265000000000	22.6530000000000	16.3265000000000	10	10	10	21.2245000000000	32.4490000000000	33.0102500000000	33.5715000000000	21.7857500000000	10	10	10	32.5000000000000	55	57.0407500000000	59.0815000000000	79.5407500000000	100	100	100	75	50	25	0	0	0	0	0	0	0	0	0	0	0	0	0	0	0	0	0	0	0	0	0	0	0	0	0	0	0
0	0	0	0	0	0	0	0	0	0	0	0	0	0	0	0	0	0	0	0	0	0	0	0	0	0	0	0	0	0	0	0	50	100	100	100	100	100	55	10	10	10	10	10	31.4285000000000	52.8570000000000	31.4285000000000	10	10	10	10	10	10	10	10	10	10	10	10	10	20.1020000000000	30.2040000000000	65.1020000000000	100	100	100	100	100	100	100	100	100	100	100	100	100	63.5715000000000	27.1430000000000	18.5715000000000	10	10	10	10	10	10	10	10	10	10	10	55	100	100	100	100	100	100	100	100	100	50	0	0	0	0	0	0	0	0	0	0	0	0	0	0	0	0	0	0	0	0	0	0	0	0	0	0	0
0	0	0	0	0	0	0	0	0	0	0	0	0	0	0	0	0	0	0	0	0	0	0	0	0	0	0	0	0	0	17.8572500000000	35.7145000000000	67.8572500000000	100	100	100	100	100	57.1427500000000	14.2855000000000	12.1427500000000	10	10	10	20.7142500000000	31.4285000000000	20.7142500000000	10	10	10	10	10	10	10	10	10	10	10	22.8572500000000	35.7145000000000	50.4082500000000	65.1020000000000	82.5510000000000	100	93.2652500000000	86.5305000000000	93.2652500000000	100	92.0407500000000	84.0815000000000	79.1835000000000	74.2855000000000	83.4692500000000	92.6530000000000	96.3265000000000	100	59.2857500000000	18.5715000000000	14.2857500000000	10	10	10	10	10	10	10	10	10	10	10	43.9795000000000	77.9590000000000	88.9795000000000	100	100	100	90.8162500000000	81.6325000000000	90.8162500000000	100	58.8435000000000	17.6870000000000	8.84350000000000	0	0	0	0	0	0	0	0	0	0	0	0	0	0	0	0	0	0	0	0	0	0	0	0	0
0	0	0	0	0	0	0	0	0	0	0	0	0	0	0	0	0	0	0	0	0	0	0	0	0	0	0	0	0	0	35.7145000000000	71.4290000000000	85.7145000000000	100	100	100	100	100	59.2855000000000	18.5710000000000	14.2855000000000	10	10	10	10	10	10	10	10	10	10	10	10	10	10	10	10	10	35.7145000000000	61.4290000000000	80.7145000000000	100	100	100	86.5305000000000	73.0610000000000	86.5305000000000	100	84.0815000000000	68.1630000000000	58.3670000000000	48.5710000000000	66.9385000000000	85.3060000000000	92.6530000000000	100	55	10	10	10	10	10	10	10	10	10	10	10	10	10	32.9590000000000	55.9180000000000	77.9590000000000	100	100	100	81.6325000000000	63.2650000000000	81.6325000000000	100	67.6870000000000	35.3740000000000	17.6870000000000	0	0	0	0	0	0	0	0	0	0	0	0	0	0	0	0	0	0	0	0	0	0	0	0	0
0	0	0	0	0	0	0	0	0	0	0	0	0	0	0	0	0	0	0	0	0	0	0	0	0	0	0	0	0	0	42.8572500000000	85.7145000000000	92.8572500000000	100	100	100	100	100	57.9590000000000	15.9180000000000	12.9590000000000	10	10	10	10	10	10	10	10	10	10	10	10	10	10	10	10	10	22.8572500000000	35.7145000000000	59.8980000000000	84.0815000000000	92.0407500000000	100	70.7652500000000	41.5305000000000	61.1225000000000	80.7145000000000	65.2040000000000	49.6935000000000	39.4895000000000	29.2855000000000	38.4692500000000	47.6530000000000	51.3265000000000	55	32.5000000000000	10	10	10	10	10	10	10	10	10	10	10	10	10	21.4795000000000	32.9590000000000	45.6122500000000	58.2655000000000	56.6327500000000	55	45.8162500000000	36.6325000000000	68.3162500000000	100	83.8435000000000	67.6870000000000	33.8435000000000	0	0	0	0	0	0	0	0	0	0	0	0	0	0	0	0	0	0	0	0	0	0	0	0	0
0	0	0	0	0	0	0	0	0	0	0	0	0	0	0	0	0	0	0	0	0	0	0	0	0	0	0	0	0	0	50	100	100	100	100	100	100	100	56.6325000000000	13.2650000000000	11.6325000000000	10	10	10	10	10	10	10	10	10	10	10	10	10	10	10	10	10	10	10	39.0815000000000	68.1630000000000	84.0815000000000	100	55	10	35.7145000000000	61.4290000000000	46.3265000000000	31.2240000000000	20.6120000000000	10	10	10	10	10	10	10	10	10	10	10	10	10	10	10	10	10	10	10	10	10	13.2655000000000	16.5310000000000	13.2655000000000	10	10	10	55	100	100	100	50	0	0	0	0	0	0	0	0	0	0	0	0	0	0	0	0	0	0	0	0	0	0	0	0	0
0	0	0	0	0	0	0	0	0	0	0	0	0	0	0	0	0	0	0	0	0	0	0	0	0	0	0	0	25	50	75	100	82.8572500000000	65.7145000000000	60.3572500000000	55	55	55	33.3162500000000	11.6325000000000	10.8162500000000	10	10	10	10	10	10	10	10	10	10	10	10	10	10	10	10	10	10	10	24.5407500000000	39.0815000000000	50.6122500000000	62.1430000000000	36.0715000000000	10	22.8572500000000	35.7145000000000	50.6632500000000	65.6120000000000	37.8060000000000	10	10	10	10	10	10	10	10	10	10	10	10	10	10	10	10	10	10	10	10	10	11.6327500000000	13.2655000000000	11.6327500000000	10	10	10	35	60	80	100	64.2857500000000	28.5715000000000	14.2857500000000	0	0	0	0	0	0	0	0	0	0	0	0	0	0	0	0	0	0	0	0	0	0	0
0	0	0	0	0	0	0	0	0	0	0	0	0	0	0	0	0	0	0	0	0	0	0	0	0	0	0	0	50	100	100	100	65.7145000000000	31.4290000000000	20.7145000000000	10	10	10	10	10	10	10	10	10	10	10	10	10	10	10	10	10	10	10	10	10	10	10	10	10	10	10	17.1430000000000	24.2860000000000	17.1430000000000	10	10	10	55	100	55	10	10	10	10	10	10	10	10	10	10	10	10	10	10	10	10	10	10	10	10	10	10	10	10	10	10	10	15	20	60	100	78.5715000000000	57.1430000000000	28.5715000000000	0	0	0	0	0	0	0	0	0	0	0	0	0	0	0	0	0	0	0	0	0	0	0
0	0	0	0	0	0	0	0	0	0	0	0	0	0	0	0	0	0	0	0	0	0	0	0	0	0	11.0545000000000	22.1090000000000	61.0545000000000	100	100	100	82.8572500000000	65.7145000000000	53.9287500000000	42.1430000000000	42.1430000000000	42.1430000000000	42.1430000000000	42.1430000000000	26.0715000000000	10	10	10	10	10	10	10	10	10	10	10	9.57475000000000	9.14950000000000	7.07475000000000	5	6.30950000000000	7.61900000000000	8.80950000000000	10	10	10	13.5715000000000	17.1430000000000	13.5715000000000	10	10	10	32.5000000000000	55	32.5000000000000	10	10	10	10	10	7.50000000000000	5	5	5	7.50000000000000	10	10	10	10	10	10	10	10	10	10	10	10	10	10	10	26.0715000000000	42.1430000000000	46.7857500000000	51.4285000000000	75.7142500000000	100	78.5715000000000	57.1430000000000	28.5715000000000	0	0	0	0	0	0	0	0	0	0	0	0	0	0	0	0	0	0	0	0	0	0	0
0	0	0	0	0	0	0	0	0	0	0	0	0	0	0	0	0	0	0	0	0	0	0	0	0	0	22.1090000000000	44.2180000000000	72.1090000000000	100	100	100	100	100	87.1430000000000	74.2860000000000	74.2860000000000	74.2860000000000	74.2860000000000	74.2860000000000	42.1430000000000	10	10	10	10	10	10	10	10	10	10	10	9.14950000000000	8.29900000000000	4.14950000000000	0	2.61900000000000	5.23800000000000	7.61900000000000	10	10	10	10	10	10	10	10	10	10	10	10	10	10	10	10	10	5	0	0	0	5	10	10	10	10	10	10	10	10	10	10	10	10	10	10	10	42.1430000000000	74.2860000000000	78.5715000000000	82.8570000000000	91.4285000000000	100	78.5715000000000	57.1430000000000	28.5715000000000	0	0	0	0	0	0	0	0	0	0	0	0	0	0	0	0	0	0	0	0	0	0	0
0	0	0	0	0	0	0	0	0	0	0	0	0	0	0	0	0	0	0	0	0	0	0	0	0	0	26.5307500000000	53.0615000000000	76.5307500000000	100	100	100	100	100	93.5715000000000	87.1430000000000	87.1430000000000	87.1430000000000	87.1430000000000	87.1430000000000	48.5715000000000	10	10	10	27.1427500000000	44.2855000000000	44.2855000000000	44.2855000000000	27.1427500000000	10	10	10	7.07475000000000	4.14950000000000	2.07475000000000	0	1.30950000000000	2.61900000000000	3.80950000000000	5	7.50000000000000	10	10	10	10	10	10	10	10	10	10	10	8.63950000000000	7.27900000000000	6.13950000000000	5	2.50000000000000	0	0	0	5	10	10	10	32.5000000000000	55	54.7450000000000	54.4900000000000	47.7552500000000	41.0205000000000	25.5102500000000	10	10	10	11.2755000000000	12.5510000000000	49.8470000000000	87.1430000000000	89.2857500000000	91.4285000000000	95.7142500000000	100	78.5715000000000	57.1430000000000	28.5715000000000	0	0	0	0	0	0	0	0	0	0	0	0	0	0	0	0	0	0	0	0	0	0	0
0	0	0	0	0	0	0	0	0	0	0	0	0	0	0	0	0	0	0	0	0	0	0	0	0	0	30.9525000000000	61.9050000000000	80.9525000000000	100	100	100	100	100	100	100	100	100	100	100	55	10	10	10	44.2855000000000	78.5710000000000	78.5710000000000	78.5710000000000	44.2855000000000	10	10	10	5	0	0	0	0	0	0	0	5	10	10	10	10	10	10	10	10	10	10	10	7.27900000000000	4.55800000000000	2.27900000000000	0	0	0	0	0	5	10	10	10	55	100	99.4900000000000	98.9800000000000	85.5105000000000	72.0410000000000	41.0205000000000	10	10	10	12.5510000000000	15.1020000000000	57.5510000000000	100	100	100	100	100	78.5715000000000	57.1430000000000	28.5715000000000	0	0	0	0	0	0	0	0	0	0	0	0	0	0	0	0	0	0	0	0	0	0	0
0	0	0	0	0	0	0	0	0	0	0	0	0	0	0	0	0	0	0	0	0	0	0	0	0	0	30.9525000000000	61.9050000000000	80.9525000000000	100	100	100	100	100	100	100	100	100	100	100	77.5000000000000	55	55	55	72.1427500000000	89.2855000000000	89.2855000000000	89.2855000000000	49.6427500000000	10	10	10	11.7232500000000	13.4465000000000	21.1790000000000	28.9115000000000	14.4557500000000	0	0	0	2.50000000000000	5	7.50000000000000	10	10	10	10	10	10	10	7.97625000000000	5.95250000000000	4.11575000000000	2.27900000000000	1.13950000000000	0	0	0	2.14275000000000	4.28550000000000	7.14275000000000	10	10	10	55	100	99.7450000000000	99.4900000000000	92.7552500000000	86.0205000000000	69.8980000000000	53.7755000000000	31.8877500000000	10	11.2755000000000	12.5510000000000	43.2652500000000	73.9795000000000	86.9897500000000	100	100	100	89.2857500000000	78.5715000000000	39.2857500000000	0	0	0	0	0	0	0	0	0	0	0	0	0	0	0	0	0	0	0	0	0	0	0
0	0	0	0	0	0	0	0	0	0	0	0	0	0	0	0	0	0	0	0	0	0	0	0	0	0	30.9525000000000	61.9050000000000	80.9525000000000	100	100	100	100	100	100	100	100	100	100	100	100	100	100	100	100	100	100	100	55	10	10	10	18.4465000000000	26.8930000000000	42.3580000000000	57.8230000000000	28.9115000000000	0	0	0	0	0	5	10	10	10	10	10	10	10	5.95250000000000	1.90500000000000	0.952500000000000	0	0	0	0	0	4.28550000000000	8.57100000000000	9.28550000000000	10	10	10	55	100	100	100	100	100	98.7755000000000	97.5510000000000	53.7755000000000	10	10	10	28.9795000000000	47.9590000000000	73.9795000000000	100	100	100	100	100	50	0	0	0	0	0	0	0	0	0	0	0	0	0	0	0	0	0	0	0	0	0	0	0
0	0	0	0	0	0	0	0	0	0	0	0	0	0	0	0	0	0	0	0	0	0	0	0	0	0	15.4762500000000	30.9525000000000	65.4762500000000	100	100	100	100	100	100	100	100	100	100	100	100	100	100	100	100	100	100	100	55	10	10	10	36.7232500000000	63.4465000000000	71.1790000000000	78.9115000000000	64.4557500000000	50	25	0	0	0	2.50000000000000	5	7.50000000000000	10	10	10	7.63600000000000	5.27200000000000	3.11225000000000	0.952500000000000	0.476250000000000	0	24.1497500000000	48.2995000000000	49.1497500000000	50	32.8570000000000	15.7140000000000	12.8570000000000	10	10	10	55	100	100	100	100	100	99.3877500000000	98.7755000000000	76.8877500000000	55	32.5000000000000	10	19.4897500000000	28.9795000000000	51.6325000000000	74.2855000000000	87.1427500000000	100	100	100	50	0	0	0	0	0	0	0	0	0	0	0	0	0	0	0	0	0	0	0	0	0	0	0
0	0	0	0	0	0	0	0	0	0	0	0	0	0	0	0	0	0	0	0	0	0	0	0	0	0	0	0	50	100	100	100	100	100	100	100	100	100	100	100	100	100	100	100	100	100	100	100	55	10	10	10	55	100	100	100	100	100	50	0	0	0	0	0	5	10	10	10	5.27200000000000	0.544000000000000	0.272000000000000	0	0	0	48.2995000000000	96.5990000000000	98.2995000000000	100	61.4285000000000	22.8570000000000	16.4285000000000	10	10	10	55	100	100	100	100	100	100	100	100	100	55	10	10	10	29.2855000000000	48.5710000000000	74.2855000000000	100	100	100	50	0	0	0	0	0	0	0	0	0	0	0	0	0	0	0	0	0	0	0	0	0	0	0
0	0	0	0	0	0	0	0	0	0	0	0	0	0	0	0	0	0	0	0	0	0	0	0	0	0	0	0	50	100	100	100	100	100	100	100	100	100	100	100	100	100	100	100	100	100	97.8572500000000	95.7145000000000	52.8572500000000	10	10	10	33.0102500000000	56.0205000000000	78.0102500000000	100	100	100	75	50	25	0	0	0	2.62475000000000	5.24950000000000	6.33225000000000	7.41500000000000	3.84350000000000	0.272000000000000	0.136000000000000	0	25	50	74.1497500000000	98.2995000000000	99.1497500000000	100	61.4285000000000	22.8570000000000	16.4285000000000	10	10	10	55	100	100	100	100	100	100	100	100	100	77.5000000000000	55	52.8572500000000	50.7145000000000	40	29.2855000000000	42.1427500000000	55	77.5000000000000	100	50	0	0	0	0	0	0	0	0	0	0	0	0	0	0	0	0	0	0	0	0	0	0	0
0	0	0	0	0	0	0	0	0	0	0	0	0	0	0	0	0	0	0	0	0	0	0	0	0	0	0	0	50	100	100	100	100	100	100	100	100	100	100	100	100	100	100	100	100	100	95.7145000000000	91.4290000000000	50.7145000000000	10	10	10	11.0205000000000	12.0410000000000	56.0205000000000	100	100	100	100	100	50	0	0	0	0.249500000000000	0.499000000000000	2.66450000000000	4.83000000000000	2.41500000000000	0	0	0	50	100	100	100	100	100	61.4285000000000	22.8570000000000	16.4285000000000	10	10	10	55	100	100	100	100	100	100	100	100	100	100	100	95.7145000000000	91.4290000000000	50.7145000000000	10	10	10	55	100	50	0	0	0	0	0	0	0	0	0	0	0	0	0	0	0	0	0	0	0	0	0	0	0
0	0	0	0	0	0	0	0	0	0	0	0	0	0	0	0	0	0	0	0	0	0	0	0	0	0	0	0	50	100	100	100	100	100	100	100	100	100	100	100	100	100	100	100	100	100	75.3572500000000	50.7145000000000	30.3572500000000	10	32.5000000000000	55	55.5102500000000	56.0205000000000	55.5102500000000	55	77.5000000000000	100	100	100	75	50	25	0	0.124750000000000	0.249500000000000	1.33225000000000	2.41500000000000	1.20750000000000	0	24.6032500000000	49.2065000000000	74.6032500000000	100	100	100	100	100	58.2142500000000	16.4285000000000	32.6020000000000	48.7755000000000	29.3877500000000	10	55	100	100	100	100	100	100	100	100	100	100	100	97.8572500000000	95.7145000000000	75.3572500000000	55	55	55	77.5000000000000	100	50	0	0	0	0	0	0	0	0	0	0	0	0	0	0	0	0	0	0	0	0	0	0	0
0	0	0	0	0	0	0	0	0	0	0	0	0	0	0	0	0	0	0	0	0	0	0	0	0	0	0	0	50	100	100	100	100	100	100	100	100	100	100	100	100	100	100	100	100	100	55	10	10	10	55	100	100	100	55	10	55	100	100	100	100	100	50	0	0	0	0	0	0	0	49.2065000000000	98.4130000000000	99.2065000000000	100	100	100	100	100	55	10	48.7755000000000	87.5510000000000	48.7755000000000	10	55	100	100	100	100	100	100	100	100	100	100	100	100	100	100	100	100	100	100	100	50	0	0	0	0	0	0	0	0	0	0	0	0	0	0	0	0	0	0	0	0	0	0	0
0	0	0	0	0	0	0	0	0	0	0	0	0	0	0	0	0	0	0	0	0	0	0	0	0	0	15.4762500000000	30.9525000000000	65.4762500000000	100	100	100	100	100	75	50	50	50	72.6190000000000	95.2380000000000	97.6190000000000	100	100	100	100	100	55	10	13.2142500000000	16.4285000000000	58.2142500000000	100	100	100	55	10	32.5000000000000	55	77.5000000000000	100	100	100	50	0	0	0	0	0	0	0	49.6032500000000	99.2065000000000	99.6032500000000	100	100	100	77.5000000000000	55	51.7857500000000	48.5715000000000	71.1735000000000	93.7755000000000	74.3877500000000	55	55	55	77.5000000000000	100	75	50	50	50	50	50	55.9525000000000	61.9050000000000	80.9525000000000	100	100	100	100	100	100	100	50	0	0	0	0	0	0	0	0	0	0	0	0	0	0	0	0	0	0	0	0	0	0	0
0	0	0	0	0	0	0	0	0	0	0	0	0	0	0	0	0	0	0	0	0	0	0	0	0	0	30.9525000000000	61.9050000000000	80.9525000000000	100	100	100	100	100	50	0	0	0	45.2380000000000	90.4760000000000	95.2380000000000	100	100	100	100	100	55	10	16.4285000000000	22.8570000000000	61.4285000000000	100	100	100	55	10	10	10	55	100	100	100	50	0	0	0	0	0	0	0	50	100	100	100	100	100	55	10	48.5715000000000	87.1430000000000	93.5715000000000	100	100	100	55	10	55	100	50	0	0	0	0	0	11.9050000000000	23.8100000000000	61.9050000000000	100	100	100	100	100	100	100	50	0	0	0	0	0	0	0	0	0	0	0	0	0	0	0	0	0	0	0	0	0	0	0
0	0	0	0	0	0	0	0	0	0	0	0	0	0	0	0	0	0	0	0	0	0	0	0	0	0	40.4762500000000	80.9525000000000	90.4762500000000	100	100	100	100	100	50	0	0	0	47.6190000000000	95.2380000000000	97.6190000000000	100	100	100	100	100	55	10	35.7142500000000	61.4285000000000	80.7142500000000	100	100	100	77.5000000000000	55	32.5000000000000	10	40.6632500000000	71.3265000000000	85.6632500000000	100	50	0	0	0	0	0	0	0	50	100	100	100	77.5000000000000	55	32.5000000000000	10	51.7857500000000	93.5715000000000	96.7857500000000	100	100	100	55	10	55	100	75	50	50	50	25	0	11.9050000000000	23.8100000000000	61.9050000000000	100	100	100	100	100	100	100	63.0952500000000	26.1905000000000	13.0952500000000	0	0	0	0	0	0	0	0	0	0	0	0	0	0	0	0	0	0	0	0	0
0	0	0	0	0	0	0	0	0	0	0	0	0	0	0	0	0	0	0	0	0	0	0	0	0	0	50	100	100	100	100	100	100	100	50	0	0	0	50	100	100	100	100	100	100	100	55	10	55	100	100	100	100	100	100	100	55	10	26.3265000000000	42.6530000000000	71.3265000000000	100	50	0	0	0	0	0	0	0	50	100	100	100	55	10	10	10	55	100	100	100	100	100	55	10	55	100	100	100	100	100	50	0	11.9050000000000	23.8100000000000	61.9050000000000	100	100	100	100	100	100	100	76.1905000000000	52.3810000000000	26.1905000000000	0	0	0	0	0	0	0	0	0	0	0	0	0	0	0	0	0	0	0	0	0
0	0	0	0	0	0	0	0	0	0	0	0	0	0	0	0	0	0	0	0	0	0	0	0	1.36050000000000	2.72100000000000	51.3605000000000	100	100	100	100	100	100	100	50	0	0	0	45.4647500000000	90.9295000000000	95.4647500000000	100	100	100	99.8980000000000	99.7960000000000	54.8980000000000	10	55	100	100	100	100	100	100	100	70.7142500000000	41.4285000000000	33.8775000000000	26.3265000000000	39.5917500000000	52.8570000000000	26.4285000000000	0	0	0	0	0	0	0	49.2062500000000	98.4125000000000	82.5225000000000	66.6325000000000	38.3162500000000	10	28.2142500000000	46.4285000000000	73.2142500000000	100	100	100	100	100	55	10	55	100	100	100	99.6597500000000	99.3195000000000	49.6597500000000	0	11.9050000000000	23.8100000000000	61.9050000000000	100	100	100	100	100	100	100	76.1905000000000	52.3810000000000	26.1905000000000	0	0	0	0	0	0	0	0	0	0	0	0	0	0	0	0	0	0	0	0	0
0	0	0	0	0	0	0	0	0	0	0	0	0	0	0	0	0	0	0	0	0	0	0	0	2.72100000000000	5.44200000000000	52.7210000000000	100	100	100	100	100	100	100	50	0	0	0	40.9295000000000	81.8590000000000	90.9295000000000	100	100	100	99.7960000000000	99.5920000000000	54.7960000000000	10	55	100	100	100	100	100	100	100	86.4285000000000	72.8570000000000	41.4285000000000	10	7.85700000000000	5.71400000000000	2.85700000000000	0	0	0	0	0	0	0	48.4125000000000	96.8250000000000	65.0450000000000	33.2650000000000	21.6325000000000	10	46.4285000000000	82.8570000000000	91.4285000000000	100	100	100	100	100	55	10	55	100	100	100	99.3195000000000	98.6390000000000	49.3195000000000	0	11.9050000000000	23.8100000000000	61.9050000000000	100	100	100	100	100	100	100	76.1905000000000	52.3810000000000	26.1905000000000	0	0	0	0	0	0	0	0	0	0	0	0	0	0	0	0	0	0	0	0	0
0	0	0	0	0	0	0	0	0	0	0	0	0	0	0	0	0	0	0	0	0	0	0	0	15.6462500000000	31.2925000000000	65.6462500000000	100	100	100	100	100	100	100	75	50	25	0	20.4647500000000	40.9295000000000	70.4647500000000	100	100	100	80.4592500000000	60.9185000000000	35.7652500000000	10.6120000000000	55.3060000000000	100	100	100	100	100	100	100	85.7142500000000	71.4285000000000	40.7142500000000	10	7.85700000000000	5.71400000000000	2.85700000000000	0	0	0	0	0	0	0	24.2062500000000	48.4125000000000	35.0225000000000	21.6325000000000	15.8162500000000	10	28.2142500000000	46.4285000000000	73.2142500000000	100	100	100	100	100	55	10	55	100	100	100	96.0882500000000	92.1765000000000	46.0882500000000	0	30.9525000000000	61.9050000000000	80.9525000000000	100	100	100	100	100	100	100	76.1905000000000	52.3810000000000	26.1905000000000	0	0	0	0	0	0	0	0	0	0	0	0	0	0	0	0	0	0	0	0	0
0	0	0	0	0	0	0	0	0	0	0	0	0	0	0	0	0	0	0	0	0	0	0	0	28.5715000000000	57.1430000000000	78.5715000000000	100	100	100	100	100	100	100	100	100	50	0	0	0	50	100	100	100	61.1225000000000	22.2450000000000	16.7345000000000	11.2240000000000	55.6120000000000	100	100	100	100	100	100	100	85	70	40	10	7.85700000000000	5.71400000000000	2.85700000000000	0	0	0	0	0	0	0	0	0	5	10	10	10	10	10	55	100	100	100	100	100	55	10	55	100	100	100	92.8570000000000	85.7140000000000	42.8570000000000	0	50	100	100	100	100	100	100	100	100	100	76.1905000000000	52.3810000000000	26.1905000000000	0	0	0	0	0	0	0	0	0	0	0	0	0	0	0	0	0	0	0	0	0
0	0	0	0	0	0	0	0	0	0	0	0	0	0	0	0	0	0	0	0	0	0	0	0	39.2857500000000	78.5715000000000	89.2857500000000	100	77.5000000000000	55	76.2755000000000	97.5510000000000	98.7755000000000	100	100	100	50.6802500000000	1.36050000000000	0.680250000000000	0	48.8095000000000	97.6190000000000	98.8095000000000	100	58.0612500000000	16.1225000000000	15.5100000000000	14.8975000000000	57.4487500000000	100	100	100	100	100	98.7755000000000	97.5510000000000	68.7755000000000	40	25	10	8.92850000000000	7.85700000000000	3.92850000000000	0	0.249500000000000	0.499000000000000	0.453500000000000	0.408000000000000	0.204000000000000	0	0	0	5	10	10	10	10	10	54.3877500000000	98.7755000000000	99.3877500000000	100	100	100	55	10	55	100	100	100	93.5372500000000	87.0745000000000	43.5372500000000	0	45.2380000000000	90.4760000000000	95.2380000000000	100	100	100	100	100	100	100	88.0952500000000	76.1905000000000	38.0952500000000	0	0	0	0	0	0	0	0	0	0	0	0	0	0	0	0	0	0	0	0	0
0	0	0	0	0	0	0	0	0	0	0	0	0	0	0	0	0	0	0	0	0	0	0	0	50	100	100	100	55	10	52.5510000000000	95.1020000000000	97.5510000000000	100	100	100	51.3605000000000	2.72100000000000	1.36050000000000	0	47.6190000000000	95.2380000000000	97.6190000000000	100	55	10	14.2855000000000	18.5710000000000	59.2855000000000	100	100	100	100	100	97.5510000000000	95.1020000000000	52.5510000000000	10	10	10	10	10	5	0	0.499000000000000	0.998000000000000	0.907000000000000	0.816000000000000	0.408000000000000	0	0	0	5	10	10	10	10	10	53.7755000000000	97.5510000000000	98.7755000000000	100	100	100	55	10	55	100	100	100	94.2175000000000	88.4350000000000	44.2175000000000	0	40.4760000000000	80.9520000000000	90.4760000000000	100	100	100	100	100	100	100	100	100	50	0	0	0	0	0	0	0	0	0	0	0	0	0	0	0	0	0	0	0	0	0
0	0	0	0	0	0	0	0	0	0	0	0	0	0	0	0	0	0	0	0	0	0	0	0	50	100	100	100	55	10	31.2755000000000	52.5510000000000	76.2755000000000	100	100	100	54.2517500000000	8.50350000000000	4.25175000000000	0	48.8095000000000	97.6190000000000	98.8095000000000	100	76.4285000000000	52.8570000000000	40.5610000000000	28.2650000000000	64.1325000000000	100	100	100	100	100	76.2755000000000	52.5510000000000	31.2755000000000	10	10	10	10	10	7.50000000000000	5	4.93775000000000	4.87550000000000	4.88675000000000	4.89800000000000	2.67575000000000	0.453500000000000	2.72675000000000	5	7.50000000000000	10	10	10	10	10	51.1735000000000	92.3470000000000	96.1735000000000	100	100	100	55	10	55	100	100	100	97.1087500000000	94.2175000000000	51.9272500000000	9.63700000000000	25.0565000000000	40.4760000000000	70.2380000000000	100	100	100	100	100	100	100	100	100	50	0	0	0	0	0	0	0	0	0	0	0	0	0	0	0	0	0	0	0	0	0
0	0	0	0	0	0	0	0	0	0	0	0	0	0	0	0	0	0	0	0	0	0	0	0	50	100	100	100	55	10	10	10	55	100	100	100	57.1430000000000	14.2860000000000	7.14300000000000	0	50	100	100	100	97.8570000000000	95.7140000000000	66.8365000000000	37.9590000000000	68.9795000000000	100	100	100	100	100	55	10	10	10	10	10	10	10	10	10	9.37650000000000	8.75300000000000	8.86650000000000	8.98000000000000	4.94350000000000	0.907000000000000	5.45350000000000	10	10	10	10	10	10	10	48.5715000000000	87.1430000000000	93.5715000000000	100	100	100	55	10	55	100	100	100	100	100	59.6370000000000	19.2740000000000	9.63700000000000	0	50	100	100	100	100	100	100	100	100	100	50	0	0	0	0	0	0	0	0	0	0	0	0	0	0	0	0	0	0	0	0	0
0	0	0	0	0	0	0	0	0	0	0	0	0	0	0	0	0	0	0	0	0	0	0	0	50	100	100	100	55	10	10	10	49.6427500000000	89.2855000000000	94.6427500000000	100	57.1430000000000	14.2860000000000	7.14300000000000	0	50	100	100	100	91.7345000000000	83.4690000000000	76.2242500000000	68.9795000000000	84.4897500000000	100	100	100	77.5000000000000	55	32.5000000000000	10	10	10	22.5510000000000	35.1020000000000	45.0510000000000	55	47.3470000000000	39.6940000000000	22.0352500000000	4.37650000000000	4.43325000000000	4.49000000000000	27.4717500000000	50.4535000000000	36.6552500000000	22.8570000000000	16.4285000000000	10	10	10	10	10	29.2857500000000	48.5715000000000	74.2857500000000	100	100	100	55	10	33.5715000000000	57.1430000000000	78.5715000000000	100	100	100	75.0565000000000	50.1130000000000	25.0565000000000	0	50	100	100	100	100	100	100	100	100	100	50	0	0	0	0	0	0	0	0	0	0	0	0	0	0	0	0	0	0	0	0	0
0	0	0	0	0	0	0	0	0	0	0	0	0	0	0	0	0	0	0	0	0	0	0	0	50	100	100	100	55	10	10	10	44.2855000000000	78.5710000000000	89.2855000000000	100	57.1430000000000	14.2860000000000	7.14300000000000	0	50	100	100	100	85.6120000000000	71.2240000000000	85.6120000000000	100	100	100	100	100	55	10	10	10	10	10	35.1020000000000	60.2040000000000	80.1020000000000	100	84.6940000000000	69.3880000000000	34.6940000000000	0	0	0	50	100	67.8570000000000	35.7140000000000	22.8570000000000	10	10	10	10	10	10	10	55	100	100	100	55	10	12.1430000000000	14.2860000000000	57.1430000000000	100	100	100	90.4760000000000	80.9520000000000	40.4760000000000	0	50	100	100	100	100	100	100	100	100	100	50	0	0	0	0	0	0	0	0	0	0	0	0	0	0	0	0	0	0	0	0	0
0	0	0	0	0	0	0	0	0	0	0	0	0	0	0	0	0	0	0	0	0	0	0	0	50	100	86.0715000000000	72.1430000000000	41.0715000000000	10	10	10	27.1427500000000	44.2855000000000	72.1427500000000	100	78.5715000000000	57.1430000000000	28.5715000000000	0	50	100	100	100	70.3060000000000	40.6120000000000	70.3060000000000	100	100	100	95.7142500000000	91.4285000000000	50.7142500000000	10	10	10	12.5000000000000	15	47.5510000000000	80.1020000000000	90.0510000000000	100	92.3470000000000	84.6940000000000	42.3470000000000	0	0	0	50	100	83.9285000000000	67.8570000000000	61.4285000000000	55	32.5000000000000	10	10	10	10	10	52.8572500000000	95.7145000000000	97.8572500000000	100	55	10	11.0715000000000	12.1430000000000	56.0715000000000	100	100	100	90.4760000000000	80.9520000000000	40.4760000000000	0	50	100	100	100	97.1427500000000	94.2855000000000	92.8570000000000	91.4285000000000	95.7142500000000	100	50	0	0	0	0	0	0	0	0	0	0	0	0	0	0	0	0	0	0	0	0	0
0	0	0	0	0	0	0	0	0	0	0	0	0	0	0	0	0	0	0	0	0	0	0	0	50	100	72.1430000000000	44.2860000000000	27.1430000000000	10	10	10	10	10	55	100	100	100	50	0	50	100	100	100	55	10	55	100	100	100	91.4285000000000	82.8570000000000	46.4285000000000	10	10	10	15	20	60	100	100	100	100	100	50	0	0	0	50	100	100	100	100	100	55	10	10	10	10	10	50.7145000000000	91.4290000000000	95.7145000000000	100	55	10	10	10	55	100	100	100	90.4760000000000	80.9520000000000	40.4760000000000	0	50	100	100	100	94.2855000000000	88.5710000000000	85.7140000000000	82.8570000000000	91.4285000000000	100	50	0	0	0	0	0	0	0	0	0	0	0	0	0	0	0	0	0	0	0	0	0
0	0	0	0	0	0	0	0	0	0	0	0	0	0	0	0	0	0	0	0	0	0	0	0	50	100	66.8367500000000	33.6735000000000	21.8367500000000	10	10	10	10	10	32.5000000000000	55	77.5000000000000	100	50	0	39.7392500000000	79.4785000000000	89.7392500000000	100	55	10	55	100	100	100	91.4285000000000	82.8570000000000	46.4285000000000	10	10	10	35	60	80	100	100	100	100	100	50	0	5.44225000000000	10.8845000000000	55.4422500000000	100	100	100	100	100	57.0407500000000	14.0815000000000	12.0407500000000	10	10	10	42.9592500000000	75.9185000000000	87.9592500000000	100	55	10	19.2347500000000	28.4695000000000	64.2347500000000	100	100	100	90.4760000000000	80.9520000000000	40.4760000000000	0	50	100	91.4285000000000	82.8570000000000	66.0712500000000	49.2855000000000	57.4997500000000	65.7140000000000	82.8570000000000	100	61.9047500000000	23.8095000000000	11.9047500000000	0	0	0	0	0	0	0	0	0	0	0	0	0	0	0	0	0	0	0
0	0	0	0	0	0	0	0	0	0	0	0	0	0	0	0	0	0	0	0	0	0	0	0	50	100	61.5305000000000	23.0610000000000	16.5305000000000	10	10	10	10	10	10	10	55	100	50	0	29.4785000000000	58.9570000000000	79.4785000000000	100	55	10	55	100	100	100	91.4285000000000	82.8570000000000	46.4285000000000	10	10	10	55	100	100	100	100	100	100	100	50	0	10.8845000000000	21.7690000000000	60.8845000000000	100	100	100	100	100	59.0815000000000	18.1630000000000	14.0815000000000	10	10	10	35.2040000000000	60.4080000000000	80.2040000000000	100	55	10	28.4695000000000	46.9390000000000	73.4695000000000	100	100	100	90.4760000000000	80.9520000000000	40.4760000000000	0	50	100	82.8570000000000	65.7140000000000	37.8570000000000	10	29.2855000000000	48.5710000000000	74.2855000000000	100	73.8095000000000	47.6190000000000	23.8095000000000	0	0	0	0	0	0	0	0	0	0	0	0	0	0	0	0	0	0	0
0	0	0	0	0	0	0	0	0	0	0	0	0	0	0	0	0	0	0	0	0	0	0	0	50	100	80.7652500000000	61.5305000000000	58.2652500000000	55	38.9285000000000	22.8570000000000	16.4285000000000	10	10	10	53.6225000000000	97.2450000000000	48.6225000000000	0	14.7392500000000	29.4785000000000	64.7392500000000	100	76.4285000000000	52.8570000000000	76.4285000000000	100	100	100	73.2142500000000	46.4285000000000	28.2142500000000	10	10	10	55	100	100	100	100	100	100	100	50	0	19.7280000000000	39.4560000000000	69.7280000000000	100	100	100	100	100	62.3980000000000	24.7960000000000	17.3980000000000	10	10	10	22.6020000000000	35.2040000000000	67.6020000000000	100	55	10	41.7347500000000	73.4695000000000	86.7347500000000	100	100	100	90.4760000000000	80.9520000000000	40.4760000000000	0	36.6837500000000	73.3675000000000	55.6122500000000	37.8570000000000	27.6020000000000	17.3470000000000	45.8162500000000	74.2855000000000	87.1427500000000	100	86.9047500000000	73.8095000000000	36.9047500000000	0	0	0	0	0	0	0	0	0	0	0	0	0	0	0	0	0	0	0
0	0	0	0	0	0	0	0	0	0	0	0	0	0	0	0	0	0	0	0	0	0	0	0	50	100	100	100	100	100	67.8570000000000	35.7140000000000	22.8570000000000	10	10	10	52.2450000000000	94.4900000000000	47.2450000000000	0	0	0	50	100	97.8570000000000	95.7140000000000	97.8570000000000	100	100	100	55	10	10	10	10	10	55	100	100	100	100	100	100	100	50	0	28.5715000000000	57.1430000000000	78.5715000000000	100	100	100	100	100	65.7145000000000	31.4290000000000	20.7145000000000	10	10	10	10	10	55	100	55	10	55	100	100	100	100	100	90.4760000000000	80.9520000000000	40.4760000000000	0	23.3675000000000	46.7350000000000	28.3675000000000	10	17.3470000000000	24.6940000000000	62.3470000000000	100	100	100	100	100	50	0	0	0	0	0	0	0	0	0	0	0	0	0	0	0	0	0	0	0
0	0	0	0	0	0	0	0	0	0	0	0	0	0	0	0	0	0	0	0	0	0	0	0	50	100	100	100	100	100	83.9285000000000	67.8570000000000	38.9285000000000	10	10	10	31.1225000000000	52.2450000000000	27.4377500000000	2.63050000000000	1.31525000000000	0	50	100	97.8570000000000	95.7140000000000	88.1630000000000	80.6120000000000	90.3060000000000	100	55	10	10	10	16.4285000000000	22.8570000000000	61.4285000000000	100	100	100	100	100	100	100	50	0	28.5715000000000	57.1430000000000	78.5715000000000	100	100	100	100	100	82.8572500000000	65.7145000000000	37.8572500000000	10	10	10	10	10	55	100	55	10	55	100	100	100	100	100	90.7027500000000	81.4055000000000	43.2027500000000	5	16.6837500000000	28.3675000000000	19.1837500000000	10	36.1735000000000	62.3470000000000	81.1735000000000	100	100	100	100	100	50	0	0	0	0	0	0	0	0	0	0	0	0	0	0	0	0	0	0	0
0	0	0	0	0	0	0	0	0	0	0	0	0	0	0	0	0	0	0	0	0	0	0	0	50	100	100	100	100	100	100	100	55	10	10	10	10	10	7.63050000000000	5.26100000000000	2.63050000000000	0	50	100	97.8570000000000	95.7140000000000	78.4690000000000	61.2240000000000	80.6120000000000	100	55	10	10	10	22.8570000000000	35.7140000000000	67.8570000000000	100	100	100	100	100	100	100	50	0	28.5715000000000	57.1430000000000	78.5715000000000	100	100	100	100	100	100	100	55	10	10	10	10	10	55	100	55	10	55	100	100	100	100	100	90.9295000000000	81.8590000000000	45.9295000000000	10	10	10	10	10	55	100	100	100	100	100	100	100	50	0	0	0	0	0	0	0	0	0	0	0	0	0	0	0	0	0	0	0
0	0	0	0	0	0	0	0	0	0	0	0	0	0	0	0	0	0	0	0	0	0	0	0	50	100	100	100	100	100	100	100	55	10	10	10	10	10	8.81525000000000	7.63050000000000	6.31525000000000	5	52.5000000000000	100	97.8570000000000	95.7140000000000	66.6835000000000	37.6530000000000	65.6122500000000	93.5715000000000	51.7857500000000	10	10	10	31.2755000000000	52.5510000000000	76.2755000000000	100	100	100	100	100	100	100	50	0	28.5715000000000	57.1430000000000	78.5715000000000	100	100	100	100	100	100	100	55	10	10	10	10	10	55	100	55	10	55	100	100	100	100	100	91.1790000000000	82.3580000000000	46.1790000000000	10	10	10	21.7857500000000	33.5715000000000	66.7857500000000	100	100	100	100	100	100	100	60.7142500000000	21.4285000000000	10.7142500000000	0	0	0	0	0	0	0	0	0	0	0	0	0	0	0	0	0
0	0	0	0	0	0	0	0	0	0	0	0	0	0	0	0	0	0	0	0	0	0	0	0	50	100	100	100	100	100	100	100	55	10	10	10	10	10	10	10	10	10	55	100	97.8570000000000	95.7140000000000	54.8980000000000	14.0820000000000	50.6125000000000	87.1430000000000	48.5715000000000	10	10	10	39.6940000000000	69.3880000000000	84.6940000000000	100	100	100	100	100	100	100	50	0	28.5715000000000	57.1430000000000	78.5715000000000	100	100	100	100	100	100	100	55	10	10	10	10	10	55	100	55	10	55	100	100	100	100	100	91.4285000000000	82.8570000000000	46.4285000000000	10	10	10	33.5715000000000	57.1430000000000	78.5715000000000	100	100	100	100	100	100	100	71.4285000000000	42.8570000000000	21.4285000000000	0	0	0	0	0	0	0	0	0	0	0	0	0	0	0	0	0
0	0	0	0	0	0	0	0	0	0	0	0	0	0	0	0	0	0	0	0	0	0	13.0952500000000	26.1905000000000	63.0952500000000	100	100	100	100	100	77.5000000000000	55	32.5000000000000	10	10	10	10	10	10	10	10	10	55	100	85.6122500000000	71.2245000000000	41.6327500000000	12.0410000000000	30.3062500000000	48.5715000000000	29.2857500000000	10	10	10	47.3470000000000	84.6940000000000	92.3470000000000	100	100	100	100	100	100	100	50	0	28.5715000000000	57.1430000000000	78.5715000000000	100	100	100	100	100	100	100	59.2857500000000	18.5715000000000	14.2857500000000	10	10	10	32.5000000000000	55	32.5000000000000	10	55	100	100	100	100	100	73.2142500000000	46.4285000000000	28.2142500000000	10	32.5000000000000	55	66.7857500000000	78.5715000000000	89.2857500000000	100	100	100	100	100	100	100	71.4285000000000	42.8570000000000	21.4285000000000	0	0	0	0	0	0	0	0	0	0	0	0	0	0	0	0	0
0	0	0	0	0	0	0	0	0	0	0	0	0	0	0	0	0	0	0	0	0	0	26.1905000000000	52.3810000000000	76.1905000000000	100	100	100	100	100	55	10	10	10	10	10	10	10	10	10	10	10	55	100	73.3675000000000	46.7350000000000	28.3675000000000	10	10	10	10	10	10	10	55	100	100	100	100	100	100	100	100	100	50	0	28.5715000000000	57.1430000000000	78.5715000000000	100	100	100	100	100	100	100	63.5715000000000	27.1430000000000	18.5715000000000	10	10	10	10	10	10	10	55	100	100	100	100	100	55	10	10	10	55	100	100	100	100	100	100	100	100	100	100	100	71.4285000000000	42.8570000000000	21.4285000000000	0	0	0	0	0	0	0	0	0	0	0	0	0	0	0	0	0
0	0	0	0	0	0	0	0	0	0	0	0	0	0	0	0	0	0	0	0	0	0	26.1905000000000	52.3810000000000	76.1905000000000	100	100	100	94.2857500000000	88.5715000000000	63.2142500000000	37.8570000000000	46.4285000000000	55	55	55	46.4285000000000	37.8570000000000	23.9285000000000	10	10	10	32.5000000000000	55	41.6837500000000	28.3675000000000	19.1837500000000	10	10	10	10	10	13.3162500000000	16.6325000000000	58.3162500000000	100	100	100	100	100	100	100	88.0952500000000	76.1905000000000	38.0952500000000	0	14.2857500000000	28.5715000000000	64.2857500000000	100	100	100	100	100	100	100	81.7857500000000	63.5715000000000	36.7857500000000	10	10	10	10	10	10	10	55	100	100	100	77.5000000000000	55	32.5000000000000	10	32.5000000000000	55	73.5205000000000	92.0410000000000	73.5205000000000	55	55	55	77.5000000000000	100	100	100	100	100	71.4285000000000	42.8570000000000	21.4285000000000	0	0	0	0	0	0	0	0	0	0	0	0	0	0	0	0	0
0	0	0	0	0	0	0	0	0	0	0	0	0	0	0	0	0	0	0	0	0	0	26.1905000000000	52.3810000000000	76.1905000000000	100	100	100	88.5715000000000	77.1430000000000	71.4285000000000	65.7140000000000	82.8570000000000	100	100	100	82.8570000000000	65.7140000000000	37.8570000000000	10	10	10	10	10	10	10	10	10	10	10	10	10	16.6325000000000	23.2650000000000	61.6325000000000	100	100	100	100	100	100	100	76.1905000000000	52.3810000000000	26.1905000000000	0	0	0	50	100	100	100	100	100	100	100	100	100	55	10	10	10	10	10	10	10	55	100	100	100	55	10	10	10	55	100	92.0410000000000	84.0820000000000	47.0410000000000	10	10	10	55	100	100	100	100	100	71.4285000000000	42.8570000000000	21.4285000000000	0	0	0	0	0	0	0	0	0	0	0	0	0	0	0	0	0
0	0	0	0	0	0	0	0	0	0	0	0	0	0	0	0	0	0	0	0	0	0	38.0952500000000	76.1905000000000	88.0952500000000	100	100	100	94.2857500000000	88.5715000000000	85.7142500000000	82.8570000000000	91.4285000000000	100	100	100	91.4285000000000	82.8570000000000	68.9285000000000	55	32.5000000000000	10	10	10	10	10	10	10	10	10	10	10	35.8162500000000	61.6325000000000	80.8162500000000	100	100	100	100	100	100	100	76.1905000000000	52.3810000000000	26.1905000000000	0	0	0	50	100	100	100	100	100	100	100	100	100	71.0715000000000	42.1430000000000	26.0715000000000	10	10	10	10	10	32.5000000000000	55	55	55	32.5000000000000	10	10	10	32.5000000000000	55	51.0205000000000	47.0410000000000	28.5205000000000	10	15.7142500000000	21.4285000000000	60.7142500000000	100	100	100	100	100	71.4285000000000	42.8570000000000	21.4285000000000	0	0	0	0	0	0	0	0	0	0	0	0	0	0	0	0	0
0	0	0	0	0	0	0	0	0	0	0	0	0	0	0	0	0	0	0	0	0	0	50	100	100	100	100	100	100	100	100	100	100	100	100	100	100	100	100	100	55	10	10	10	10	10	10	10	10	10	10	10	55	100	100	100	100	100	100	100	100	100	76.1905000000000	52.3810000000000	26.1905000000000	0	0	0	50	100	100	100	100	100	100	100	100	100	87.1430000000000	74.2860000000000	42.1430000000000	10	10	10	10	10	10	10	10	10	10	10	10	10	10	10	10	10	10	10	21.4285000000000	32.8570000000000	66.4285000000000	100	100	100	100	100	71.4285000000000	42.8570000000000	21.4285000000000	0	0	0	0	0	0	0	0	0	0	0	0	0	0	0	0	0
0	0	0	0	0	0	0	0	0	0	0	0	0	0	0	0	0	0	0	0	0	0	50	100	100	100	100	100	100	100	100	100	100	100	100	100	100	100	100	100	56.0715000000000	12.1430000000000	11.0715000000000	10	10	10	10	10	10	10	14.2857500000000	18.5715000000000	59.2857500000000	100	100	100	100	100	100	100	100	100	88.0952500000000	76.1905000000000	38.0952500000000	0	0	0	50	100	100	100	100	100	100	100	100	100	93.5715000000000	87.1430000000000	50.7142500000000	14.2855000000000	12.1427500000000	10	10	10	10	10	10	10	10	10	10	10	10	10	10	10	28.2142500000000	46.4285000000000	56.4285000000000	66.4285000000000	83.2142500000000	100	100	100	100	100	60.7142500000000	21.4285000000000	10.7142500000000	0	0	0	0	0	0	0	0	0	0	0	0	0	0	0	0	0
0	0	0	0	0	0	0	0	0	0	0	0	0	0	0	0	0	0	0	0	0	0	50	100	100	100	100	100	100	100	100	100	100	100	100	100	100	100	100	100	57.1430000000000	14.2860000000000	12.1430000000000	10	10	10	10	10	10	10	18.5715000000000	27.1430000000000	63.5715000000000	100	100	100	100	100	100	100	100	100	100	100	50	0	0	0	50	100	100	100	100	100	100	100	100	100	100	100	59.2855000000000	18.5710000000000	14.2855000000000	10	10	10	10	10	10	10	10	10	10	10	10	10	10	10	46.4285000000000	82.8570000000000	91.4285000000000	100	100	100	100	100	100	100	50	0	0	0	0	0	0	0	0	0	0	0	0	0	0	0	0	0	0	0
0	0	0	0	0	0	0	0	0	0	0	0	0	0	0	0	0	0	0	0	0	0	50	100	100	100	100	100	100	100	82.8572500000000	65.7145000000000	60.3572500000000	55	55	55	55	55	55	55	33.5715000000000	12.1430000000000	11.0715000000000	10	10	10	8.09525000000000	6.19050000000000	6.46250000000000	6.73450000000000	12.6530000000000	18.5715000000000	59.2857500000000	100	100	100	100	100	100	100	100	100	100	100	50	0	0	0	40.4762500000000	80.9525000000000	90.4762500000000	100	100	100	100	100	100	100	100	100	79.6427500000000	59.2855000000000	34.6427500000000	10	10	10	10	10	10	10	10	10	10	10	14.0817500000000	18.1635000000000	36.5817500000000	55	73.2142500000000	91.4285000000000	95.7142500000000	100	100	100	100	100	100	100	50	0	0	0	0	0	0	0	0	0	0	0	0	0	0	0	0	0	0	0
0	0	0	0	0	0	0	0	0	0	0	0	0	0	0	0	0	0	0	0	0	0	50	100	100	100	100	100	100	100	65.7145000000000	31.4290000000000	20.7145000000000	10	10	10	10	10	10	10	10	10	10	10	10	10	6.19050000000000	2.38100000000000	2.92500000000000	3.46900000000000	6.73450000000000	10	55	100	100	100	100	100	100	100	100	100	100	100	50	0	0	0	30.9525000000000	61.9050000000000	80.9525000000000	100	100	100	100	100	100	100	100	100	100	100	55	10	10	10	10	10	10	10	10	10	10	10	18.1635000000000	26.3270000000000	63.1635000000000	100	100	100	100	100	100	100	100	100	100	100	50	0	0	0	0	0	0	0	0	0	0	0	0	0	0	0	0	0	0	0
0	0	0	0	0	0	0	0	0	0	0	0	0	0	0	0	0	0	0	0	0	0	40.3627500000000	80.7255000000000	90.3627500000000	100	100	100	77.5000000000000	55	37.8572500000000	20.7145000000000	29.2347500000000	37.7550000000000	42.0917500000000	46.4285000000000	46.4285000000000	46.4285000000000	29.9490000000000	13.4695000000000	11.7347500000000	10	10	10	9.90375000000000	9.80750000000000	5.49900000000000	1.19050000000000	1.46250000000000	1.73450000000000	3.36725000000000	5	27.5000000000000	50	50	50	50	50	50	50	54.7620000000000	59.5240000000000	54.7620000000000	50	25	0	0	0	15.4762500000000	30.9525000000000	65.4762500000000	100	100	100	100	100	100	100	100	100	75.4762500000000	50.9525000000000	28.4525000000000	5.95250000000000	7.97625000000000	10	10	10	10	10	10	10	32.5000000000000	55	59.0817500000000	63.1635000000000	81.5817500000000	100	100	100	100	100	100	100	100	100	100	100	50	0	0	0	0	0	0	0	0	0	0	0	0	0	0	0	0	0	0	0
0	0	0	0	0	0	0	0	0	0	0	0	0	0	0	0	0	0	0	0	0	0	30.7255000000000	61.4510000000000	80.7255000000000	100	100	100	55	10	10	10	37.7550000000000	65.5100000000000	74.1835000000000	82.8570000000000	82.8570000000000	82.8570000000000	49.8980000000000	16.9390000000000	13.4695000000000	10	10	10	9.80750000000000	9.61500000000000	4.80750000000000	0	0	0	0	0	0	0	0	0	0	0	0	0	9.52400000000000	19.0480000000000	9.52400000000000	0	0	0	0	0	0	0	50	100	100	100	100	100	100	100	100	100	50.9525000000000	1.90500000000000	1.90500000000000	1.90500000000000	5.95250000000000	10	10	10	10	10	10	10	55	100	100	100	100	100	100	100	100	100	100	100	100	100	100	100	50	0	0	0	0	0	0	0	0	0	0	0	0	0	0	0	0	0	0	0
0	0	0	0	0	0	0	0	0	0	0	0	0	0	0	0	0	0	0	0	0	0	17.2335000000000	34.4670000000000	67.2335000000000	100	100	100	55	10	29.2857500000000	48.5715000000000	65.6632500000000	82.7550000000000	87.0917500000000	91.4285000000000	91.4285000000000	91.4285000000000	52.7550000000000	14.0815000000000	12.0407500000000	10	10	10	9.78475000000000	9.56950000000000	4.78475000000000	0	0	0	0	0	0	0	0	0	0	0	0	0	4.76200000000000	9.52400000000000	4.76200000000000	0	0	0	0	0	0	0	25	50	50	50	50	50	50	50	50	50	25.4762500000000	0.952500000000000	0.952500000000000	0.952500000000000	5.47625000000000	10	10	10	10	10	13.2142500000000	16.4285000000000	58.2142500000000	100	100	100	100	100	100	100	100	100	100	100	100	100	100	100	60.7142500000000	21.4285000000000	10.7142500000000	0	0	0	0	0	0	0	0	0	0	0	0	0	0	0	0	0
0	0	0	0	0	0	0	0	0	0	0	0	0	0	0	0	0	0	0	0	0	0	3.74150000000000	7.48300000000000	53.7415000000000	100	100	100	55	10	48.5715000000000	87.1430000000000	93.5715000000000	100	100	100	100	100	55.6120000000000	11.2240000000000	10.6120000000000	10	10	10	9.76200000000000	9.52400000000000	4.76200000000000	0	0	0	0	0	0	0	0	0	0	0	0	0	0	0	0	0	0	0	0	0	0	0	0	0	0	0	0	0	0	0	0	0	0	0	0	0	5	10	10	10	10	10	16.4285000000000	22.8570000000000	61.4285000000000	100	100	100	100	100	100	100	100	100	100	100	100	100	100	100	71.4285000000000	42.8570000000000	21.4285000000000	0	0	0	0	0	0	0	0	0	0	0	0	0	0	0	0	0
0	0	0	0	0	0	0	0	0	0	0	0	0	0	0	0	0	0	0	0	0	0	1.87075000000000	3.74150000000000	51.8707500000000	100	100	100	77.5000000000000	55	74.2857500000000	93.5715000000000	96.7857500000000	100	100	100	77.5000000000000	55	32.8060000000000	10.6120000000000	10.3060000000000	10	10	10	9.76200000000000	9.52400000000000	4.76200000000000	0	0	0	2.50000000000000	5	5	5	5	5	4.76200000000000	4.52400000000000	4.52400000000000	4.52400000000000	4.52400000000000	4.52400000000000	24.8810000000000	45.2380000000000	22.6190000000000	0	0	0	0	0	9.04750000000000	18.0950000000000	11.3095000000000	4.52400000000000	2.26200000000000	0	0	0	0	0	0	0	0	0	5	10	10	10	10	10	16.4285000000000	22.8570000000000	61.4285000000000	100	100	100	100	100	100	100	100	100	100	100	100	100	100	100	71.4285000000000	42.8570000000000	21.4285000000000	0	0	0	0	0	0	0	0	0	0	0	0	0	0	0	0	0
0	0	0	0	0	0	0	0	0	0	0	0	0	0	0	0	0	0	0	0	0	0	0	0	50	100	100	100	100	100	100	100	100	100	100	100	55	10	10	10	10	10	10	10	9.76200000000000	9.52400000000000	4.76200000000000	0	0	0	5	10	10	10	10	10	9.52400000000000	9.04800000000000	9.04800000000000	9.04800000000000	9.04800000000000	9.04800000000000	49.7620000000000	90.4760000000000	45.2380000000000	0	0	0	0	0	18.0950000000000	36.1900000000000	22.6190000000000	9.04800000000000	4.52400000000000	0	0	0	0	0	0	0	0	0	5	10	10	10	10	10	16.4285000000000	22.8570000000000	61.4285000000000	100	100	100	100	100	100	100	100	100	100	100	100	100	100	100	71.4285000000000	42.8570000000000	21.4285000000000	0	0	0	0	0	0	0	0	0	0	0	0	0	0	0	0	0
0	0	0	0	0	0	0	0	0	0	0	0	0	0	0	0	0	0	0	0	0	0	0	0	50	100	100	100	100	100	100	100	100	100	100	100	77.5000000000000	55	34.5407500000000	14.0815000000000	12.0407500000000	10	10	10	9.76200000000000	9.52400000000000	4.76200000000000	0	0.357250000000000	0.714500000000000	5.35725000000000	10	15.1020000000000	20.2040000000000	36.8367500000000	53.4695000000000	53.6395000000000	53.8095000000000	44.9320000000000	36.0545000000000	22.7892500000000	9.52400000000000	52.3810000000000	95.2380000000000	59.5237500000000	23.8095000000000	11.9047500000000	0	24.5465000000000	49.0930000000000	58.5940000000000	68.0950000000000	38.8095000000000	9.52400000000000	7.26200000000000	5	5	5	2.85725000000000	0.714500000000000	0.357250000000000	0	0	0	5	10	10	10	10	10	13.2142500000000	16.4285000000000	35.9182500000000	55.4080000000000	61.3775000000000	67.3470000000000	83.6735000000000	100	100	100	100	100	100	100	100	100	100	100	60.7142500000000	21.4285000000000	10.7142500000000	0	0	0	0	0	0	0	0	0	0	0	0	0	0	0	0	0
0	0	0	0	0	0	0	0	0	0	0	0	0	0	0	0	0	0	0	0	0	0	0	0	50	100	100	100	100	100	100	100	100	100	100	100	100	100	59.0815000000000	18.1630000000000	14.0815000000000	10	10	10	9.76200000000000	9.52400000000000	4.76200000000000	0	0.714500000000000	1.42900000000000	5.71450000000000	10	20.2040000000000	30.4080000000000	63.6735000000000	96.9390000000000	97.7550000000000	98.5710000000000	80.8160000000000	63.0610000000000	36.5305000000000	10	55	100	73.8095000000000	47.6190000000000	23.8095000000000	0	49.0930000000000	98.1860000000000	99.0930000000000	100	55	10	10	10	10	10	5.71450000000000	1.42900000000000	0.714500000000000	0	0	0	5	10	10	10	10	10	10	10	10.4080000000000	10.8160000000000	22.7550000000000	34.6940000000000	67.3470000000000	100	100	100	100	100	100	100	100	100	100	100	50	0	0	0	0	0	0	0	0	0	0	0	0	0	0	0	0	0	0	0
0	0	0	0	0	0	0	0	0	0	0	0	0	0	0	0	0	0	0	0	0	0	0	0	39.2857500000000	78.5715000000000	89.2857500000000	100	100	100	100	100	100	100	100	100	100	100	57.0407500000000	14.0815000000000	12.0407500000000	10	10	10	9.76200000000000	9.52400000000000	4.76200000000000	0	2.85725000000000	5.71450000000000	12.1430000000000	18.5715000000000	41.8877500000000	65.2040000000000	81.8367500000000	98.4695000000000	98.8775000000000	99.2855000000000	90.4080000000000	81.5305000000000	68.2652500000000	55	77.5000000000000	100	86.9047500000000	73.8095000000000	61.9047500000000	50	74.5465000000000	99.0930000000000	77.0465000000000	55	32.5000000000000	10	10	10	10	10	7.85725000000000	5.71450000000000	2.85725000000000	0	0	0	2.50000000000000	5	7.50000000000000	10	10	10	10	10	10.2040000000000	10.4080000000000	16.3775000000000	22.3470000000000	38.6735000000000	55	77.5000000000000	100	100	100	100	100	100	100	100	100	50	0	0	0	0	0	0	0	0	0	0	0	0	0	0	0	0	0	0	0
0	0	0	0	0	0	0	0	0	0	0	0	0	0	0	0	0	0	0	0	0	0	0	0	28.5715000000000	57.1430000000000	78.5715000000000	100	100	100	100	100	100	100	100	100	100	100	55	10	10	10	10	10	9.76200000000000	9.52400000000000	4.76200000000000	0	5	10	18.5715000000000	27.1430000000000	63.5715000000000	100	100	100	100	100	100	100	100	100	100	100	100	100	100	100	100	100	55	10	10	10	10	10	10	10	10	10	5	0	0	0	0	0	5	10	10	10	10	10	10	10	10	10	10	10	55	100	100	100	100	100	100	100	100	100	50	0	0	0	0	0	0	0	0	0	0	0	0	0	0	0	0	0	0	0
0	0	0	0	0	0	0	0	0	0	0	0	0	0	0	0	0	0	0	0	0	0	0	0	14.2857500000000	28.5715000000000	64.2857500000000	100	100	100	100	100	99.1837500000000	98.3675000000000	76.6837500000000	55	55	55	32.5000000000000	10	10	10	10	10	9.88100000000000	9.76200000000000	4.88100000000000	0	5	10	36.7857500000000	63.5715000000000	81.7857500000000	100	100	100	100	100	100	100	100	100	100	100	100	100	100	100	100	100	55	10	10	10	10	10	10	10	10	10	5.34575000000000	0.691500000000000	0.345750000000000	0	0	0	5	10	10	10	10	10	10	10	10	10	10	10	32.5000000000000	55	55	55	64.6427500000000	74.2855000000000	87.1427500000000	100	99.3765000000000	98.7530000000000	49.3765000000000	0	0	0	0	0	0	0	0	0	0	0	0	0	0	0	0	0	0	0
0	0	0	0	0	0	0	0	0	0	0	0	0	0	0	0	0	0	0	0	0	0	0	0	0	0	50	100	100	100	100	100	98.3675000000000	96.7350000000000	53.3675000000000	10	10	10	10	10	10	10	10	10	10	10	5	0	5	10	55	100	100	100	100	100	100	100	100	100	100	100	100	100	100	100	100	100	100	100	55	10	10	10	10	10	10	10	10	10	5.69150000000000	1.38300000000000	0.691500000000000	0	0	0	5	10	10	10	10	10	10	10	10	10	10	10	10	10	10	10	29.2855000000000	48.5710000000000	74.2855000000000	100	98.7530000000000	97.5060000000000	48.7530000000000	0	0	0	0	0	0	0	0	0	0	0	0	0	0	0	0	0	0	0
0	0	0	0	0	0	0	0	0	0	0	0	0	0	0	0	0	0	0	0	0	0	0	0	0	0	40.4762500000000	80.9525000000000	90.4762500000000	100	100	100	76.6837500000000	53.3675000000000	31.6837500000000	10	10	10	10	10	10	10	10	10	10	10	7.50000000000000	5	7.50000000000000	10	32.5000000000000	55	55	55	77.5000000000000	100	100	100	100	100	100	100	100	100	100	100	100	100	100	100	62.5000000000000	25	17.5000000000000	10	32.5000000000000	55	55	55	55	55	30.3457500000000	5.69150000000000	2.85700000000000	0.0225000000000000	0.0112500000000000	0	5	10	10	10	10	10	10.4082500000000	10.8165000000000	12.5510000000000	14.2855000000000	14.2855000000000	14.2855000000000	12.1427500000000	10	10	10	29.2855000000000	48.5710000000000	74.2855000000000	100	86.2812500000000	72.5625000000000	36.2812500000000	0	0	0	0	0	0	0	0	0	0	0	0	0	0	0	0	0	0	0
0	0	0	0	0	0	0	0	0	0	0	0	0	0	0	0	0	0	0	0	0	0	0	0	0	0	30.9525000000000	61.9050000000000	80.9525000000000	100	100	100	55	10	10	10	10	10	10	10	10	10	10	10	10	10	10	10	10	10	10	10	10	10	55	100	100	100	100	100	100	100	100	100	100	100	100	100	100	100	70	40	25	10	55	100	100	100	100	100	55	10	5.02250000000000	0.0450000000000000	0.0225000000000000	0	5	10	10	10	10	10	10.8165000000000	11.6330000000000	15.1020000000000	18.5710000000000	18.5710000000000	18.5710000000000	14.2855000000000	10	10	10	29.2855000000000	48.5710000000000	74.2855000000000	100	73.8095000000000	47.6190000000000	23.8095000000000	0	0	0	0	0	0	0	0	0	0	0	0	0	0	0	0	0	0	0
0	0	0	0	0	0	0	0	0	0	0	0	0	0	0	0	0	0	0	0	0	0	0	0	0	0	15.4762500000000	30.9525000000000	65.4762500000000	100	100	100	55	10	13.2142500000000	16.4285000000000	16.4285000000000	16.4285000000000	13.2142500000000	10	13.0612500000000	16.1225000000000	16.2755000000000	16.4285000000000	13.2142500000000	10	10	10	10	10	10	10	32.5000000000000	55	77.5000000000000	100	100	100	77.5000000000000	55	55	55	67.3980000000000	79.7960000000000	89.8980000000000	100	100	100	100	100	85	70	62.5000000000000	55	77.5000000000000	100	100	100	100	100	60.0510000000000	20.1020000000000	10.1812500000000	0.260500000000000	2.63025000000000	5	7.50000000000000	10	10	10	10	10	30.3062500000000	50.6125000000000	54.9490000000000	59.2855000000000	59.2855000000000	59.2855000000000	57.1427500000000	55	55	55	64.6427500000000	74.2855000000000	87.1427500000000	100	61.9047500000000	23.8095000000000	11.9047500000000	0	0	0	0	0	0	0	0	0	0	0	0	0	0	0	0	0	0	0
0	0	0	0	0	0	0	0	0	0	0	0	0	0	0	0	0	0	0	0	0	0	0	0	0	0	0	0	50	100	100	100	55	10	16.4285000000000	22.8570000000000	22.8570000000000	22.8570000000000	16.4285000000000	10	16.1225000000000	22.2450000000000	22.5510000000000	22.8570000000000	16.4285000000000	10	10	10	10	10	10	10	55	100	100	100	100	100	55	10	10	10	34.7960000000000	59.5920000000000	79.7960000000000	100	100	100	100	100	100	100	100	100	100	100	100	100	100	100	65.1020000000000	30.2040000000000	15.3400000000000	0.476000000000000	5.23800000000000	10	10	10	10	10	10	10	49.7960000000000	89.5920000000000	94.7960000000000	100	100	100	100	100	100	100	100	100	100	100	50	0	0	0	0	0	0	0	0	0	0	0	0	0	0	0	0	0	0	0	0	0
0	0	0	0	0	0	0	0	0	0	0	0	0	0	0	0	0	0	0	0	0	0	0	0	0	0	0	0	48.4127500000000	96.8255000000000	98.4127500000000	100	77.5000000000000	55	58.2142500000000	61.4285000000000	61.4285000000000	61.4285000000000	35.7142500000000	10	34.4897500000000	58.9795000000000	60.2040000000000	61.4285000000000	35.7142500000000	10	10	10	10	10	10	10	32.5000000000000	55	73.2142500000000	91.4285000000000	85.3570000000000	79.2855000000000	44.6427500000000	10	32.5000000000000	55	67.3980000000000	79.7960000000000	89.8980000000000	100	100	100	100	100	100	100	100	100	100	100	100	100	100	100	82.5510000000000	65.1020000000000	32.7890000000000	0.476000000000000	5.23800000000000	10	10	10	10	10	10	10	29.8980000000000	49.7960000000000	74.8980000000000	100	100	100	100	100	100	100	100	100	88.0952500000000	76.1905000000000	38.0952500000000	0	0	0	0	0	0	0	0	0	0	0	0	0	0	0	0	0	0	0	0	0
0	0	0	0	0	0	0	0	0	0	0	0	0	0	0	0	0	0	0	0	0	0	0	0	0	0	0	0	46.8255000000000	93.6510000000000	96.8255000000000	100	100	100	100	100	100	100	55	10	52.8570000000000	95.7140000000000	97.8570000000000	100	55	10	10	10	10	10	10	10	10	10	46.4285000000000	82.8570000000000	70.7140000000000	58.5710000000000	34.2855000000000	10	55	100	100	100	100	100	100	100	100	100	100	100	100	100	100	100	100	100	100	100	100	100	50.2380000000000	0.476000000000000	5.23800000000000	10	10	10	10	10	10	10	10	10	55	100	100	100	100	100	100	100	100	100	76.1905000000000	52.3810000000000	26.1905000000000	0	0	0	0	0	0	0	0	0	0	0	0	0	0	0	0	0	0	0	0	0
0	0	0	0	0	0	0	0	0	0	0	0	0	0	0	0	0	0	0	0	0	0	0	0	0	0	0	0	23.4127500000000	46.8255000000000	73.4127500000000	100	100	100	100	100	100	100	61.9897500000000	23.9795000000000	60.1020000000000	96.2245000000000	98.1122500000000	100	55	10	10	10	10	10	10	10	10	10	28.2142500000000	46.4285000000000	40.3570000000000	34.2855000000000	30.7142500000000	27.1430000000000	63.5715000000000	100	100	100	100	100	100	100	100	100	100	100	100	100	100	100	100	100	100	100	100	100	50.2380000000000	0.476000000000000	5.23800000000000	10	10	10	10	10	10	10	10	10	55	100	100	100	100	100	100	100	100	100	63.0952500000000	26.1905000000000	13.0952500000000	0	0	0	0	0	0	0	0	0	0	0	0	0	0	0	0	0	0	0	0	0
0	0	0	0	0	0	0	0	0	0	0	0	0	0	0	0	0	0	0	0	0	0	0	0	0	0	0	0	0	0	50	100	100	100	100	100	100	100	68.9795000000000	37.9590000000000	67.3470000000000	96.7350000000000	98.3675000000000	100	55	10	10	10	10	10	10	10	10	10	10	10	10	10	27.1430000000000	44.2860000000000	72.1430000000000	100	100	100	100	100	100	100	100	100	100	100	100	100	100	100	100	100	100	100	100	100	50.2380000000000	0.476000000000000	5.23800000000000	10	10	10	10	10	10	10	10	10	55	100	100	100	100	100	100	100	100	100	50	0	0	0	0	0	0	0	0	0	0	0	0	0	0	0	0	0	0	0	0	0	0	0
0	0	0	0	0	0	0	0	0	0	0	0	0	0	0	0	0	0	0	0	0	0	0	0	0	0	0	0	0	0	47.9592500000000	95.9185000000000	97.9592500000000	100	100	100	100	100	84.4897500000000	68.9795000000000	83.6735000000000	98.3675000000000	99.1837500000000	100	55	10	10	10	10	10	10	10	10	10	10	10	10	10	24.6940000000000	39.3880000000000	47.1940000000000	55	55	55	66.7857500000000	78.5715000000000	89.2857500000000	100	100	100	95.7142500000000	91.4285000000000	84.6937500000000	77.9590000000000	87.4490000000000	96.9390000000000	98.4695000000000	100	100	100	100	100	50.2040000000000	0.408000000000000	5.20400000000000	10	10	10	16.4285000000000	22.8570000000000	22.8570000000000	22.8570000000000	16.4285000000000	10	36.3265000000000	62.6530000000000	81.3265000000000	100	100	100	100	100	100	100	50	0	0	0	0	0	0	0	0	0	0	0	0	0	0	0	0	0	0	0	0	0	0	0
0	0	0	0	0	0	0	0	0	0	0	0	0	0	0	0	0	0	0	0	0	0	0	0	0	0	0	0	0	0	45.9185000000000	91.8370000000000	95.9185000000000	100	100	100	100	100	100	100	100	100	100	100	55	10	10	10	10	10	10	10	10	10	10	10	10	10	22.2450000000000	34.4900000000000	22.2450000000000	10	10	10	33.5715000000000	57.1430000000000	78.5715000000000	100	100	100	91.4285000000000	82.8570000000000	69.3875000000000	55.9180000000000	74.8980000000000	93.8780000000000	96.9390000000000	100	100	100	100	100	50.1700000000000	0.340000000000000	5.17000000000000	10	10	10	22.8570000000000	35.7140000000000	35.7140000000000	35.7140000000000	22.8570000000000	10	17.6530000000000	25.3060000000000	62.6530000000000	100	100	100	100	100	100	100	50	0	0	0	0	0	0	0	0	0	0	0	0	0	0	0	0	0	0	0	0	0	0	0
0	0	0	0	0	0	0	0	0	0	0	0	0	0	0	0	0	0	0	0	0	0	0	0	0	0	0	0	0	0	22.9592500000000	45.9185000000000	72.9592500000000	100	100	100	93.5715000000000	87.1430000000000	86.0715000000000	85	85	85	70	55	32.5000000000000	10	10	10	10	10	10	10	10	10	10	10	10	10	16.1225000000000	22.2450000000000	16.1225000000000	10	10	10	33.5715000000000	57.1430000000000	78.5715000000000	100	100	100	73.2142500000000	46.4285000000000	39.6937500000000	32.9590000000000	42.4490000000000	51.9390000000000	53.4695000000000	55	57.1427500000000	59.2855000000000	57.1427500000000	55	27.5850000000000	0.170000000000000	5.08500000000000	10	11.0715000000000	12.1430000000000	40	67.8570000000000	67.8570000000000	67.8570000000000	61.4285000000000	55	42.0407500000000	29.0815000000000	42.0407500000000	55	77.5000000000000	100	100	100	84.5237500000000	69.0475000000000	34.5237500000000	0	0	0	0	0	0	0	0	0	0	0	0	0	0	0	0	0	0	0	0	0	0	0
0	0	0	0	0	0	0	0	0	0	0	0	0	0	0	0	0	0	0	0	0	0	0	0	0	0	0	0	0	0	0	0	50	100	100	100	87.1430000000000	74.2860000000000	72.1430000000000	70	70	70	40	10	10	10	10	10	10	10	10	10	10	10	10	10	10	10	10	10	10	10	10	10	33.5715000000000	57.1430000000000	78.5715000000000	100	100	100	55	10	10	10	10	10	10	10	14.2855000000000	18.5710000000000	14.2855000000000	10	5	0	5	10	12.1430000000000	14.2860000000000	57.1430000000000	100	100	100	100	100	66.4285000000000	32.8570000000000	21.4285000000000	10	55	100	100	100	69.0475000000000	38.0950000000000	19.0475000000000	0	0	0	0	0	0	0	0	0	0	0	0	0	0	0	0	0	0	0	0	0	0	0
0	0	0	0	0	0	0	0	0	0	0	0	0	0	0	0	0	0	0	0	0	0	0	0	0	0	0	0	0	0	0	0	44.0475000000000	88.0950000000000	94.0475000000000	100	81.6327500000000	63.2655000000000	51.6327500000000	40	40	40	25	10	10	10	10	10	10	10	8.27100000000000	6.54200000000000	8.27100000000000	10	10	10	10	10	18.5715000000000	27.1430000000000	23.4695000000000	19.7960000000000	14.8980000000000	10	33.5715000000000	57.1430000000000	78.5715000000000	100	100	100	55	10	10	10	10	10	10	10	12.1427500000000	14.2855000000000	11.2810000000000	8.27650000000000	4.13825000000000	0	5	10	11.0715000000000	12.1430000000000	56.0715000000000	100	100	100	100	100	83.2142500000000	66.4285000000000	60.7142500000000	55	77.5000000000000	100	100	100	59.5237500000000	19.0475000000000	9.52375000000000	0	0	0	0	0	0	0	0	0	0	0	0	0	0	0	0	0	0	0	0	0	0	0
0	0	0	0	0	0	0	0	0	0	0	0	0	0	0	0	0	0	0	0	0	0	0	0	0	0	0	0	0	0	0	0	38.0950000000000	76.1900000000000	88.0950000000000	100	76.1225000000000	52.2450000000000	31.1225000000000	10	10	10	10	10	10	10	10	10	10	10	6.54200000000000	3.08400000000000	6.54200000000000	10	10	10	10	10	27.1430000000000	44.2860000000000	36.9390000000000	29.5920000000000	19.7960000000000	10	33.5715000000000	57.1430000000000	78.5715000000000	100	100	100	55	10	10	10	10	10	10	10	10	10	8.27650000000000	6.55300000000000	3.27650000000000	0	5	10	10	10	55	100	100	100	100	100	100	100	100	100	100	100	100	100	50	0	0	0	0	0	0	0	0	0	0	0	0	0	0	0	0	0	0	0	0	0	0	0	0	0
0	0	0	0	0	0	0	0	0	0	0	0	0	0	0	0	0	0	0	0	0	0	0	0	0	0	0	0	0	0	0	0	19.0475000000000	38.0950000000000	69.0475000000000	100	88.0612500000000	76.1225000000000	43.9795000000000	11.8365000000000	20.1020000000000	28.3675000000000	28.8265000000000	29.2855000000000	19.6427500000000	10	10	10	10	10	8.27100000000000	6.54200000000000	5.77100000000000	5	7.50000000000000	10	10	10	41.0715000000000	72.1430000000000	68.4695000000000	64.7960000000000	37.3980000000000	10	44.2857500000000	78.5715000000000	89.2857500000000	100	100	100	77.5000000000000	55	55	55	42.1427500000000	29.2855000000000	19.6427500000000	10	10	10	6.63825000000000	3.27650000000000	1.63825000000000	0	5	10	10	10	33.7245000000000	57.4490000000000	69.0817500000000	80.7145000000000	80.7145000000000	80.7145000000000	83.0102500000000	85.3060000000000	92.6530000000000	100	100	100	75	50	25	0	0	0	0	0	0	0	0	0	0	0	0	0	0	0	0	0	0	0	0	0	0	0	0	0
0	0	0	0	0	0	0	0	0	0	0	0	0	0	0	0	0	0	0	0	0	0	0	0	0	0	0	0	0	0	0	0	0	0	50	100	100	100	56.8365000000000	13.6730000000000	30.2040000000000	46.7350000000000	47.6530000000000	48.5710000000000	29.2855000000000	10	10	10	10	10	10	10	5	0	5	10	10	10	55	100	100	100	55	10	55	100	100	100	100	100	100	100	100	100	74.2855000000000	48.5710000000000	29.2855000000000	10	10	10	5	0	0	0	5	10	10	10	12.4490000000000	14.8980000000000	38.1635000000000	61.4290000000000	61.4290000000000	61.4290000000000	66.0205000000000	70.6120000000000	85.3060000000000	100	100	100	50	0	0	0	0	0	0	0	0	0	0	0	0	0	0	0	0	0	0	0	0	0	0	0	0	0	0	0
0	0	0	0	0	0	0	0	0	0	0	0	0	0	0	0	0	0	0	0	0	0	0	0	0	0	0	0	0	0	0	0	0	0	45.2380000000000	90.4760000000000	95.2380000000000	100	78.4182500000000	56.8365000000000	65.1020000000000	73.3675000000000	73.8265000000000	74.2855000000000	63.5712500000000	52.8570000000000	31.4285000000000	10	10	10	10	10	5	0	3.21425000000000	6.42850000000000	15.7142500000000	25	62.5000000000000	100	100	100	77.5000000000000	55	77.5000000000000	100	100	100	100	100	100	100	89.2857500000000	78.5715000000000	65.7142500000000	52.8570000000000	31.4285000000000	10	7.68700000000000	5.37400000000000	2.68700000000000	0	2.38100000000000	4.76200000000000	7.38100000000000	10	10	10	11.2245000000000	12.4490000000000	24.0817500000000	35.7145000000000	35.7145000000000	35.7145000000000	40.5612500000000	45.4080000000000	72.7040000000000	100	83.7302500000000	67.4605000000000	33.7302500000000	0	0	0	0	0	0	0	0	0	0	0	0	0	0	0	0	0	0	0	0	0	0	0	0	0	0	0
0	0	0	0	0	0	0	0	0	0	0	0	0	0	0	0	0	0	0	0	0	0	0	0	0	0	0	0	0	0	0	0	0	0	40.4760000000000	80.9520000000000	90.4760000000000	100	100	100	100	100	100	100	97.8570000000000	95.7140000000000	52.8570000000000	10	10	10	10	10	5	0	1.42850000000000	2.85700000000000	21.4285000000000	40	70	100	100	100	100	100	100	100	100	100	100	100	100	100	78.5715000000000	57.1430000000000	57.1430000000000	57.1430000000000	33.5715000000000	10	5.37400000000000	0.748000000000000	0.374000000000000	0	4.76200000000000	9.52400000000000	9.76200000000000	10	10	10	10	10	10	10	10	10	15.1020000000000	20.2040000000000	60.1020000000000	100	67.4605000000000	34.9210000000000	17.4605000000000	0	0	0	0	0	0	0	0	0	0	0	0	0	0	0	0	0	0	0	0	0	0	0	0	0	0	0
0	0	0	0	0	0	0	0	0	0	0	0	0	0	0	0	0	0	0	0	0	0	0	0	0	0	0	0	0	0	0	0	0	0	20.2380000000000	40.4760000000000	70.2380000000000	100	100	100	100	100	100	100	98.9285000000000	97.8570000000000	53.9285000000000	10	10	10	10	10	5.99775000000000	1.99550000000000	2.42625000000000	2.85700000000000	28.5712500000000	54.2855000000000	77.1427500000000	100	100	100	100	100	100	100	100	100	100	100	92.8572500000000	85.7145000000000	59.6430000000000	33.5715000000000	33.5715000000000	33.5715000000000	21.7857500000000	10	5.18700000000000	0.374000000000000	1.37175000000000	2.36950000000000	6.06575000000000	9.76200000000000	9.88100000000000	10	10	10	10	10	11.6837500000000	13.3675000000000	34.1837500000000	55	57.5510000000000	60.1020000000000	80.0510000000000	100	58.7302500000000	17.4605000000000	8.73025000000000	0	0	0	0	0	0	0	0	0	0	0	0	0	0	0	0	0	0	0	0	0	0	0	0	0	0	0
0	0	0	0	0	0	0	0	0	0	0	0	0	0	0	0	0	0	0	0	0	0	0	0	0	0	0	0	0	0	0	0	0	0	0	0	50	100	100	100	100	100	100	100	100	100	55	10	10	10	10	10	6.99550000000000	3.99100000000000	3.42400000000000	2.85700000000000	35.7140000000000	68.5710000000000	84.2855000000000	100	100	100	100	100	100	100	100	100	100	100	85.7145000000000	71.4290000000000	40.7145000000000	10	10	10	10	10	5	0	2.36950000000000	4.73900000000000	7.36950000000000	10	10	10	10	10	10	10	13.3675000000000	16.7350000000000	58.3675000000000	100	100	100	100	100	50	0	0	0	0	0	0	0	0	0	0	0	0	0	0	0	0	0	0	0	0	0	0	0	0	0	0	0	0	0
0	0	0	0	0	0	0	0	0	0	0	0	0	0	0	0	0	0	0	0	0	0	0	0	0	0	0	0	0	0	0	0	0	0	0	0	25	50	75	100	100	100	100	100	100	100	55	10	10	10	10	10	8.24275000000000	6.48550000000000	4.67125000000000	2.85700000000000	21.0712500000000	39.2855000000000	47.1427500000000	55	55	55	77.5000000000000	100	100	100	100	100	100	100	92.8572500000000	85.7145000000000	70.3572500000000	55	32.5000000000000	10	7.70400000000000	5.40800000000000	2.70400000000000	0	3.58275000000000	7.16550000000000	8.58275000000000	10	10	10	10	10	10	10	34.1837500000000	58.3675000000000	79.1837500000000	100	100	100	82.6530000000000	65.3060000000000	32.6530000000000	0	0	0	0	0	0	0	0	0	0	0	0	0	0	0	0	0	0	0	0	0	0	0	0	0	0	0	0	0
0	0	0	0	0	0	0	0	0	0	0	0	0	0	0	0	0	0	0	0	0	0	0	0	0	0	0	0	0	0	0	0	0	0	0	0	0	0	50	100	100	100	100	100	100	100	55	10	10	10	10	10	9.49000000000000	8.98000000000000	5.91850000000000	2.85700000000000	6.42850000000000	10	10	10	10	10	55	100	100	100	100	100	100	100	100	100	100	100	55	10	5.40800000000000	0.816000000000000	0.408000000000000	0	4.79600000000000	9.59200000000000	9.79600000000000	10	10	10	10	10	10	10	55	100	100	100	100	100	65.3060000000000	30.6120000000000	15.3060000000000	0	0	0	0	0	0	0	0	0	0	0	0	0	0	0	0	0	0	0	0	0	0	0	0	0	0	0	0	0
0	0	0	0	0	0	0	0	0	0	0	0	0	0	0	0	0	0	0	0	0	0	0	0	0	0	0	0	0	0	0	0	0	0	0	0	0	0	25	50	74.2630000000000	98.5260000000000	99.2630000000000	100	77.5000000000000	55	32.5000000000000	10	23.9285000000000	37.8570000000000	35.2040000000000	32.5510000000000	21.0205000000000	9.49000000000000	7.95925000000000	6.42850000000000	8.21425000000000	10	10	10	10	10	55	100	100	100	87.1427500000000	74.2855000000000	64.6427500000000	55	55	55	55	55	32.5000000000000	10	5.20400000000000	0.408000000000000	2.56800000000000	4.72800000000000	7.26200000000000	9.79600000000000	9.89800000000000	10	10	10	32.5000000000000	55	55	55	77.5000000000000	100	100	100	96.3152500000000	92.6305000000000	53.9682500000000	15.3060000000000	7.65300000000000	0	0	0	0	0	0	0	0	0	0	0	0	0	0	0	0	0	0	0	0	0	0	0	0	0	0	0	0	0
0	0	0	0	0	0	0	0	0	0	0	0	0	0	0	0	0	0	0	0	0	0	0	0	0	0	0	0	0	0	0	0	0	0	0	0	0	0	0	0	48.5260000000000	97.0520000000000	98.5260000000000	100	55	10	10	10	37.8570000000000	65.7140000000000	60.4080000000000	55.1020000000000	32.5510000000000	10	10	10	10	10	10	10	10	10	55	100	100	100	74.2855000000000	48.5710000000000	29.2855000000000	10	10	10	10	10	10	10	5	0	4.72800000000000	9.45600000000000	9.72800000000000	10	10	10	10	10	55	100	100	100	100	100	100	100	92.6305000000000	85.2610000000000	42.6305000000000	0	0	0	0	0	0	0	0	0	0	0	0	0	0	0	0	0	0	0	0	0	0	0	0	0	0	0	0	0	0	0
0	0	0	0	0	0	0	0	0	0	0	0	0	0	0	0	0	0	0	0	0	0	0	0	0	0	0	0	0	0	0	0	0	0	0	0	0	0	0	0	32.1995000000000	64.3990000000000	82.1995000000000	100	77.5000000000000	55	55	55	53.9285000000000	52.8570000000000	42.7040000000000	32.5510000000000	21.2755000000000	10	10	10	32.5000000000000	55	55	55	55	55	77.5000000000000	100	100	100	87.1427500000000	74.2855000000000	57.1427500000000	40	40	40	25	10	10	10	7.34125000000000	4.68250000000000	7.20525000000000	9.72800000000000	9.86400000000000	10	31.4285000000000	52.8570000000000	53.9285000000000	55	77.5000000000000	100	100	100	100	100	96.8255000000000	93.6510000000000	68.1407500000000	42.6305000000000	21.3152500000000	0	0	0	0	0	0	0	0	0	0	0	0	0	0	0	0	0	0	0	0	0	0	0	0	0	0	0	0	0	0	0
0	0	0	0	0	0	0	0	0	0	0	0	0	0	0	0	0	0	0	0	0	0	0	0	0	0	0	0	0	0	0	0	0	0	0	0	0	0	0	0	15.8730000000000	31.7460000000000	65.8730000000000	100	100	100	100	100	70	40	25	10	10	10	10	10	55	100	100	100	100	100	100	100	100	100	100	100	85	70	70	70	40	10	10	10	9.68250000000000	9.36500000000000	9.68250000000000	10	10	10	52.8570000000000	95.7140000000000	97.8570000000000	100	100	100	100	100	100	100	93.6510000000000	87.3020000000000	43.6510000000000	0	0	0	0	0	0	0	0	0	0	0	0	0	0	0	0	0	0	0	0	0	0	0	0	0	0	0	0	0	0	0	0	0
0	0	0	0	0	0	0	0	0	0	0	0	0	0	0	0	0	0	0	0	0	0	0	0	0	0	0	0	0	0	0	0	0	0	0	0	0	0	0	0	7.93650000000000	15.8730000000000	57.9365000000000	100	100	100	100	100	62.5000000000000	25	34.7960000000000	44.5920000000000	27.2960000000000	10	10	10	32.5000000000000	55	55	55	57.7550000000000	60.5100000000000	80.2550000000000	100	100	100	100	100	82.5510000000000	65.1020000000000	54.6937500000000	44.2855000000000	27.1427500000000	10	10	10	9.84125000000000	9.68250000000000	9.84125000000000	10	10	10	53.9285000000000	97.8570000000000	98.9285000000000	100	100	100	100	100	100	100	71.8255000000000	43.6510000000000	21.8255000000000	0	0	0	0	0	0	0	0	0	0	0	0	0	0	0	0	0	0	0	0	0	0	0	0	0	0	0	0	0	0	0	0	0
0	0	0	0	0	0	0	0	0	0	0	0	0	0	0	0	0	0	0	0	0	0	0	0	0	0	0	0	0	0	0	0	0	0	0	0	0	0	0	0	0	0	50	100	100	100	100	100	55	10	44.5920000000000	79.1840000000000	44.5920000000000	10	10	10	10	10	10	10	15.5100000000000	21.0200000000000	60.5100000000000	100	100	100	100	100	80.1020000000000	60.2040000000000	39.3875000000000	18.5710000000000	14.2855000000000	10	10	10	10	10	10	10	10	10	55	100	100	100	100	100	100	100	100	100	50	0	0	0	0	0	0	0	0	0	0	0	0	0	0	0	0	0	0	0	0	0	0	0	0	0	0	0	0	0	0	0	0	0	0	0
0	0	0	0	0	0	0	0	0	0	0	0	0	0	0	0	0	0	0	0	0	0	0	0	0	0	0	0	0	0	0	0	0	0	0	0	0	0	0	0	0	0	25	50	75	100	100	100	72.9082500000000	45.8165000000000	67.7042500000000	89.5920000000000	49.7960000000000	10	10	10	10	10	16.5305000000000	23.0610000000000	36.4282500000000	49.7955000000000	74.8977500000000	100	100	100	100	100	67.5510000000000	35.1020000000000	24.6937500000000	14.2855000000000	24.3877500000000	34.4900000000000	22.2450000000000	10	10	10	10	10	10	10	53.9285000000000	97.8570000000000	98.9285000000000	100	100	100	98.1860000000000	96.3720000000000	73.1860000000000	50	25	0	0	0	0	0	0	0	0	0	0	0	0	0	0	0	0	0	0	0	0	0	0	0	0	0	0	0	0	0	0	0	0	0	0	0
0	0	0	0	0	0	0	0	0	0	0	0	0	0	0	0	0	0	0	0	0	0	0	0	0	0	0	0	0	0	0	0	0	0	0	0	0	0	0	0	0	0	0	0	50	100	100	100	90.8165000000000	81.6330000000000	90.8165000000000	100	55	10	10	10	10	10	23.0610000000000	36.1220000000000	57.3465000000000	78.5710000000000	89.2855000000000	100	100	100	100	100	55	10	10	10	34.4900000000000	58.9800000000000	34.4900000000000	10	10	10	10	10	10	10	52.8570000000000	95.7140000000000	97.8570000000000	100	100	100	96.3720000000000	92.7440000000000	46.3720000000000	0	0	0	0	0	0	0	0	0	0	0	0	0	0	0	0	0	0	0	0	0	0	0	0	0	0	0	0	0	0	0	0	0	0	0	0	0
0	0	0	0	0	0	0	0	0	0	0	0	0	0	0	0	0	0	0	0	0	0	0	0	0	0	0	0	0	0	0	0	0	0	0	0	0	0	0	0	0	0	0	0	50	100	100	100	95.4082500000000	90.8165000000000	91.1225000000000	91.4285000000000	68.9285000000000	46.4285000000000	41.2245000000000	36.0205000000000	23.0102500000000	10	18.1632500000000	26.3265000000000	57.8060000000000	89.2855000000000	94.6427500000000	100	88.0952500000000	76.1905000000000	88.0952500000000	100	74.8470000000000	49.6940000000000	50.9185000000000	52.1430000000000	65.8165000000000	79.4900000000000	50.1022500000000	20.7145000000000	15.3572500000000	10	10	10	10	10	32.2957500000000	54.5915000000000	77.2957500000000	100	99.0362500000000	98.0725000000000	72.2222500000000	46.3720000000000	23.1860000000000	0	0	0	0	0	0	0	0	0	0	0	0	0	0	0	0	0	0	0	0	0	0	0	0	0	0	0	0	0	0	0	0	0	0	0	0	0
0	0	0	0	0	0	0	0	0	0	0	0	0	0	0	0	0	0	0	0	0	0	0	0	0	0	0	0	0	0	0	0	0	0	0	0	0	0	0	0	0	0	0	0	50	100	100	100	100	100	91.4285000000000	82.8570000000000	82.8570000000000	82.8570000000000	72.4490000000000	62.0410000000000	36.0205000000000	10	13.2655000000000	16.5310000000000	58.2655000000000	100	100	100	76.1905000000000	52.3810000000000	76.1905000000000	100	94.6940000000000	89.3880000000000	91.8370000000000	94.2860000000000	97.1430000000000	100	65.7145000000000	31.4290000000000	20.7145000000000	10	10	10	10	10	11.7345000000000	13.4690000000000	56.7345000000000	100	98.0725000000000	96.1450000000000	48.0725000000000	0	0	0	0	0	0	0	0	0	0	0	0	0	0	0	0	0	0	0	0	0	0	0	0	0	0	0	0	0	0	0	0	0	0	0	0	0	0	0
0	0	0	0	0	0	0	0	0	0	0	0	0	0	0	0	0	0	0	0	0	0	0	0	0	0	0	0	0	0	0	0	0	0	0	0	0	0	0	0	0	0	0	0	25	50	55.6122500000000	61.2245000000000	80.6122500000000	100	95.7142500000000	91.4285000000000	91.4285000000000	91.4285000000000	86.2245000000000	81.0205000000000	58.3675000000000	35.7145000000000	24.4900000000000	13.2655000000000	42.3980000000000	71.5305000000000	73.8605000000000	76.1905000000000	51.1905000000000	26.1905000000000	63.0952500000000	100	97.3470000000000	94.6940000000000	95.9185000000000	97.1430000000000	98.5715000000000	100	60.3572500000000	20.7145000000000	33.5715000000000	46.4285000000000	30.9692500000000	15.5100000000000	30.2040000000000	44.8980000000000	50.8162500000000	56.7345000000000	78.3672500000000	100	74.0362500000000	48.0725000000000	24.0362500000000	0	0	0	0	0	0	0	0	0	0	0	0	0	0	0	0	0	0	0	0	0	0	0	0	0	0	0	0	0	0	0	0	0	0	0	0	0	0	0
0	0	0	0	0	0	0	0	0	0	0	0	0	0	0	0	0	0	0	0	0	0	0	0	0	0	0	0	0	0	0	0	0	0	0	0	0	0	0	0	0	0	0	0	0	0	11.2245000000000	22.4490000000000	61.2245000000000	100	100	100	100	100	100	100	80.7145000000000	61.4290000000000	35.7145000000000	10	26.5305000000000	43.0610000000000	47.7210000000000	52.3810000000000	26.1905000000000	0	50	100	100	100	100	100	100	100	55	10	46.4285000000000	82.8570000000000	51.9385000000000	21.0200000000000	50.4080000000000	79.7960000000000	89.8980000000000	100	100	100	50	0	0	0	0	0	0	0	0	0	0	0	0	0	0	0	0	0	0	0	0	0	0	0	0	0	0	0	0	0	0	0	0	0	0	0	0	0	0	0	0	0
0	0	0	0	0	0	0	0	0	0	0	0	0	0	0	0	0	0	0	0	0	0	0	0	0	0	0	0	0	0	0	0	0	0	0	0	0	0	0	0	0	0	0	0	0	0	5.61225000000000	11.2245000000000	30.9525000000000	50.6805000000000	75.3402500000000	100	100	100	100	100	90.3572500000000	80.7145000000000	67.8572500000000	55	63.2652500000000	71.5305000000000	50.1077500000000	28.6850000000000	14.3425000000000	0	40.3060000000000	80.6120000000000	90.3060000000000	100	100	100	100	100	77.5000000000000	55	73.2142500000000	91.4285000000000	75.9692500000000	60.5100000000000	75.2040000000000	89.8980000000000	73.4070000000000	56.9160000000000	53.4580000000000	50	25	0	0	0	0	0	0	0	0	0	0	0	0	0	0	0	0	0	0	0	0	0	0	0	0	0	0	0	0	0	0	0	0	0	0	0	0	0	0	0	0	0
0	0	0	0	0	0	0	0	0	0	0	0	0	0	0	0	0	0	0	0	0	0	0	0	0	0	0	0	0	0	0	0	0	0	0	0	0	0	0	0	0	0	0	0	0	0	0	0	0.680500000000000	1.36100000000000	50.6805000000000	100	100	100	100	100	100	100	100	100	100	100	52.4945000000000	4.98900000000000	2.49450000000000	0	30.6120000000000	61.2240000000000	80.6120000000000	100	100	100	100	100	100	100	100	100	100	100	100	100	56.9160000000000	13.8320000000000	6.91600000000000	0	0	0	0	0	0	0	0	0	0	0	0	0	0	0	0	0	0	0	0	0	0	0	0	0	0	0	0	0	0	0	0	0	0	0	0	0	0	0	0	0	0	0
0	0	0	0	0	0	0	0	0	0	0	0	0	0	0	0	0	0	0	0	0	0	0	0	0	0	0	0	0	0	0	0	0	0	0	0	0	0	0	0	0	0	0	0	0	0	0	0	0.340250000000000	0.680500000000000	25.3402500000000	50	50	50	51.1905000000000	52.3810000000000	52.3810000000000	52.3810000000000	52.3810000000000	52.3810000000000	51.1905000000000	50	26.2472500000000	2.49450000000000	1.24725000000000	0	15.3060000000000	30.6120000000000	56.2357500000000	81.8595000000000	90.9297500000000	100	100	100	100	100	80.7255000000000	61.4510000000000	56.9160000000000	52.3810000000000	51.1905000000000	50	28.4580000000000	6.91600000000000	3.45800000000000	0	0	0	0	0	0	0	0	0	0	0	0	0	0	0	0	0	0	0	0	0	0	0	0	0	0	0	0	0	0	0	0	0	0	0	0	0	0	0	0	0	0	0
0	0	0	0	0	0	0	0	0	0	0	0	0	0	0	0	0	0	0	0	0	0	0	0	0	0	0	0	0	0	0	0	0	0	0	0	0	0	0	0	0	0	0	0	0	0	0	0	0	0	0	0	0	0	2.38100000000000	4.76200000000000	4.76200000000000	4.76200000000000	4.76200000000000	4.76200000000000	2.38100000000000	0	0	0	0	0	0	0	31.8595000000000	63.7190000000000	81.8595000000000	100	100	100	100	100	61.4510000000000	22.9020000000000	13.8320000000000	4.76200000000000	2.38100000000000	0	0	0	0	0	0	0	0	0	0	0	0	0	0	0	0	0	0	0	0	0	0	0	0	0	0	0	0	0	0	0	0	0	0	0	0	0	0	0	0	0	0	0	0	0	0	0
0	0	0	0	0	0	0	0	0	0	0	0	0	0	0	0	0	0	0	0	0	0	0	0	0	0	0	0	0	0	0	0	0	0	0	0	0	0	0	0	0	0	0	0	0	0	0	0	0	0	0	0	0	0	1.19050000000000	2.38100000000000	2.38100000000000	2.38100000000000	2.38100000000000	2.38100000000000	1.19050000000000	0	0	0	0	0	0	0	15.9297500000000	31.8595000000000	40.9297500000000	50	50	50	50	50	30.7255000000000	11.4510000000000	6.91600000000000	2.38100000000000	1.19050000000000	0	0	0	0	0	0	0	0	0	0	0	0	0	0	0	0	0	0	0	0	0	0	0	0	0	0	0	0	0	0	0	0	0	0	0	0	0	0	0	0	0	0	0	0	0	0	0
0	0	0	0	0	0	0	0	0	0	0	0	0	0	0	0	0	0	0	0	0	0	0	0	0	0	0	0	0	0	0	0	0	0	0	0	0	0	0	0	0	0	0	0	0	0	0	0	0	0	0	0	0	0	0	0	0	0	0	0	0	0	0	0	0	0	0	0	0	0	0	0	0	0	0	0	0	0	0	0	0	0	0	0	0	0	0	0	0	0	0	0	0	0	0	0	0	0	0	0	0	0	0	0	0	0	0	0	0	0	0	0	0	0	0	0	0	0	0	0	0	0	0	0	0	0	0	0