0	0	0	0	0	0	0	0	0	0	0	0	0	0	0	0	0	0	0	0	0	0	0	0	0	0	0	0	0	0	0	0	0	0	0	0	0	0	0	0	0	0	0	0	0	0	0	0	0	0	0	0	0	0	0	0	0	0	0	0	0	0	0	0	0	0	0	0	0	0	0	0	0	0	0	0	0	0	0	0	0	0	0	0	0	0	0	0	0	0	0	0	0	0	0	0	0	0	0	0	0	0	0	0	0	0	0	0	0	0	0	0	0	0	0	0	0	0	0	0	0	0	0	0	0	0	0	0
0	0	0	0	0	0	0	0	0	0	0	0	0	0	0	0	0	0	0	0	0	0	0	0	0	0	0	0	0	0	0	0	0	0	0	0	0	0	0	0	0	0	0	0	0	0	0	0	0	0	0	0	0	0	0	0	0	0	0	0	0	0	0	0	0	0	0	0	0	0	0	0	0	0	0	0	0	0	0	0	0	0	0	0	0	0	0	0	0	0	0	0	0	0	0	0	0	0	0	0	0	0	0	0	0	0	0	0	0	0	0	0	0	0	0	0	0	0	0	0	0	0	0	0	0	0	0	0
0	0	0	0	0	0	0	0	0	0	0	0	0	0	0	0	0	0	0	0	0	0	0	0	0	0	0	0	0	0	0	0	0	0	0	0	0	0	0	0	0	0	0	0	0	0	0	0	0	0	0	0	0	0	0	0	0	0	0	0	0	0	0	0	0	0	0	0	0	0	0	0	0	0	0	0	0	0	0	0	0	0	0	0	0	0	0	0	0	0	0	0	0	0	0	0	0	0	0	0	0	0	0	0	0	0	0	0	0	0	0	0	0	0	0	0	0	0	0	0	0	0	0	0	0	0	0	0
0	0	0	0	0	0	0	0	0	0	0	0	0	0	0	0	0	0	0	0	0	0	0	0	0	0	0	0	0	0	0	0	0	0	0	0	0	0	0	0	0	0	0	0	0	0	0	0	0	0	0	0	0	0	0	0	0	0	0	0	0	0	0	0	0	0	0	0	0	0	0	0	0	0	0	0	0	0	0	0	0	0	0	0	0	0	0	0	0	0	0	0	0	0	0	0	0	0	0	0	0	0	0	0	0	0	0	0	0	0	0	0	0	0	0	0	0	0	0	0	0	0	0	0	0	0	0	0
0	0	0	0	0	0	0	0	0	0	0	0	0	0	0	0	0	0	0	0	0	0	0	0	0	0	0	0	0	0	0	0	0	0	0	0	0	0	0	0	0	0	0	0	0	0	0	0	0	0	0	0	0	0	0	0	0	0	0	0	0	0	0	0	0	0	0	0	0	0	0	0	0	0	0	0	0	0	0	0	0	0	0	0	0	0	0	0	0	0	0	0	0	0	0	0	0	0	0	0	0	0	0	0	0	0	0	0	0	0	0	0	0	0	0	0	0	0	0	0	0	0	0	0	0	0	0	0
0	0	0	0	0	0	0	0	0	0	0	0	0	0	0	0	0	0	0	0	0	0	0	0	0	0	0	0	0	0	0	0	0	0	0	0	0	0	0	0	0	0	0	0	0	0	0	0	0	0	0	0	0	0	0	0	0	0	0	0	0	0	0	0	0	0	0	0	0	0	0	0	0	0	0	0	0	0	0	0	0	0	0	0	0	0	0	0	0	0	0	0	0	0	0	0	0	0	0	0	0	0	0	0	0	0	0	0	0	0	0	0	0	0	0	0	0	0	0	0	0	0	0	0	0	0	0	0
0	0	0	0	0	0	0	0	0	0	0	0	0	0	0	0	0	0	0	0	0	0	0	0	0	0	0	0	0	0	0	0	0	0	0	0	0	0	0	0	0	0	0	0	0	0	0	0	0	0	0	0	0	0	0	0	3.57150000000000	7.14300000000000	7.14300000000000	7.14300000000000	7.14300000000000	7.14300000000000	7.14300000000000	7.14300000000000	3.57150000000000	0	2.04075000000000	4.08150000000000	13.7755000000000	23.4695000000000	15.3062500000000	7.14300000000000	7.14300000000000	7.14300000000000	3.57150000000000	0	0	0	0	0	0	0	0	0	0	0	0	0	0	0	0	0	0	0	0	0	0	0	0	0	0	0	0	0	0	0	0	0	0	0	0	0	0	0	0	0	0	0	0	0	0	0	0	0	0	0	0	0
0	0	0	0	0	0	0	0	0	0	0	0	0	0	0	0	0	0	0	0	0	0	0	0	0	0	0	0	0	0	0	0	0	0	0	0	0	0	0	0	0	0	0	0	0	0	0	0	0	0	0	0	0	0	0	0	7.14300000000000	14.2860000000000	14.2860000000000	14.2860000000000	14.2860000000000	14.2860000000000	14.2860000000000	14.2860000000000	7.14300000000000	0	4.08150000000000	8.16300000000000	27.5510000000000	46.9390000000000	30.6125000000000	14.2860000000000	14.2860000000000	14.2860000000000	7.14300000000000	0	0	0	0	0	0	0	0	0	0	0	0	0	0	0	0	0	0	0	0	0	0	0	0	0	0	0	0	0	0	0	0	0	0	0	0	0	0	0	0	0	0	0	0	0	0	0	0	0	0	0	0	0
0	0	0	0	0	0	0	0	0	0	0	0	0	0	0	0	0	0	0	0	0	0	0	0	0	0	0	0	0	0	0	0	0	0	0	0	0	0	0	0	0	0	0	0	0	0	0	0	4.76200000000000	9.52400000000000	29.7620000000000	50	50	50	50	50	53.5715000000000	57.1430000000000	57.1430000000000	57.1430000000000	57.1430000000000	57.1430000000000	57.1430000000000	57.1430000000000	40.4762500000000	23.8095000000000	38.9455000000000	54.0815000000000	63.7755000000000	73.4695000000000	65.3062500000000	57.1430000000000	57.1430000000000	57.1430000000000	53.5715000000000	50	50	50	25.6802500000000	1.36050000000000	0.680250000000000	0	0	0	0	0	0	0	0	0	0	0	0	0	0	0	0	0	0	0	0	0	0	0	0	0	0	0	0	0	0	0	0	0	0	0	0	0	0	0	0	0	0	0	0	0	0	0
0	0	0	0	0	0	0	0	0	0	0	0	0	0	0	0	0	0	0	0	0	0	0	0	0	0	0	0	0	0	0	0	0	0	0	0	0	0	0	0	0	0	0	0	0	0	0	0	9.52400000000000	19.0480000000000	59.5240000000000	100	100	100	100	100	100	100	100	100	100	100	100	100	73.8095000000000	47.6190000000000	73.8095000000000	100	100	100	100	100	100	100	100	100	100	100	51.3605000000000	2.72100000000000	1.36050000000000	0	0	0	0	0	0	0	0	0	0	0	0	0	0	0	0	0	0	0	0	0	0	0	0	0	0	0	0	0	0	0	0	0	0	0	0	0	0	0	0	0	0	0	0	0	0	0
0	0	0	0	0	0	0	0	0	0	0	0	0	0	0	0	0	0	0	0	0	0	0	0	0	0	0	0	0	0	0	0	0	0	0	0	0	0	0	0	0	0	0	0	6.85950000000000	13.7190000000000	31.8595000000000	50	54.7620000000000	59.5240000000000	79.7620000000000	100	100	100	100	100	100	100	91.4285000000000	82.8570000000000	88.3672500000000	93.8775000000000	96.9387500000000	100	86.9047500000000	73.8095000000000	86.9047500000000	100	100	100	100	100	100	100	100	100	100	100	75.6802500000000	51.3605000000000	50.6802500000000	50	25.2835000000000	0.567000000000000	0.283500000000000	0	0	0	0	0	0	0	0	0	0	0	0	0	0	0	0	0	0	0	0	0	0	0	0	0	0	0	0	0	0	0	0	0	0	0	0	0	0	0	0	0	0	0
0	0	0	0	0	0	0	0	0	0	0	0	0	0	0	0	0	0	0	0	0	0	0	0	0	0	0	0	0	0	0	0	0	0	0	0	0	0	0	0	0	0	0	0	13.7190000000000	27.4380000000000	63.7190000000000	100	100	100	100	100	100	100	100	100	100	100	82.8570000000000	65.7140000000000	76.7345000000000	87.7550000000000	93.8775000000000	100	100	100	100	100	100	100	100	100	100	100	100	100	100	100	100	100	100	100	50.5670000000000	1.13400000000000	0.567000000000000	0	0	0	0	0	0	0	0	0	0	0	0	0	0	0	0	0	0	0	0	0	0	0	0	0	0	0	0	0	0	0	0	0	0	0	0	0	0	0	0	0	0	0
0	0	0	0	0	0	0	0	0	0	0	0	0	0	0	0	0	0	0	0	0	0	0	0	0	0	0	0	0	0	0	0	0	0	0	0	0	0	0	0	0	0	7.14275000000000	14.2855000000000	39.0022500000000	63.7190000000000	81.8595000000000	100	100	100	100	100	100	100	100	100	100	100	78.8775000000000	57.7550000000000	53.3162500000000	48.8775000000000	74.4387500000000	100	100	100	100	100	96.0205000000000	92.0410000000000	73.5205000000000	55	55	55	55	55	76.2755000000000	97.5510000000000	98.7755000000000	100	100	100	75.2835000000000	50.5670000000000	32.4262500000000	14.2855000000000	7.14275000000000	0	0	0	0	0	0	0	0	0	0	0	0	0	0	0	0	0	0	0	0	0	0	0	0	0	0	0	0	0	0	0	0	0	0	0	0	0	0	0	0	0
0	0	0	0	0	0	0	0	0	0	0	0	0	0	0	0	0	0	0	0	0	0	0	0	0	0	0	0	0	0	0	0	0	0	0	0	0	0	0	0	0	0	14.2855000000000	28.5710000000000	64.2855000000000	100	100	100	100	100	100	100	100	100	100	100	100	100	74.8980000000000	49.7960000000000	29.8980000000000	10	55	100	100	100	100	100	92.0410000000000	84.0820000000000	47.0410000000000	10	10	10	10	10	52.5510000000000	95.1020000000000	97.5510000000000	100	100	100	100	100	64.2855000000000	28.5710000000000	14.2855000000000	0	0	0	0	0	0	0	0	0	0	0	0	0	0	0	0	0	0	0	0	0	0	0	0	0	0	0	0	0	0	0	0	0	0	0	0	0	0	0	0	0
0	0	0	0	0	0	0	0	0	0	0	0	0	0	0	0	0	0	0	0	0	0	0	0	0	0	0	0	0	0	0	0	0	0	0	0	0	0	0	0	7.93650000000000	15.8730000000000	40.0792500000000	64.2855000000000	82.1427500000000	100	100	100	100	100	100	100	100	100	88.2142500000000	76.4285000000000	65.7142500000000	55	42.4490000000000	29.8980000000000	19.9490000000000	10	51.0715000000000	92.1430000000000	96.0715000000000	100	100	100	79.2347500000000	58.4695000000000	34.2347500000000	10	10	10	10	10	31.2755000000000	52.5510000000000	76.2755000000000	100	100	100	100	100	82.1427500000000	64.2855000000000	40.0792500000000	15.8730000000000	7.93650000000000	0	0	0	0	0	0	0	0	0	0	0	0	0	0	0	0	0	0	0	0	0	0	0	0	0	0	0	0	0	0	0	0	0	0	0	0	0	0	0
0	0	0	0	0	0	0	0	0	0	0	0	0	0	0	0	0	0	0	0	0	0	0	0	0	0	0	0	0	0	0	0	0	0	0	0	0	0	0	0	15.8730000000000	31.7460000000000	65.8730000000000	100	100	100	100	100	100	100	100	100	100	100	76.4285000000000	52.8570000000000	31.4285000000000	10	10	10	10	10	47.1430000000000	84.2860000000000	92.1430000000000	100	100	100	66.4285000000000	32.8570000000000	21.4285000000000	10	10	10	10	10	10	10	55	100	100	100	100	100	100	100	65.8730000000000	31.7460000000000	15.8730000000000	0	0	0	0	0	0	0	0	0	0	0	0	0	0	0	0	0	0	0	0	0	0	0	0	0	0	0	0	0	0	0	0	0	0	0	0	0	0	0
0	0	0	0	0	0	0	0	0	0	0	0	0	0	0	0	0	0	0	0	0	0	0	0	0	0	0	0	0	0	0	0	0	0	0	0	0	0	0	0	32.9365000000000	65.8730000000000	82.9365000000000	100	91.8367500000000	83.6735000000000	91.8367500000000	100	100	100	88.7755000000000	77.5510000000000	66.2755000000000	55	43.2142500000000	31.4285000000000	20.7142500000000	10	18.5715000000000	27.1430000000000	41.0715000000000	55	73.5715000000000	92.1430000000000	96.0715000000000	100	100	100	60.7142500000000	21.4285000000000	15.7142500000000	10	10	10	10	10	10	10	55	100	100	100	78.1632500000000	56.3265000000000	55.6632500000000	55	60.4365000000000	65.8730000000000	56.4625000000000	47.0520000000000	23.5260000000000	0	0	0	0	0	0	0	0	0	0	0	0	0	0	0	0	0	0	0	0	0	0	0	0	0	0	0	0	0	0	0	0	0	0	0	0	0
0	0	0	0	0	0	0	0	0	0	0	0	0	0	0	0	0	0	0	0	0	0	0	0	0	0	0	0	0	0	0	0	0	0	0	0	0	0	0	0	50	100	100	100	83.6735000000000	67.3470000000000	83.6735000000000	100	100	100	77.5510000000000	55.1020000000000	32.5510000000000	10	10	10	10	10	27.1430000000000	44.2860000000000	72.1430000000000	100	100	100	100	100	100	100	55	10	10	10	10	10	10	10	10	10	55	100	100	100	56.3265000000000	12.6530000000000	11.3265000000000	10	55	100	97.0520000000000	94.1040000000000	47.0520000000000	0	0	0	0	0	0	0	0	0	0	0	0	0	0	0	0	0	0	0	0	0	0	0	0	0	0	0	0	0	0	0	0	0	0	0	0	0
0	0	0	0	0	0	0	0	0	0	0	0	0	0	0	0	0	0	0	0	0	0	0	0	0	0	0	0	0	0	0	0	0	0	0	0	0	0	25	50	75	100	100	100	69.3367500000000	38.6735000000000	69.3367500000000	100	100	100	66.2755000000000	32.5510000000000	21.2755000000000	10	10	10	13.2142500000000	16.4285000000000	44.2857500000000	72.1430000000000	86.0715000000000	100	100	100	100	100	100	100	63.5715000000000	27.1430000000000	18.5715000000000	10	10	10	10	10	10	10	51.7857500000000	93.5715000000000	96.7857500000000	100	55.6632500000000	11.3265000000000	33.1632500000000	55	77.5000000000000	100	98.5260000000000	97.0520000000000	57.7097500000000	18.3675000000000	9.18375000000000	0	0	0	0	0	0	0	0	0	0	0	0	0	0	0	0	0	0	0	0	0	0	0	0	0	0	0	0	0	0	0	0	0	0	0
0	0	0	0	0	0	0	0	0	0	0	0	0	0	0	0	0	0	0	0	0	0	0	0	0	0	0	0	0	0	0	0	0	0	0	0	0	0	50	100	100	100	100	100	55	10	55	100	100	100	55	10	10	10	10	10	16.4285000000000	22.8570000000000	61.4285000000000	100	100	100	100	100	100	100	100	100	72.1430000000000	44.2860000000000	27.1430000000000	10	10	10	10	10	10	10	48.5715000000000	87.1430000000000	93.5715000000000	100	55	10	55	100	100	100	100	100	68.3675000000000	36.7350000000000	18.3675000000000	0	0	0	0	0	0	0	0	0	0	0	0	0	0	0	0	0	0	0	0	0	0	0	0	0	0	0	0	0	0	0	0	0	0	0
0	0	0	0	0	0	0	0	0	0	0	0	0	0	0	0	0	0	0	0	0	0	0	0	0	0	0	0	0	0	0	0	0	0	0	0	10.2040000000000	20.4080000000000	60.2040000000000	100	100	100	100	100	55	10	55	100	100	100	63.6735000000000	27.3470000000000	18.6735000000000	10	10	10	35.7142500000000	61.4285000000000	80.7142500000000	100	100	100	100	100	100	100	100	100	86.0715000000000	72.1430000000000	41.0715000000000	10	10	10	10	10	10	10	29.2857500000000	48.5715000000000	51.7857500000000	55	32.5000000000000	10	55	100	100	100	100	100	84.1837500000000	68.3675000000000	43.8210000000000	19.2745000000000	9.63725000000000	0	0	0	0	0	0	0	0	0	0	0	0	0	0	0	0	0	0	0	0	0	0	0	0	0	0	0	0	0	0	0	0	0
0	0	0	0	0	0	0	0	0	0	0	0	0	0	0	0	0	0	0	0	0	0	0	0	0	0	0	0	0	0	0	0	0	0	0	0	20.4080000000000	40.8160000000000	70.4080000000000	100	100	100	100	100	55	10	55	100	100	100	72.3470000000000	44.6940000000000	27.3470000000000	10	10	10	55	100	100	100	100	100	100	100	100	100	100	100	100	100	55	10	10	10	10	10	10	10	10	10	10	10	10	10	55	100	100	100	100	100	100	100	69.2745000000000	38.5490000000000	19.2745000000000	0	0	0	0	0	0	0	0	0	0	0	0	0	0	0	0	0	0	0	0	0	0	0	0	0	0	0	0	0	0	0	0	0
0	0	0	0	0	0	0	0	0	0	0	0	0	0	0	0	0	0	0	0	0	0	0	0	0	0	0	0	0	0	0	0	0	0	10.6010000000000	21.2020000000000	45.8050000000000	70.4080000000000	85.2040000000000	100	100	100	100	100	55	10	55	100	100	100	86.1735000000000	72.3470000000000	41.1735000000000	10	10	10	55	100	100	100	83.6225000000000	67.2450000000000	83.6225000000000	100	100	100	100	100	100	100	77.5000000000000	55	32.5000000000000	10	10	10	10	10	10	10	10	10	10	10	55	100	100	100	100	100	100	100	84.6372500000000	69.2745000000000	34.6372500000000	0	0	0	0	0	0	0	0	0	0	0	0	0	0	0	0	0	0	0	0	0	0	0	0	0	0	0	0	0	0	0	0	0
0	0	0	0	0	0	0	0	0	0	0	0	0	0	0	0	0	0	0	0	0	0	0	0	0	0	0	0	0	0	0	0	0	0	21.2020000000000	42.4040000000000	71.2020000000000	100	100	100	100	100	100	100	55	10	55	100	100	100	100	100	55	10	10	10	55	100	100	100	67.2450000000000	34.4900000000000	67.2450000000000	100	100	100	100	100	100	100	100	100	55	10	10	10	10	10	10	10	10	10	10	10	55	100	100	100	100	100	100	100	100	100	50	0	0	0	0	0	0	0	0	0	0	0	0	0	0	0	0	0	0	0	0	0	0	0	0	0	0	0	0	0	0	0	0	0
0	0	0	0	0	0	0	0	0	0	0	0	0	0	0	0	0	0	0	0	0	0	0	0	0	0	0	0	0	0	0	0	10.8842500000000	21.7685000000000	46.4852500000000	71.2020000000000	85.6010000000000	100	100	100	100	100	77.5000000000000	55	32.5000000000000	10	32.5000000000000	55	77.5000000000000	100	100	100	55	10	10	10	32.5000000000000	55	55	55	38.6225000000000	22.2450000000000	61.1225000000000	100	100	100	100	100	100	100	100	100	55	10	10	10	10	10	10	10	10	10	10	10	55	100	100	100	100	100	100	100	100	100	75	50	25	0	0	0	0	0	0	0	0	0	0	0	0	0	0	0	0	0	0	0	0	0	0	0	0	0	0	0	0	0	0	0
0	0	0	0	0	0	0	0	0	0	0	0	0	0	0	0	0	0	0	0	0	0	0	0	0	0	0	0	0	0	0	0	21.7685000000000	43.5370000000000	71.7685000000000	100	100	100	100	100	100	100	55	10	10	10	10	10	55	100	100	100	55	10	10	10	10	10	10	10	10	10	55	100	100	100	100	100	100	100	100	100	55	10	10	10	10	10	10	10	10	10	10	10	55	100	100	100	100	100	100	100	100	100	100	100	50	0	0	0	0	0	0	0	0	0	0	0	0	0	0	0	0	0	0	0	0	0	0	0	0	0	0	0	0	0	0	0
0	0	0	0	0	0	0	0	0	0	0	0	0	0	0	0	0	0	0	0	0	0	0	0	0	0	0	0	0	0	22.2790000000000	44.5580000000000	58.1632500000000	71.7685000000000	85.8842500000000	100	100	100	100	100	100	100	77.5000000000000	55	32.5000000000000	10	10	10	33.7245000000000	57.4490000000000	78.7245000000000	100	55	10	10	10	10	10	10	10	10	10	55	100	100	100	100	100	100	100	77.5000000000000	55	32.5000000000000	10	10	10	10	10	10	10	10	10	10	10	55	100	100	100	85.2550000000000	70.5100000000000	62.7550000000000	55	66.2245000000000	77.4490000000000	88.7245000000000	100	67.8572500000000	35.7145000000000	17.8572500000000	0	0	0	0	0	0	0	0	0	0	0	0	0	0	0	0	0	0	0	0	0	0	0	0	0	0	0	0	0
0	0	0	0	0	0	0	0	0	0	0	0	0	0	0	0	0	0	0	0	0	0	0	0	0	0	0	0	0	0	44.5580000000000	89.1160000000000	94.5580000000000	100	100	100	100	100	100	100	100	100	100	100	55	10	10	10	12.4490000000000	14.8980000000000	57.4490000000000	100	55	10	10	10	10	10	10	10	10	10	55	100	100	100	100	100	100	100	55	10	10	10	10	10	10	10	10	10	10	10	10	10	55	100	100	100	70.5100000000000	41.0200000000000	25.5100000000000	10	32.4490000000000	54.8980000000000	77.4490000000000	100	85.7145000000000	71.4290000000000	35.7145000000000	0	0	0	0	0	0	0	0	0	0	0	0	0	0	0	0	0	0	0	0	0	0	0	0	0	0	0	0	0
0	0	0	0	0	0	0	0	0	0	0	0	0	0	0	0	0	0	0	0	0	0	0	0	0	0	0	0	0	0	47.2790000000000	94.5580000000000	97.2790000000000	100	78.9285000000000	57.8570000000000	62.8570000000000	67.8570000000000	83.9285000000000	100	100	100	77.5000000000000	55	40.7142500000000	26.4285000000000	40	53.5715000000000	33.0102500000000	12.4490000000000	35.1530000000000	57.8570000000000	33.9285000000000	10	10	10	10	10	10	10	10	10	55	100	100	100	100	100	100	100	60	20	15	10	10	10	10	10	10	10	10	10	31.4285000000000	52.8570000000000	76.4285000000000	100	99.2857500000000	98.5715000000000	62.0407500000000	25.5100000000000	17.7550000000000	10	21.2245000000000	32.4490000000000	66.2245000000000	100	92.8572500000000	85.7145000000000	42.8572500000000	0	0	0	0	0	0	0	0	0	0	0	0	0	0	0	0	0	0	0	0	0	0	0	0	0	0	0	0	0
0	0	0	0	0	0	0	0	0	0	0	0	0	0	0	0	0	0	0	0	0	0	0	0	0	0	0	0	0	0	50	100	100	100	57.8570000000000	15.7140000000000	25.7140000000000	35.7140000000000	67.8570000000000	100	100	100	55	10	26.4285000000000	42.8570000000000	70	97.1430000000000	53.5715000000000	10	12.8570000000000	15.7140000000000	12.8570000000000	10	10	10	10	10	10	10	10	10	55	100	100	100	100	100	100	100	65	30	20	10	10	10	10	10	10	10	10	10	52.8570000000000	95.7140000000000	97.8570000000000	100	98.5715000000000	97.1430000000000	53.5715000000000	10	10	10	10	10	55	100	100	100	50	0	0	0	0	0	0	0	0	0	0	0	0	0	0	0	0	0	0	0	0	0	0	0	0	0	0	0	0	0
0	0	0	0	0	0	0	0	0	0	0	0	0	0	0	0	0	0	0	0	0	0	0	0	0	0	0	0	16.6667500000000	33.3335000000000	66.6667500000000	100	87.7550000000000	75.5100000000000	44.1835000000000	12.8570000000000	17.8570000000000	22.8570000000000	38.9285000000000	55	55	55	32.5000000000000	10	19.2857500000000	28.5715000000000	62.0410000000000	95.5105000000000	52.7552500000000	10	11.4285000000000	12.8570000000000	11.4285000000000	10	10	10	10	10	10	10	10	10	55	100	100	100	100	100	100	100	82.5000000000000	65	43.9285000000000	22.8570000000000	16.4285000000000	10	10	10	10	10	10	10	31.4285000000000	52.8570000000000	60.3570000000000	67.8570000000000	60.7142500000000	53.5715000000000	33.3162500000000	13.0610000000000	34.0305000000000	55	55	55	77.5000000000000	100	100	100	66.6667500000000	33.3335000000000	16.6667500000000	0	0	0	0	0	0	0	0	0	0	0	0	0	0	0	0	0	0	0	0	0	0	0	0	0	0	0
0	0	0	0	0	0	0	0	0	0	0	0	0	0	0	0	0	0	0	0	0	0	0	0	0	0	0	0	33.3335000000000	66.6670000000000	83.3335000000000	100	75.5100000000000	51.0200000000000	30.5100000000000	10	10	10	10	10	10	10	10	10	12.1430000000000	14.2860000000000	54.0820000000000	93.8780000000000	51.9390000000000	10	10	10	10	10	10	10	10	10	10	10	10	10	55	100	100	100	100	100	100	100	100	100	67.8570000000000	35.7140000000000	22.8570000000000	10	10	10	10	10	10	10	10	10	22.8570000000000	35.7140000000000	22.8570000000000	10	13.0610000000000	16.1220000000000	58.0610000000000	100	100	100	100	100	100	100	83.3335000000000	66.6670000000000	33.3335000000000	0	0	0	0	0	0	0	0	0	0	0	0	0	0	0	0	0	0	0	0	0	0	0	0	0	0	0
0	0	0	0	0	0	0	0	0	0	0	0	0	0	0	0	0	0	0	0	0	0	0	0	0	0	0	0	41.6667500000000	83.3335000000000	91.6667500000000	100	65.2550000000000	30.5100000000000	20.2550000000000	10	10	10	10	10	10	10	10	10	11.0715000000000	12.1430000000000	32.0410000000000	51.9390000000000	30.9695000000000	10	10	10	10	10	10	10	10	10	27.1427500000000	44.2855000000000	44.2855000000000	44.2855000000000	72.1427500000000	100	100	100	100	100	100	100	100	100	83.9285000000000	67.8570000000000	38.9285000000000	10	10	10	10	10	10	10	10	10	16.4285000000000	22.8570000000000	33.8265000000000	44.7960000000000	51.4285000000000	58.0610000000000	79.0305000000000	100	82.8572500000000	65.7145000000000	69.7960000000000	73.8775000000000	86.9387500000000	100	91.6667500000000	83.3335000000000	41.6667500000000	0	0	0	0	0	0	0	0	0	0	0	0	0	0	0	0	0	0	0	0	0	0	0	0	0	0	0
0	0	0	0	0	0	0	0	0	0	0	0	0	0	0	0	0	0	0	0	0	0	0	0	0	0	0	0	50	100	100	100	55	10	10	10	10	10	10	10	10	10	10	10	10	10	10	10	10	10	10	10	10	10	10	10	10	10	44.2855000000000	78.5710000000000	78.5710000000000	78.5710000000000	89.2855000000000	100	100	100	100	100	100	100	100	100	100	100	55	10	10	10	10	10	10	10	10	10	10	10	44.7960000000000	79.5920000000000	89.7960000000000	100	100	100	65.7145000000000	31.4290000000000	39.5920000000000	47.7550000000000	73.8775000000000	100	100	100	50	0	0	0	0	0	0	0	0	0	0	0	0	0	0	0	0	0	0	0	0	0	0	0	0	0	0	0
0	0	0	0	0	0	0	0	0	0	0	0	0	0	0	0	0	0	0	0	0	0	0	0	0	0	12.5282500000000	25.0565000000000	62.5282500000000	100	100	100	63.6225000000000	27.2450000000000	18.6225000000000	10	10	10	10	10	10	10	10	10	10	10	10	10	10	10	10	10	10	10	10	10	17.5000000000000	25	57.1427500000000	89.2855000000000	89.2855000000000	89.2855000000000	94.6427500000000	100	100	100	100	100	100	100	100	100	83.9285000000000	67.8570000000000	38.9285000000000	10	10	10	10	10	10	10	10	10	10	10	27.3980000000000	44.7960000000000	49.8980000000000	55	55	55	37.8572500000000	20.7145000000000	24.7960000000000	28.8775000000000	41.9387500000000	55	77.5000000000000	100	73.1860000000000	46.3720000000000	23.1860000000000	0	0	0	0	0	0	0	0	0	0	0	0	0	0	0	0	0	0	0	0	0	0	0	0	0
0	0	0	0	0	0	0	0	0	0	0	0	0	0	0	0	0	0	0	0	0	0	0	0	0	0	25.0565000000000	50.1130000000000	75.0565000000000	100	100	100	72.2450000000000	44.4900000000000	27.2450000000000	10	10	10	10	10	10	10	10	10	10	10	10	10	10	10	10	10	10	10	10	10	25	40	70	100	100	100	100	100	100	100	100	100	100	100	100	100	67.8570000000000	35.7140000000000	22.8570000000000	10	10	10	10	10	10	10	10	10	10	10	10	10	10	10	10	10	10	10	10	10	10	10	55	100	96.3720000000000	92.7440000000000	46.3720000000000	0	0	0	0	0	0	0	0	0	0	0	0	0	0	0	0	0	0	0	0	0	0	0	0	0
0	0	0	0	0	0	0	0	0	0	0	0	0	0	0	0	0	0	0	0	0	0	0	0	0	0	37.5282500000000	75.0565000000000	87.5282500000000	100	83.9285000000000	67.8570000000000	47.5510000000000	27.2450000000000	18.6225000000000	10	10	10	10	10	10	10	10	10	10	10	10	10	10	10	10	10	10	10	10	10	17.5000000000000	25	62.5000000000000	100	100	100	100	100	100	100	100	100	100	100	100	100	83.9285000000000	67.8570000000000	38.9285000000000	10	10	10	10	10	10	10	10	10	10	10	10	10	10	10	10	10	29.2857500000000	48.5715000000000	51.7857500000000	55	55	55	77.5000000000000	100	98.1860000000000	96.3720000000000	48.1860000000000	0	0	0	0	0	0	0	0	0	0	0	0	0	0	0	0	0	0	0	0	0	0	0	0	0
0	0	0	0	0	0	0	0	0	0	0	0	0	0	0	0	0	0	0	0	0	0	0	0	0	0	50	100	100	100	67.8570000000000	35.7140000000000	22.8570000000000	10	10	10	10	10	10	10	10	10	10	10	10	10	10	10	10	10	10	10	10	10	10	10	10	10	55	100	100	100	100	100	100	100	100	100	100	100	100	100	100	100	55	10	10	10	10	10	10	10	10	10	10	10	10	10	10	10	10	10	48.5715000000000	87.1430000000000	93.5715000000000	100	100	100	100	100	100	100	50	0	0	0	0	0	0	0	0	0	0	0	0	0	0	0	0	0	0	0	0	0	0	0	0	0
0	0	0	0	0	0	0	0	0	0	0	0	0	0	0	0	0	0	0	0	0	0	0	0	0	0	50	100	100	100	83.9285000000000	67.8570000000000	60.9182500000000	53.9795000000000	54.4897500000000	55	55	55	55	55	55	55	52.8572500000000	50.7145000000000	30.3572500000000	10	10	10	10	10	10	10	10	10	10	10	10	10	55	100	91.2755000000000	82.5510000000000	70.9182500000000	59.2855000000000	79.6427500000000	100	100	100	77.5000000000000	55	70.7142500000000	86.4285000000000	72.8570000000000	59.2855000000000	34.6427500000000	10	10	10	10	10	10	10	10	10	10	10	10	10	10	10	10	10	29.2857500000000	48.5715000000000	53.9285000000000	59.2855000000000	58.6732500000000	58.0610000000000	79.0305000000000	100	100	100	62.9252500000000	25.8505000000000	12.9252500000000	0	0	0	0	0	0	0	0	0	0	0	0	0	0	0	0	0	0	0	0	0	0	0
0	0	0	0	0	0	0	0	0	0	0	0	0	0	0	0	0	0	0	0	0	0	0	0	0	0	50	100	100	100	100	100	98.9795000000000	97.9590000000000	98.9795000000000	100	100	100	100	100	100	100	95.7145000000000	91.4290000000000	50.7145000000000	10	10	10	10	10	10	10	10	10	10	10	10	10	55	100	82.5510000000000	65.1020000000000	41.8365000000000	18.5710000000000	59.2855000000000	100	100	100	55	10	41.4285000000000	72.8570000000000	45.7140000000000	18.5710000000000	14.2855000000000	10	10	10	10	10	10	10	10	10	10	10	10	10	10	10	10	10	10	10	14.2855000000000	18.5710000000000	17.3465000000000	16.1220000000000	58.0610000000000	100	100	100	75.8505000000000	51.7010000000000	25.8505000000000	0	0	0	0	0	0	0	0	0	0	0	0	0	0	0	0	0	0	0	0	0	0	0
0	0	0	0	0	0	0	0	0	0	0	0	0	0	0	0	0	0	0	0	0	0	0	0	0	0	50	100	100	100	100	100	99.4897500000000	98.9795000000000	99.4897500000000	100	100	100	100	100	100	100	75.3572500000000	50.7145000000000	30.3572500000000	10	10	10	10	10	10	10	10	10	10	10	10	10	32.5000000000000	55	46.2755000000000	37.5510000000000	25.9182500000000	14.2855000000000	57.1427500000000	100	100	100	55	10	25.7142500000000	41.4285000000000	27.8570000000000	14.2855000000000	12.1427500000000	10	10	10	10	10	10	10	10	10	10	10	10	10	10	10	31.4285000000000	52.8570000000000	52.8570000000000	52.8570000000000	54.9997500000000	57.1425000000000	56.5302500000000	55.9180000000000	77.9590000000000	100	100	100	77.2110000000000	54.4220000000000	27.2110000000000	0	0	0	0	0	0	0	0	0	0	0	0	0	0	0	0	0	0	0	0	0	0	0
0	0	0	0	0	0	0	0	0	0	0	0	0	0	0	0	0	0	0	0	0	0	0	0	0	0	50	100	100	100	100	100	100	100	100	100	100	100	100	100	100	100	55	10	10	10	10	10	10	10	10	10	10	10	10	10	10	10	10	10	10	10	10	10	55	100	100	100	55	10	10	10	10	10	10	10	10	10	10	10	10	10	10	10	10	10	10	10	10	10	52.8570000000000	95.7140000000000	95.7140000000000	95.7140000000000	95.7140000000000	95.7140000000000	95.7140000000000	95.7140000000000	97.8570000000000	100	100	100	78.5715000000000	57.1430000000000	28.5715000000000	0	0	0	0	0	0	0	0	0	0	0	0	0	0	0	0	0	0	0	0	0	0	0
0	0	0	0	0	0	0	0	0	0	0	0	0	0	0	0	0	0	0	0	0	0	0	0	14.2857500000000	28.5715000000000	64.2857500000000	100	100	100	93.5715000000000	87.1430000000000	93.5715000000000	100	100	100	100	100	100	100	100	100	77.5000000000000	55	55	55	32.5000000000000	10	10	10	10	10	10	10	10	10	10	10	10	10	10	10	20.7142500000000	31.4285000000000	65.7142500000000	100	100	100	55	10	10	10	10	10	10	10	10	10	10	10	10	10	10	10	10	10	32.5000000000000	55	55	55	76.4285000000000	97.8570000000000	97.8570000000000	97.8570000000000	97.8570000000000	97.8570000000000	97.8570000000000	97.8570000000000	98.9285000000000	100	100	100	89.2857500000000	78.5715000000000	39.2857500000000	0	0	0	0	0	0	0	0	0	0	0	0	0	0	0	0	0	0	0	0	0	0	0
0	0	0	0	0	0	0	0	0	0	0	0	0	0	0	0	0	0	0	0	0	0	0	0	28.5715000000000	57.1430000000000	78.5715000000000	100	100	100	87.1430000000000	74.2860000000000	87.1430000000000	100	100	100	100	100	100	100	100	100	100	100	100	100	55	10	10	10	10	10	10	10	10	10	10	10	10	10	10	10	31.4285000000000	52.8570000000000	76.4285000000000	100	100	100	55	10	10	10	10	10	10	10	10	10	10	10	10	10	10	10	10	10	55	100	100	100	100	100	100	100	100	100	100	100	100	100	100	100	100	100	50	0	0	0	0	0	0	0	0	0	0	0	0	0	0	0	0	0	0	0	0	0	0	0
0	0	0	0	0	0	0	0	0	0	0	0	0	0	0	0	0	0	0	0	0	0	0	0	39.2857500000000	78.5715000000000	89.2857500000000	100	100	100	71.0715000000000	42.1430000000000	64.8980000000000	87.6530000000000	75.6122500000000	63.5715000000000	59.2857500000000	55	55	55	55	55	55	55	55	55	32.5000000000000	10	10	10	10	10	10	10	10	10	10	10	10	10	10	10	43.2142500000000	76.4285000000000	88.2142500000000	100	100	100	55	10	10	10	10	10	10	10	10	10	10	10	10	10	10	10	10	10	32.5000000000000	55	55	55	55	55	55	55	55	55	55	55	63.2142500000000	71.4285000000000	85.7142500000000	100	100	100	50	0	0	0	0	0	0	0	0	0	0	0	0	0	0	0	0	0	0	0	0	0	0	0
0	0	0	0	0	0	0	0	0	0	0	0	0	0	0	0	0	0	0	0	0	0	0	0	50	100	100	100	100	100	55	10	42.6530000000000	75.3060000000000	51.2245000000000	27.1430000000000	18.5715000000000	10	10	10	10	10	10	10	10	10	10	10	10	10	10	10	10	10	10	10	10	10	10	10	10	10	55	100	100	100	100	100	55	10	10	10	10	10	10	10	10	10	10	10	10	10	10	10	10	10	10	10	10	10	10	10	10	10	10	10	10	10	26.4285000000000	42.8570000000000	71.4285000000000	100	100	100	50	0	0	0	0	0	0	0	0	0	0	0	0	0	0	0	0	0	0	0	0	0	0	0
0	0	0	0	0	0	0	0	0	0	0	0	0	0	0	0	0	0	0	0	0	0	0	0	50	100	98.6735000000000	97.3470000000000	97.9592500000000	98.5715000000000	76.7857500000000	55	48.8265000000000	42.6530000000000	30.6122500000000	18.5715000000000	14.2857500000000	10	10	10	10	10	10	10	10	10	10	10	10	10	10	10	10	10	10	10	10	10	10	10	10	10	55	100	100	100	100	100	55	10	10	10	10	10	10	10	10	10	10	10	10	10	10	10	10	10	10	10	12.1427500000000	14.2855000000000	14.2855000000000	14.2855000000000	14.2855000000000	14.2855000000000	34.6427500000000	55	55	55	63.2142500000000	71.4285000000000	85.7142500000000	100	100	100	50	0	0	0	0	0	0	0	0	0	0	0	0	0	0	0	0	0	0	0	0	0	0	0
0	0	0	0	0	0	0	0	0	0	0	0	0	0	0	0	0	0	0	0	0	0	0	0	50	100	97.3470000000000	94.6940000000000	95.9185000000000	97.1430000000000	98.5715000000000	100	55	10	10	10	10	10	10	10	10	10	10	10	10	10	10	10	10	10	10	10	10	10	10	10	10	10	10	10	10	10	55	100	100	100	100	100	55	10	10	10	10	10	10	10	10	10	10	10	10	10	10	10	10	10	10	10	14.2855000000000	18.5710000000000	18.5710000000000	18.5710000000000	18.5710000000000	18.5710000000000	59.2855000000000	100	100	100	100	100	100	100	100	100	50	0	0	0	0	0	0	0	0	0	0	0	0	0	0	0	0	0	0	0	0	0	0	0
0	0	0	0	0	0	0	0	0	0	0	0	0	0	0	0	0	0	0	0	0	0	0	0	50	100	84.7450000000000	69.4900000000000	61.5307500000000	53.5715000000000	54.2857500000000	55	32.5000000000000	10	10	10	10	10	10	10	10	10	10	10	10	10	10	10	10	10	10	10	10	10	10	10	10	10	10	10	10	10	55	100	100	100	100	100	55	10	10	10	10	10	10	10	10	10	10	10	10	10	10	10	10	10	32.5000000000000	55	57.1427500000000	59.2855000000000	59.2855000000000	59.2855000000000	59.2855000000000	59.2855000000000	79.6427500000000	100	100	100	96.7857500000000	93.5715000000000	74.2857500000000	55	77.5000000000000	100	51.8707500000000	3.74150000000000	1.87075000000000	0	0	0	0	0	0	0	0	0	0	0	0	0	0	0	0	0	0	0	0	0
0	0	0	0	0	0	0	0	0	0	0	0	0	0	0	0	0	0	0	0	0	0	0	0	50	100	72.1430000000000	44.2860000000000	27.1430000000000	10	10	10	10	10	10	10	10	10	10	10	10	10	10	10	10	10	10	10	10	10	10	10	10	10	10	10	10	10	10	10	10	10	55	100	100	100	100	100	55	10	10	10	10	10	10	10	10	10	10	10	10	10	10	10	10	10	55	100	100	100	100	100	100	100	100	100	100	100	93.5715000000000	87.1430000000000	48.5715000000000	10	55	100	53.7415000000000	7.48300000000000	3.74150000000000	0	0	0	0	0	0	0	0	0	0	0	0	0	0	0	0	0	0	0	0	0
0	0	0	0	0	0	0	0	0	0	0	0	0	0	0	0	0	0	0	0	0	0	0	0	50	100	86.0715000000000	72.1430000000000	41.0715000000000	10	10	10	10	10	10	10	10	10	10	10	10	10	10	10	10	10	10	10	10	10	10	10	10	10	10	10	10	10	10	10	10	10	32.5000000000000	55	75.4592500000000	95.9185000000000	93.6735000000000	91.4285000000000	50.7142500000000	10	10	10	10	10	13.2652500000000	16.5305000000000	17.5510000000000	18.5715000000000	14.2857500000000	10	10	10	10	10	10	10	55	100	100	100	95.7142500000000	91.4285000000000	73.2142500000000	55	55	55	55	55	51.7857500000000	48.5715000000000	29.2857500000000	10	44.5917500000000	79.1835000000000	54.5577500000000	29.9320000000000	14.9660000000000	0	0	0	0	0	0	0	0	0	0	0	0	0	0	0	0	0	0	0	0	0
0	0	0	0	0	0	0	0	0	0	0	0	0	0	0	0	0	0	0	0	0	0	0	0	50	100	100	100	55	10	10	10	10	10	10	10	10	10	10	10	10	10	10	10	10	10	10	10	10	10	10	10	10	10	10	10	10	10	10	10	10	10	10	10	50.9185000000000	91.8370000000000	87.3470000000000	82.8570000000000	46.4285000000000	10	10	10	10	10	16.5305000000000	23.0610000000000	25.1020000000000	27.1430000000000	18.5715000000000	10	10	10	10	10	10	10	55	100	100	100	91.4285000000000	82.8570000000000	46.4285000000000	10	10	10	10	10	10	10	10	10	34.1835000000000	58.3670000000000	55.3740000000000	52.3810000000000	26.1905000000000	0	0	0	0	0	0	0	0	0	0	0	0	0	0	0	0	0	0	0	0	0
0	0	0	0	0	0	0	0	0	0	0	0	0	0	0	0	0	0	0	0	0	0	13.0952500000000	26.1905000000000	63.0952500000000	100	100	100	77.5000000000000	55	42.7550000000000	30.5100000000000	20.2550000000000	10	10	10	10	10	10	10	10	10	10	10	10	10	10	10	10	10	10	10	10	10	10	10	10	10	10	10	10	10	10	10	30.4592500000000	50.9185000000000	48.6735000000000	46.4285000000000	28.2142500000000	10	10	10	10	10	35.7652500000000	61.5305000000000	44.3367500000000	27.1430000000000	18.5715000000000	10	10	10	10	10	10	10	32.5000000000000	55	55	55	50.7142500000000	46.4285000000000	28.2142500000000	10	10	10	10	10	10	10	12.0407500000000	14.0815000000000	46.6325000000000	79.1835000000000	77.6870000000000	76.1905000000000	38.0952500000000	0	0	0	0	0	0	0	0	0	0	0	0	0	0	0	0	0	0	0	0	0
0	0	0	0	0	0	0	0	0	0	0	0	0	0	0	0	0	0	0	0	0	0	26.1905000000000	52.3810000000000	76.1905000000000	100	100	100	100	100	75.5100000000000	51.0200000000000	30.5100000000000	10	10	10	10	10	10	10	10	10	10	10	10	10	10	10	10	10	10	10	10	10	10	10	10	10	10	10	10	10	10	10	10	10	10	10	10	10	10	10	10	10	55	100	63.5715000000000	27.1430000000000	18.5715000000000	10	10	10	10	10	10	10	10	10	10	10	10	10	10	10	10	10	10	10	10	10	14.0815000000000	18.1630000000000	59.0815000000000	100	100	100	50	0	0	0	0	0	0	0	0	0	0	0	0	0	0	0	0	0	0	0	0	0
0	0	0	0	0	0	0	0	0	0	0	0	0	0	0	0	0	0	0	0	0	0	26.1905000000000	52.3810000000000	72.5170000000000	92.6530000000000	93.8775000000000	95.1020000000000	97.5510000000000	100	87.7550000000000	75.5100000000000	65.2550000000000	55	32.5000000000000	10	10	10	10	10	10	10	10	10	10	10	10	10	10	10	10	10	10	10	32.5000000000000	55	55	55	32.5000000000000	10	10	10	10	10	10	10	10	10	10	10	10	10	10	10	55	100	63.5715000000000	27.1430000000000	18.5715000000000	10	10	10	10	10	10	10	10	10	10	10	10	10	10	10	10	10	10	10	10	10	34.5407500000000	59.0815000000000	79.5407500000000	100	96.6327500000000	93.2655000000000	46.6327500000000	0	0	0	0	0	0	0	0	0	0	0	0	0	0	0	0	0	0	0	0	0
0	0	0	0	0	0	0	0	0	0	0	0	0	0	0	0	0	0	0	0	0	0	26.1905000000000	52.3810000000000	68.8435000000000	85.3060000000000	87.7550000000000	90.2040000000000	95.1020000000000	100	100	100	100	100	55	10	10	10	10	10	10	10	10	10	10	10	10	10	10	10	10	10	10	10	55	100	100	100	55	10	10	10	10	10	10	10	10	10	10	10	10	10	10	10	55	100	63.5715000000000	27.1430000000000	18.5715000000000	10	10	10	10	10	10	10	10	10	10	10	10	10	10	10	10	10	10	10	10	10	55	100	100	100	93.2655000000000	86.5310000000000	43.2655000000000	0	0	0	0	0	0	0	0	0	0	0	0	0	0	0	0	0	0	0	0	0
0	0	0	0	0	0	0	0	0	0	0	0	0	0	0	0	0	0	0	0	0	0	26.1905000000000	52.3810000000000	72.5170000000000	92.6530000000000	71.3775000000000	50.1020000000000	52.5510000000000	55	55	55	55	55	32.5000000000000	10	10	10	10	10	10	10	10	10	10	10	10	10	10	10	10	10	15.3572500000000	20.7145000000000	60.3572500000000	100	100	100	55	10	10	10	10	10	10	10	10	10	10	10	10	10	15.3572500000000	20.7145000000000	60.3572500000000	100	63.5715000000000	27.1430000000000	18.5715000000000	10	10	10	10	10	10	10	10	10	10	10	10	10	10	10	11.7857500000000	13.5715000000000	34.2857500000000	55	55	55	77.5000000000000	100	77.5000000000000	55	51.6327500000000	48.2655000000000	24.1327500000000	0	0	0	0	0	0	0	0	0	0	0	0	0	0	0	0	0	0	0	0	0
0	0	0	0	0	0	0	0	0	0	0	0	0	0	0	0	0	0	0	0	0	0	26.1905000000000	52.3810000000000	76.1905000000000	100	55	10	10	10	10	10	10	10	10	10	10	10	10	10	10	10	10	10	10	10	10	10	10	10	10	10	20.7145000000000	31.4290000000000	65.7145000000000	100	100	100	55	10	10	10	10	10	10	10	10	10	10	10	10	10	20.7145000000000	31.4290000000000	65.7145000000000	100	63.5715000000000	27.1430000000000	18.5715000000000	10	10	10	10	10	10	10	10	10	10	10	10	10	10	10	13.5715000000000	17.1430000000000	58.5715000000000	100	100	100	100	100	55	10	10	10	5	0	0	0	0	0	0	0	0	0	0	0	0	0	0	0	0	0	0	0	0	0
0	0	0	0	0	0	0	0	0	0	0	0	0	0	0	0	0	0	0	0	0	0	26.1905000000000	52.3810000000000	76.1905000000000	100	77.5000000000000	55	35.3572500000000	15.7145000000000	12.8572500000000	10	10	10	10	10	10	10	10	10	10	10	10	10	10	10	10	10	10	10	10	10	20.7145000000000	31.4290000000000	65.7145000000000	100	100	100	55	10	10	10	10	10	10	10	10	10	10	10	10	10	31.4287500000000	52.8575000000000	76.4287500000000	100	59.2857500000000	18.5715000000000	14.2857500000000	10	10	10	10	10	10	10	10	10	10	10	10	10	10	10	34.2857500000000	58.5715000000000	70.7142500000000	82.8570000000000	78.2142500000000	73.5715000000000	64.2857500000000	55	32.5000000000000	10	25.2040000000000	40.4080000000000	32.1087500000000	23.8095000000000	11.9047500000000	0	0	0	0	0	0	0	0	0	0	0	0	0	0	0	0	0	0	0
0	0	0	0	0	0	0	0	0	0	0	0	0	0	0	0	0	0	0	0	0	0	26.1905000000000	52.3810000000000	76.1905000000000	100	100	100	60.7145000000000	21.4290000000000	15.7145000000000	10	10	10	10	10	10	10	10	10	10	10	10	10	10	10	10	10	10	10	10	10	20.7145000000000	31.4290000000000	65.7145000000000	100	100	100	55	10	10	10	10	10	10	10	10	10	10	10	10	10	42.1430000000000	74.2860000000000	87.1430000000000	100	55	10	10	10	10	10	10	10	10	10	10	10	10	10	10	10	10	10	55	100	82.8570000000000	65.7140000000000	56.4285000000000	47.1430000000000	28.5715000000000	10	10	10	40.4080000000000	70.8160000000000	59.2175000000000	47.6190000000000	23.8095000000000	0	0	0	0	0	0	0	0	0	0	0	0	0	0	0	0	0	0	0
0	0	0	0	0	0	0	0	0	0	0	0	0	0	0	0	0	0	0	0	0	0	38.0952500000000	76.1905000000000	88.0952500000000	100	100	100	80.3572500000000	60.7145000000000	57.8572500000000	55	42.1427500000000	29.2855000000000	21.4795000000000	13.6735000000000	11.8367500000000	10	10	10	10	10	10	10	10	10	10	10	10	10	10	10	20.7145000000000	31.4290000000000	65.7145000000000	100	100	100	55	10	10	10	10	10	10	10	10	10	10	10	10	10	42.1430000000000	74.2860000000000	87.1430000000000	100	55	10	10	10	10	10	10	10	10	10	10	10	10	10	10	10	10	10	32.5000000000000	55	46.4285000000000	37.8570000000000	33.2142500000000	28.5715000000000	33.8265000000000	39.0815000000000	47.0407500000000	55	70.2040000000000	85.4080000000000	79.6087500000000	73.8095000000000	36.9047500000000	0	0	0	0	0	0	0	0	0	0	0	0	0	0	0	0	0	0	0
0	0	0	0	0	0	0	0	0	0	0	0	0	0	0	0	0	0	0	0	0	0	50	100	100	100	100	100	100	100	100	100	74.2855000000000	48.5710000000000	32.9590000000000	17.3470000000000	13.6735000000000	10	10	10	10	10	10	10	10	10	10	10	10	10	10	10	20.7145000000000	31.4290000000000	65.7145000000000	100	100	100	55	10	10	10	10	10	10	10	10	10	10	10	10	10	42.1430000000000	74.2860000000000	87.1430000000000	100	55	10	10	10	10	10	10	10	10	10	10	10	10	10	10	10	10	10	10	10	10	10	10	10	39.0815000000000	68.1630000000000	84.0815000000000	100	100	100	100	100	50	0	0	0	0	0	0	0	0	0	0	0	0	0	0	0	0	0	0	0
0	0	0	0	0	0	0	0	0	0	0	0	0	0	0	0	0	0	0	0	0	0	50	100	100	100	100	100	100	100	100	100	87.1427500000000	74.2855000000000	66.4795000000000	58.6735000000000	34.3367500000000	10	10	10	10	10	10	10	10	10	10	10	10	10	10	10	20.7145000000000	31.4290000000000	65.7145000000000	100	96.4285000000000	92.8570000000000	51.4285000000000	10	10	10	10	10	21.7857500000000	33.5715000000000	21.7857500000000	10	10	10	10	10	34.4897500000000	58.9795000000000	79.4897500000000	100	55	10	10	10	10	10	10	10	10	10	10	10	10	10	10	10	10	10	10	10	10	10	17.5000000000000	25	54.5407500000000	84.0815000000000	92.0407500000000	100	100	100	100	100	50	0	0	0	0	0	0	0	0	0	0	0	0	0	0	0	0	0	0	0
0	0	0	0	0	0	0	0	0	0	0	0	0	0	0	0	0	0	0	0	0	0	50	100	100	100	100	100	100	100	100	100	100	100	100	100	55	10	10	10	10	10	10	10	10	10	10	10	10	10	10	10	20.7145000000000	31.4290000000000	65.7145000000000	100	92.8570000000000	85.7140000000000	47.8570000000000	10	10	10	10	10	33.5715000000000	57.1430000000000	33.5715000000000	10	10	10	10	10	26.8365000000000	43.6730000000000	71.8365000000000	100	55	10	10	10	10	10	10	10	10	10	10	10	10	10	10	10	10	10	10	10	10	10	25	40	70	100	100	100	100	100	100	100	50	0	0	0	0	0	0	0	0	0	0	0	0	0	0	0	0	0	0	0
0	0	0	0	0	0	0	0	0	0	0	0	0	0	0	0	0	0	0	0	0	0	50	100	100	100	95.5102500000000	91.0205000000000	95.5102500000000	100	100	100	100	100	79.5407500000000	59.0815000000000	34.5407500000000	10	10	10	10	10	10	10	10	10	10	10	10	10	10	10	20.7145000000000	31.4290000000000	65.7145000000000	100	73.9285000000000	47.8570000000000	28.9285000000000	10	10	10	10	10	33.5715000000000	57.1430000000000	33.5715000000000	10	10	10	10	10	18.4182500000000	26.8365000000000	63.4182500000000	100	57.2450000000000	14.4900000000000	12.2450000000000	10	10	10	10	10	10	10	10	10	10	10	10	10	10	10	10	10	10	10	40	70	85	100	100	100	100	100	100	100	55.6122500000000	11.2245000000000	5.61225000000000	0	0	0	0	0	0	0	0	0	0	0	0	0	0	0	0	0
0	0	0	0	0	0	0	0	0	0	0	0	0	0	0	0	0	0	0	0	0	0	50	100	100	100	91.0205000000000	82.0410000000000	91.0205000000000	100	100	100	100	100	59.0815000000000	18.1630000000000	14.0815000000000	10	10	10	10	10	10	10	10	10	10	10	10	10	10	10	20.7145000000000	31.4290000000000	65.7145000000000	100	55	10	10	10	10	10	10	10	33.5715000000000	57.1430000000000	33.5715000000000	10	10	10	10	10	10	10	55	100	59.4900000000000	18.9800000000000	14.4900000000000	10	10	10	10	10	10	10	10	10	10	10	10	10	10	10	10	10	10	10	55	100	100	100	100	100	100	100	100	100	61.2245000000000	22.4490000000000	11.2245000000000	0	0	0	0	0	0	0	0	0	0	0	0	0	0	0	0	0
0	0	0	0	0	0	0	0	0	0	0	0	0	0	0	0	0	0	0	0	0	0	50	100	100	100	73.0102500000000	46.0205000000000	50.5102500000000	55	55	55	55	55	34.5407500000000	14.0815000000000	12.0407500000000	10	10	10	10	10	10	10	10	10	10	10	10	10	10	10	20.7145000000000	31.4290000000000	65.7145000000000	100	55	10	10	10	10	10	10	10	39.6940000000000	69.3880000000000	45.2042500000000	21.0205000000000	15.5102500000000	10	10	10	10	10	55	100	61.5307500000000	23.0615000000000	16.5307500000000	10	10	10	10	10	10	10	10	10	10	10	10	10	10	10	10	10	10	10	55	100	100	100	94.4897500000000	88.9795000000000	71.9897500000000	55	77.5000000000000	100	66.3265000000000	32.6530000000000	16.3265000000000	0	0	0	0	0	0	0	0	0	0	0	0	0	0	0	0	0
0	0	0	0	0	0	0	0	0	0	0	0	0	0	0	0	0	0	0	0	0	0	50	100	100	100	55	10	10	10	10	10	10	10	10	10	10	10	10	10	10	10	10	10	10	10	10	10	10	10	10	10	20.7145000000000	31.4290000000000	65.7145000000000	100	55	10	10	10	10	10	10	10	45.8165000000000	81.6330000000000	56.8370000000000	32.0410000000000	21.0205000000000	10	10	10	10	10	55	100	63.5715000000000	27.1430000000000	18.5715000000000	10	10	10	10	10	10	10	10	10	10	10	10	10	10	10	10	10	10	10	55	100	100	100	88.9795000000000	77.9590000000000	43.9795000000000	10	55	100	71.4285000000000	42.8570000000000	21.4285000000000	0	0	0	0	0	0	0	0	0	0	0	0	0	0	0	0	0
0	0	0	0	0	0	0	0	0	0	0	0	0	0	0	0	0	0	0	0	0	0	38.0952500000000	76.1905000000000	88.0952500000000	100	77.5000000000000	55	46.4285000000000	37.8570000000000	23.9285000000000	10	10	10	10	10	10	10	10	10	10	10	10	10	10	10	10	10	10	10	10	10	20.7145000000000	31.4290000000000	49.3370000000000	67.2450000000000	38.6225000000000	10	10	10	10	10	20.7142500000000	31.4285000000000	61.1225000000000	90.8165000000000	65.5612500000000	40.3060000000000	25.1530000000000	10	10	10	10	10	32.5000000000000	55	38.4185000000000	21.8370000000000	15.9185000000000	10	10	10	10	10	10	10	10	10	10	10	10	10	10	10	10	10	10	10	32.5000000000000	55	55	55	49.4897500000000	43.9795000000000	26.9897500000000	10	55	100	60.7142500000000	21.4285000000000	10.7142500000000	0	0	0	0	0	0	0	0	0	0	0	0	0	0	0	0	0
0	0	0	0	0	0	0	0	0	0	0	0	0	0	0	0	0	0	0	0	0	0	26.1905000000000	52.3810000000000	76.1905000000000	100	100	100	82.8570000000000	65.7140000000000	37.8570000000000	10	10	10	10	10	10	10	10	10	10	10	10	10	10	10	10	10	10	10	10	10	20.7145000000000	31.4290000000000	32.9595000000000	34.4900000000000	22.2450000000000	10	10	10	10	10	31.4285000000000	52.8570000000000	76.4285000000000	100	74.2855000000000	48.5710000000000	29.2855000000000	10	10	10	10	10	10	10	13.2655000000000	16.5310000000000	13.2655000000000	10	10	10	10	10	10	10	10	10	10	10	10	10	10	10	10	10	10	10	10	10	10	10	10	10	10	10	55	100	50	0	0	0	0	0	0	0	0	0	0	0	0	0	0	0	0	0	0	0
0	0	0	0	0	0	0	0	0	0	0	0	0	0	0	0	0	0	0	0	0	0	26.1905000000000	52.3810000000000	76.1905000000000	100	100	100	91.4285000000000	82.8570000000000	68.9285000000000	55	55	55	48.9285000000000	42.8570000000000	41.4285000000000	40	26.4285000000000	12.8570000000000	11.4285000000000	10	10	10	10	10	10	10	10	10	10	10	15.3572500000000	20.7145000000000	21.4797500000000	22.2450000000000	16.1225000000000	10	10	10	10	10	24.2857500000000	38.5715000000000	69.2857500000000	100	74.2855000000000	48.5710000000000	29.2855000000000	10	10	10	10	10	10	10	11.6327500000000	13.2655000000000	11.6327500000000	10	10	10	10	10	10	10	10	10	10	10	10	10	10	10	10	10	10	10	10	10	10	10	16.4285000000000	22.8570000000000	38.9285000000000	55	77.5000000000000	100	50	0	0	0	0	0	0	0	0	0	0	0	0	0	0	0	0	0	0	0
0	0	0	0	0	0	0	0	0	0	0	0	0	0	0	0	0	0	0	0	0	0	26.1905000000000	52.3810000000000	76.1905000000000	100	100	100	100	100	100	100	100	100	87.8570000000000	75.7140000000000	72.8570000000000	70	42.8570000000000	15.7140000000000	12.8570000000000	10	10	10	10	10	10	10	10	10	10	10	10	10	10	10	10	10	10	10	10	10	17.1430000000000	24.2860000000000	62.1430000000000	100	74.2855000000000	48.5710000000000	29.2855000000000	10	10	10	10	10	10	10	10	10	10	10	10	10	10	10	10	10	10	10	10	10	10	10	10	10	10	10	10	10	10	10	10	10	22.8570000000000	35.7140000000000	67.8570000000000	100	100	100	50	0	0	0	0	0	0	0	0	0	0	0	0	0	0	0	0	0	0	0
0	0	0	0	0	0	0	0	0	0	0	0	0	0	0	0	0	0	0	0	0	0	26.1905000000000	52.3810000000000	67.0067500000000	81.6325000000000	74.7447500000000	67.8570000000000	83.9285000000000	100	100	100	100	100	93.9285000000000	87.8570000000000	86.4285000000000	85	51.0712500000000	17.1425000000000	13.5712500000000	10	10	10	10	10	10	10	10	10	10	10	10	10	10	10	10	10	10	10	10	10	13.5715000000000	17.1430000000000	58.5715000000000	100	87.1427500000000	74.2855000000000	42.1427500000000	10	10	10	10	10	10	10	10	10	10	10	10	10	10	10	10	10	10	10	10	10	10	10	10	10	10	10	10	10	32.5000000000000	55	55	55	61.4285000000000	67.8570000000000	83.9285000000000	100	100	100	50	0	0	0	0	0	0	0	0	0	0	0	0	0	0	0	0	0	0	0
0	0	0	0	0	0	0	0	0	0	0	0	0	0	0	0	0	0	0	0	0	0	26.1905000000000	52.3810000000000	57.8230000000000	63.2650000000000	49.4895000000000	35.7140000000000	67.8570000000000	100	100	100	100	100	100	100	100	100	59.2855000000000	18.5710000000000	14.2855000000000	10	10	10	10	10	10	10	10	10	10	10	10	10	10	10	10	10	10	10	10	10	10	10	55	100	100	100	55	10	10	10	10	10	10	10	10	10	10	10	10	10	10	10	10	10	10	10	10	10	10	10	10	10	10	10	10	10	55	100	100	100	100	100	100	100	100	100	50	0	0	0	0	0	0	0	0	0	0	0	0	0	0	0	0	0	0	0
0	0	0	0	0	0	0	0	0	0	0	0	0	0	0	0	0	0	0	0	0	0	26.1905000000000	52.3810000000000	67.0067500000000	81.6325000000000	52.2447500000000	22.8570000000000	38.9285000000000	55	55	55	55	55	55	55	55	55	34.6427500000000	14.2855000000000	12.1427500000000	10	10	10	10	10	10	10	10	10	10	10	10	10	10	10	10	10	10	10	10	10	32.5000000000000	55	77.5000000000000	100	100	100	55	10	10	10	10	10	10	10	10	10	10	10	10	10	10	10	10	10	10	10	10	10	10	10	10	10	10	10	28.6735000000000	47.3470000000000	73.6735000000000	100	100	100	100	100	100	100	100	100	50	0	0	0	0	0	0	0	0	0	0	0	0	0	0	0	0	0	0	0
0	0	0	0	0	0	0	0	0	0	0	0	0	0	0	0	0	0	0	0	0	0	26.1905000000000	52.3810000000000	76.1905000000000	100	55	10	10	10	10	10	10	10	10	10	10	10	10	10	10	10	10	10	10	10	10	10	10	10	10	10	10	10	10	10	10	10	10	10	10	10	55	100	100	100	100	100	55	10	10	10	10	10	10	10	10	10	10	10	10	10	10	10	10	10	10	10	10	10	10	10	10	10	10	10	47.3470000000000	84.6940000000000	92.3470000000000	100	100	100	100	100	100	100	100	100	50	0	0	0	0	0	0	0	0	0	0	0	0	0	0	0	0	0	0	0
0	0	0	0	0	0	0	0	0	0	0	0	0	0	0	0	0	0	0	0	0	0	15.5895000000000	31.1790000000000	65.5895000000000	100	73.2142500000000	46.4285000000000	28.2142500000000	10	10	10	10	10	10	10	10	10	10	10	10	10	10	10	10	10	10	10	10	10	10	10	10	10	10	10	10	10	10	10	10	10	55	100	100	100	87.1427500000000	74.2855000000000	42.1427500000000	10	10	10	10	10	10	10	10	10	10	10	10	10	10	10	10	10	10	10	10	10	10	10	10	10	10	10	28.6735000000000	47.3470000000000	51.1735000000000	55	55	55	55	55	77.5000000000000	100	100	100	50	0	0	0	0	0	0	0	0	0	0	0	0	0	0	0	0	0	0	0
0	0	0	0	0	0	0	0	0	0	0	0	0	0	0	0	0	0	0	0	0	0	4.98850000000000	9.97700000000000	54.9885000000000	100	91.4285000000000	82.8570000000000	46.4285000000000	10	10	10	10	10	10	10	10	10	10	10	10	10	10	10	10	10	10	10	10	10	10	10	10	10	10	10	10	10	10	10	10	10	55	100	100	100	74.2855000000000	48.5710000000000	29.2855000000000	10	10	10	10	10	10	10	10	10	10	10	10	10	10	10	10	10	10	10	10	10	10	10	10	10	10	10	10	10	10	10	10	10	10	10	55	100	100	100	50	0	0	0	0	0	0	0	0	0	0	0	0	0	0	0	0	0	0	0
0	0	0	0	0	0	0	0	0	0	0	0	0	0	0	0	0	0	0	0	0	0	2.49425000000000	4.98850000000000	52.4942500000000	100	95.7142500000000	91.4285000000000	73.2142500000000	55	55	55	55	55	55	55	32.9592500000000	10.9185000000000	10.4592500000000	10	10	10	10	10	10	10	10	10	10	10	10	10	10	10	10	10	10	10	10	10	10	10	55	100	100	100	87.1427500000000	74.2855000000000	62.6530000000000	51.0205000000000	30.5102500000000	10	10	10	10	10	10	10	10	10	10	10	10	10	10	10	10	10	10	10	10	10	10	10	10	10	10	10	10	10	10	10	18.2652500000000	26.5305000000000	63.2652500000000	100	100	100	50	0	0	0	0	0	0	0	0	0	0	0	0	0	0	0	0	0	0	0
0	0	0	0	0	0	0	0	0	0	0	0	0	0	0	0	0	0	0	0	0	0	0	0	50	100	100	100	100	100	100	100	100	100	100	100	55.9185000000000	11.8370000000000	10.9185000000000	10	10	10	10	10	10	10	10	10	10	10	10	10	10	10	10	10	10	10	10	10	10	10	55	100	100	100	100	100	96.0205000000000	92.0410000000000	51.0205000000000	10	10	10	10	10	10	10	10	10	10	10	10	10	10	10	10	10	10	10	10	10	10	10	10	10	10	10	10	10	10	10	26.5305000000000	43.0610000000000	71.5305000000000	100	100	100	50	0	0	0	0	0	0	0	0	0	0	0	0	0	0	0	0	0	0	0
0	0	0	0	0	0	0	0	0	0	0	0	0	0	0	0	0	0	0	0	0	0	0	0	39.2857500000000	78.5715000000000	89.2857500000000	100	100	100	79.6427500000000	59.2855000000000	57.6530000000000	56.0205000000000	55.5102500000000	55	32.9592500000000	10.9185000000000	10.4592500000000	10	10	10	10	10	10	10	10	10	10	10	10	10	10	10	10	10	10	10	10	10	10	10	55	100	100	100	100	100	75.5102500000000	51.0205000000000	30.5102500000000	10	10	10	10	10	10	10	10	10	10	10	10	10	10	10	10	10	10	10	10	10	10	10	10	10	10	10	10	10	10	10	40.7652500000000	71.5305000000000	85.7652500000000	100	100	100	50	0	0	0	0	0	0	0	0	0	0	0	0	0	0	0	0	0	0	0
0	0	0	0	0	0	0	0	0	0	0	0	0	0	0	0	0	0	0	0	0	0	0	0	28.5715000000000	57.1430000000000	78.5715000000000	100	100	100	59.2855000000000	18.5710000000000	15.3060000000000	12.0410000000000	11.0205000000000	10	10	10	10	10	10	10	10	10	10	10	10	10	10	10	10	10	10	10	10	10	10	10	10	10	10	10	55	100	100	100	100	100	55	10	10	10	10	10	10	10	10	10	10	10	10	10	10	10	10	10	10	10	10	10	10	10	10	10	10	10	10	10	10	10	10	10	55	100	100	100	100	100	50	0	0	0	0	0	0	0	0	0	0	0	0	0	0	0	0	0	0	0
0	0	0	0	0	0	0	0	0	0	0	0	0	0	0	0	0	0	0	0	0	0	0	0	28.5715000000000	57.1430000000000	78.5715000000000	100	77.8572500000000	55.7145000000000	35	14.2855000000000	12.6530000000000	11.0205000000000	10.5102500000000	10	10	10	10	10	10	10	10	10	10	10	10	10	10	10	10	10	10	10	10	10	10	10	10	10	10	10	55	100	100	100	100	100	55	10	10	10	10	10	10	10	10	10	10	10	10	10	10	10	10	10	10	10	10	10	10	10	10	10	10	10	10	10	10	10	10	10	42.7550000000000	75.5100000000000	87.7550000000000	100	100	100	50	0	0	0	0	0	0	0	0	0	0	0	0	0	0	0	0	0	0	0
0	0	0	0	0	0	0	0	0	0	0	0	0	0	0	0	0	0	0	0	0	0	0	0	28.5715000000000	57.1430000000000	78.5715000000000	100	55.7145000000000	11.4290000000000	10.7145000000000	10	10	10	10	10	10	10	10	10	10	10	10	10	10	10	10	10	10	10	10	10	10	10	10	10	10	10	10	10	10	10	55	100	100	100	100	100	55	10	10	10	10	10	10	10	10	10	10	10	10	10	10	10	10	10	10	10	10	10	10	10	10	10	10	10	10	10	10	10	10	10	30.5100000000000	51.0200000000000	75.5100000000000	100	100	100	50	0	0	0	0	0	0	0	0	0	0	0	0	0	0	0	0	0	0	0
0	0	0	0	0	0	0	0	0	0	0	0	0	0	0	0	0	0	0	0	0	0	0	0	28.5715000000000	57.1430000000000	78.5715000000000	100	77.8572500000000	55.7145000000000	55.3572500000000	55	55	55	55	55	55	55	34.6427500000000	14.2855000000000	12.1427500000000	10	10	10	10	10	10	10	10	10	10	10	10	10	10	10	10	10	18.5715000000000	27.1430000000000	41.0715000000000	55	77.5000000000000	100	100	100	100	100	77.5000000000000	55	40	25	17.5000000000000	10	10	10	10	10	10	10	10	10	10	10	10	10	10	10	10	10	10	10	10	10	32.5000000000000	55	55	55	32.5000000000000	10	10	10	20.2550000000000	30.5100000000000	65.2550000000000	100	100	100	50	0	0	0	0	0	0	0	0	0	0	0	0	0	0	0	0	0	0	0
0	0	0	0	0	0	0	0	0	0	0	0	0	0	0	0	0	0	0	0	0	0	0	0	28.5715000000000	57.1430000000000	78.5715000000000	100	100	100	100	100	100	100	100	100	100	100	59.2855000000000	18.5710000000000	14.2855000000000	10	10	10	10	10	10	10	10	10	10	10	10	10	10	10	10	10	27.1430000000000	44.2860000000000	72.1430000000000	100	100	100	100	100	100	100	100	100	70	40	25	10	10	10	10	10	10	10	10	10	10	10	10	10	10	10	10	10	10	10	10	10	55	100	100	100	55	10	10	10	10	10	55	100	100	100	50	0	0	0	0	0	0	0	0	0	0	0	0	0	0	0	0	0	0	0
0	0	0	0	0	0	0	0	0	0	0	0	0	0	0	0	0	0	0	0	0	0	0	0	14.2857500000000	28.5715000000000	64.2857500000000	100	100	100	100	100	100	100	100	100	100	100	79.6427500000000	59.2855000000000	34.6427500000000	10	10	10	10	10	10	10	10	10	10	10	10	10	10	10	10	10	26.7347500000000	43.4695000000000	71.7347500000000	100	100	100	100	100	99.3877500000000	98.7755000000000	76.8877500000000	55	40	25	17.5000000000000	10	10	10	10	10	10	10	10	10	10	10	10	10	10	10	10	10	10	10	10	10	55	100	100	100	77.5000000000000	55	55	55	55	55	77.5000000000000	100	86.9047500000000	73.8095000000000	36.9047500000000	0	0	0	0	0	0	0	0	0	0	0	0	0	0	0	0	0	0	0
0	0	0	0	0	0	0	0	0	0	0	0	0	0	0	0	0	0	0	0	0	0	0	0	0	0	50	100	100	100	100	100	100	100	100	100	100	100	100	100	55	10	10	10	10	10	10	10	10	10	10	10	10	10	10	10	10	10	26.3265000000000	42.6530000000000	71.3265000000000	100	100	100	100	100	98.7755000000000	97.5510000000000	53.7755000000000	10	10	10	10	10	10	10	10	10	10	10	10	10	10	10	10	10	10	10	10	10	10	10	10	10	55	100	100	100	100	100	100	100	100	100	100	100	73.8095000000000	47.6190000000000	23.8095000000000	0	0	0	0	0	0	0	0	0	0	0	0	0	0	0	0	0	0	0
0	0	0	0	0	0	0	0	0	0	0	0	0	0	0	0	0	0	0	0	0	0	0	0	0	0	50	100	100	100	100	100	100	100	100	100	80.4082500000000	60.8165000000000	57.9082500000000	55	32.5000000000000	10	10	10	10	10	10	10	10	10	10	10	10	10	10	10	10	10	18.1632500000000	26.3265000000000	40.6632500000000	55	77.5000000000000	100	100	100	86.5305000000000	73.0610000000000	41.5305000000000	10	11.4285000000000	12.8570000000000	11.4285000000000	10	10	10	10	10	10	10	10	10	10	10	10	10	10	10	10	10	10	10	10	10	37.3470000000000	64.6940000000000	82.3470000000000	100	100	100	100	100	100	100	100	100	61.9047500000000	23.8095000000000	11.9047500000000	0	0	0	0	0	0	0	0	0	0	0	0	0	0	0	0	0	0	0
0	0	0	0	0	0	0	0	0	0	0	0	0	0	0	0	0	0	0	0	0	0	0	0	0	0	50	100	100	100	100	100	100	100	100	100	60.8165000000000	21.6330000000000	15.8165000000000	10	10	10	10	10	10	10	10	10	10	10	10	10	10	10	10	10	10	10	10	10	10	10	55	100	100	100	74.2855000000000	48.5710000000000	29.2855000000000	10	12.8570000000000	15.7140000000000	12.8570000000000	10	10	10	10	10	10	10	10	10	10	10	10	10	10	10	10	10	10	10	10	10	19.6940000000000	29.3880000000000	64.6940000000000	100	100	100	100	100	100	100	100	100	50	0	0	0	0	0	0	0	0	0	0	0	0	0	0	0	0	0	0	0	0	0
0	0	0	0	0	0	0	0	0	0	0	0	0	0	0	0	0	0	0	0	0	0	0	0	0	0	40.4762500000000	80.9525000000000	90.4762500000000	100	100	100	96.7857500000000	93.5715000000000	74.2857500000000	55	35.4082500000000	15.8165000000000	12.9082500000000	10	10	10	10	10	10	10	10	10	10	10	10	10	32.5000000000000	55	32.5000000000000	10	10	10	10	10	10	10	43.2142500000000	76.4285000000000	88.2142500000000	100	87.1427500000000	74.2855000000000	44.1325000000000	13.9795000000000	35.9182500000000	57.8570000000000	56.4285000000000	55	50.4082500000000	45.8165000000000	50.4082500000000	55	32.5000000000000	10	10	10	10	10	10	10	10	10	10	10	10	10	10	10	14.8470000000000	19.6940000000000	37.3470000000000	55	74.2857500000000	93.5715000000000	96.7857500000000	100	100	100	86.2245000000000	72.4490000000000	36.2245000000000	0	0	0	0	0	0	0	0	0	0	0	0	0	0	0	0	0	0	0	0	0
0	0	0	0	0	0	0	0	0	0	0	0	0	0	0	0	0	0	0	0	0	0	0	0	0	0	30.9525000000000	61.9050000000000	80.9525000000000	100	100	100	93.5715000000000	87.1430000000000	48.5715000000000	10	10	10	10	10	10	10	10	10	10	10	10	10	10	10	10	10	55	100	55	10	10	10	10	10	10	10	31.4285000000000	52.8570000000000	76.4285000000000	100	100	100	58.9795000000000	17.9590000000000	58.9795000000000	100	100	100	90.8165000000000	81.6330000000000	90.8165000000000	100	55	10	10	10	10	10	10	10	10	10	10	10	10	10	10	10	10	10	10	10	48.5715000000000	87.1430000000000	93.5715000000000	100	100	100	72.4490000000000	44.8980000000000	22.4490000000000	0	0	0	0	0	0	0	0	0	0	0	0	0	0	0	0	0	0	0	0	0
0	0	0	0	0	0	0	0	0	0	0	0	0	0	0	0	0	0	0	0	0	0	0	0	0	0	15.4762500000000	30.9525000000000	65.4762500000000	100	100	100	74.2857500000000	48.5715000000000	29.2857500000000	10	10	10	10	10	10	10	10	10	10	10	10	10	10	10	10	10	55	100	72.2960000000000	44.5920000000000	31.5817500000000	18.5715000000000	14.2857500000000	10	10	10	31.4285000000000	52.8570000000000	76.4285000000000	100	100	100	79.4897500000000	58.9795000000000	79.4897500000000	100	100	100	95.4082500000000	90.8165000000000	76.3777500000000	61.9390000000000	35.9695000000000	10	10	10	10	10	10	10	10	10	10	10	14.2857500000000	18.5715000000000	17.7552500000000	16.9390000000000	13.4695000000000	10	10	10	29.2857500000000	48.5715000000000	58.7245000000000	68.8775000000000	84.4387500000000	100	61.2245000000000	22.4490000000000	11.2245000000000	0	0	0	0	0	0	0	0	0	0	0	0	0	0	0	0	0	0	0	0	0
0	0	0	0	0	0	0	0	0	0	0	0	0	0	0	0	0	0	0	0	0	0	0	0	0	0	0	0	50	100	100	100	55	10	10	10	10	10	10	10	10	10	10	10	10	10	10	10	10	10	10	10	55	100	89.5920000000000	79.1840000000000	53.1635000000000	27.1430000000000	18.5715000000000	10	10	10	31.4285000000000	52.8570000000000	76.4285000000000	100	100	100	100	100	100	100	100	100	100	100	61.9390000000000	23.8780000000000	16.9390000000000	10	10	10	10	10	10	10	10	10	10	10	18.5715000000000	27.1430000000000	25.5105000000000	23.8780000000000	16.9390000000000	10	10	10	10	10	23.8775000000000	37.7550000000000	68.8775000000000	100	50	0	0	0	0	0	0	0	0	0	0	0	0	0	0	0	0	0	0	0	0	0	0	0
0	0	0	0	0	0	0	0	0	0	0	0	0	0	0	0	0	0	0	0	0	0	0	0	0	0	0	0	25	50	75	100	64.4387500000000	28.8775000000000	19.4387500000000	10	10	10	10	10	10	10	10	10	10	10	15.3572500000000	20.7145000000000	15.3572500000000	10	10	10	36.5817500000000	63.1635000000000	76.3777500000000	89.5920000000000	76.5817500000000	63.5715000000000	59.2857500000000	55	35.5612500000000	16.1225000000000	34.4897500000000	52.8570000000000	76.4285000000000	100	100	100	100	100	100	100	100	100	95.9182500000000	91.8365000000000	54.3877500000000	16.9390000000000	13.4695000000000	10	10	10	10	10	10	10	10	10	10	10	17.5000000000000	25	43.4695000000000	61.9390000000000	58.4695000000000	55	55	55	55	55	61.9387500000000	68.8775000000000	70.3230000000000	71.7685000000000	35.8842500000000	0	0	0	0	0	0	0	0	0	0	0	0	0	0	0	0	0	0	0	0	0	0	0
0	0	0	0	0	0	0	0	0	0	0	0	0	0	0	0	0	0	0	0	0	0	0	0	0	0	0	0	0	0	50	100	73.8775000000000	47.7550000000000	28.8775000000000	10	10	10	10	10	10	10	10	10	10	10	20.7145000000000	31.4290000000000	20.7145000000000	10	10	10	18.1635000000000	26.3270000000000	63.1635000000000	100	100	100	100	100	61.1225000000000	22.2450000000000	37.5510000000000	52.8570000000000	76.4285000000000	100	100	100	100	100	100	100	100	100	91.8365000000000	83.6730000000000	46.8365000000000	10	10	10	10	10	10	10	10	10	10	10	10	10	16.4285000000000	22.8570000000000	61.4285000000000	100	100	100	100	100	100	100	100	100	71.7685000000000	43.5370000000000	21.7685000000000	0	0	0	0	0	0	0	0	0	0	0	0	0	0	0	0	0	0	0	0	0	0	0
0	0	0	0	0	0	0	0	0	0	0	0	0	0	0	0	0	0	0	0	0	0	0	0	0	0	0	0	0	0	42.8572500000000	85.7145000000000	79.7960000000000	73.8775000000000	51.4285000000000	28.9795000000000	25	21.0205000000000	38.0102500000000	55	55	55	32.5000000000000	10	10	10	37.8572500000000	65.7145000000000	44.2857500000000	22.8570000000000	16.4285000000000	10	14.0817500000000	18.1635000000000	41.1735000000000	64.1835000000000	75.6632500000000	87.1430000000000	93.5715000000000	100	80.5612500000000	61.1225000000000	68.7755000000000	76.4285000000000	88.2142500000000	100	100	100	100	100	100	100	95.4082500000000	90.8165000000000	68.8265000000000	46.8365000000000	28.4182500000000	10	16.4285000000000	22.8570000000000	16.4285000000000	10	10	10	10	10	10	10	10	10	13.2142500000000	16.4285000000000	58.2142500000000	100	100	100	100	100	100	100	100	100	60.8842500000000	21.7685000000000	10.8842500000000	0	0	0	0	0	0	0	0	0	0	0	0	0	0	0	0	0	0	0	0	0	0	0
0	0	0	0	0	0	0	0	0	0	0	0	0	0	0	0	0	0	0	0	0	0	0	0	0	0	0	0	0	0	35.7145000000000	71.4290000000000	85.7145000000000	100	73.9795000000000	47.9590000000000	40	32.0410000000000	66.0205000000000	100	100	100	55	10	10	10	55	100	67.8570000000000	35.7140000000000	22.8570000000000	10	10	10	19.1835000000000	28.3670000000000	51.3265000000000	74.2860000000000	87.1430000000000	100	100	100	100	100	100	100	100	100	100	100	100	100	90.8165000000000	81.6330000000000	45.8165000000000	10	10	10	22.8570000000000	35.7140000000000	22.8570000000000	10	10	10	10	10	10	10	10	10	10	10	55	100	100	100	100	100	100	100	100	100	50	0	0	0	0	0	0	0	0	0	0	0	0	0	0	0	0	0	0	0	0	0	0	0	0	0
0	0	0	0	0	0	0	0	0	0	0	0	0	0	0	0	0	0	0	0	0	0	0	0	0	0	0	0	0	0	17.8572500000000	35.7145000000000	67.8572500000000	100	86.9897500000000	73.9795000000000	70	66.0205000000000	83.0102500000000	100	100	100	55	10	11.0715000000000	12.1430000000000	56.0715000000000	100	83.9285000000000	67.8570000000000	38.9285000000000	10	10	10	14.5917500000000	19.1835000000000	30.6632500000000	42.1430000000000	57.1430000000000	72.1430000000000	86.0715000000000	100	100	100	100	100	100	100	77.5000000000000	55	55	55	50.4082500000000	45.8165000000000	27.9082500000000	10	29.6427500000000	49.2855000000000	58.5712500000000	67.8570000000000	61.4285000000000	55	32.5000000000000	10	10	10	10	10	10	10	10	10	32.5000000000000	55	71.7857500000000	88.5715000000000	94.2857500000000	100	100	100	96.8255000000000	93.6510000000000	46.8255000000000	0	0	0	0	0	0	0	0	0	0	0	0	0	0	0	0	0	0	0	0	0	0	0	0	0
0	0	0	0	0	0	0	0	0	0	0	0	0	0	0	0	0	0	0	0	0	0	0	0	0	0	0	0	0	0	0	0	50	100	100	100	100	100	100	100	100	100	55	10	12.1430000000000	14.2860000000000	57.1430000000000	100	100	100	55	10	10	10	10	10	10	10	27.1430000000000	44.2860000000000	72.1430000000000	100	100	100	100	100	100	100	55	10	10	10	10	10	10	10	49.2855000000000	88.5710000000000	94.2855000000000	100	100	100	55	10	10	10	10	10	10	10	10	10	10	10	43.5715000000000	77.1430000000000	88.5715000000000	100	100	100	93.6510000000000	87.3020000000000	43.6510000000000	0	0	0	0	0	0	0	0	0	0	0	0	0	0	0	0	0	0	0	0	0	0	0	0	0
0	0	0	0	0	0	0	0	0	0	0	0	0	0	0	0	0	0	0	0	0	0	0	0	0	0	0	0	0	0	0	0	44.0475000000000	88.0950000000000	94.0475000000000	100	100	100	100	100	100	100	55	10	20.3062500000000	30.6125000000000	65.3062500000000	100	100	100	73.2142500000000	46.4285000000000	28.2142500000000	10	16.4285000000000	22.8570000000000	38.9285000000000	55	63.5715000000000	72.1430000000000	77.5000000000000	82.8570000000000	86.9387500000000	91.0205000000000	95.5102500000000	100	100	100	55	10	10	10	10	10	16.5305000000000	23.0610000000000	58.6732500000000	94.2855000000000	97.1427500000000	100	92.2450000000000	84.4900000000000	47.2450000000000	10	10	10	10	10	12.1427500000000	14.2855000000000	34.6427500000000	55	55	55	61.1735000000000	67.3470000000000	83.6735000000000	100	100	100	71.8255000000000	43.6510000000000	21.8255000000000	0	0	0	0	0	0	0	0	0	0	0	0	0	0	0	0	0	0	0	0	0	0	0	0	0
0	0	0	0	0	0	0	0	0	0	0	0	0	0	0	0	0	0	0	0	0	0	0	0	0	0	0	0	0	0	0	0	38.0950000000000	76.1900000000000	88.0950000000000	100	100	100	100	100	100	100	55	10	28.4695000000000	46.9390000000000	73.4695000000000	100	100	100	91.4285000000000	82.8570000000000	46.4285000000000	10	22.8570000000000	35.7140000000000	67.8570000000000	100	100	100	82.8570000000000	65.7140000000000	73.8775000000000	82.0410000000000	91.0205000000000	100	100	100	55	10	10	10	10	10	23.0610000000000	36.1220000000000	68.0610000000000	100	100	100	84.4900000000000	68.9800000000000	39.4900000000000	10	10	10	10	10	14.2855000000000	18.5710000000000	59.2855000000000	100	100	100	78.7755000000000	57.5510000000000	78.7755000000000	100	100	100	50	0	0	0	0	0	0	0	0	0	0	0	0	0	0	0	0	0	0	0	0	0	0	0	0	0	0	0
0	0	0	0	0	0	0	0	0	0	0	0	0	0	0	0	0	0	0	0	0	0	0	0	0	0	0	0	0	0	0	0	19.0475000000000	38.0950000000000	69.0475000000000	100	100	100	100	100	90.8162500000000	81.6325000000000	45.8162500000000	10	41.7347500000000	73.4695000000000	86.7347500000000	100	100	100	95.7142500000000	91.4285000000000	50.7142500000000	10	20.1020000000000	30.2040000000000	65.1020000000000	100	77.5000000000000	55	46.4285000000000	37.8570000000000	52.6530000000000	67.4490000000000	83.7245000000000	100	100	100	55	10	10	10	26.0715000000000	42.1430000000000	55.1020000000000	68.0610000000000	84.0305000000000	100	100	100	69.7450000000000	39.4900000000000	24.7450000000000	10	10	10	10	10	12.1427500000000	14.2855000000000	48.8775000000000	83.4695000000000	91.7347500000000	100	89.3877500000000	78.7755000000000	86.3265000000000	93.8775000000000	71.9387500000000	50	25	0	0	0	0	0	0	0	0	0	0	0	0	0	0	0	0	0	0	0	0	0	0	0	0	0	0	0
0	0	0	0	0	0	0	0	0	0	0	0	0	0	0	0	0	0	0	0	0	0	0	0	0	0	0	0	0	0	0	0	0	0	50	100	100	100	100	100	81.6325000000000	63.2650000000000	36.6325000000000	10	55	100	100	100	100	100	100	100	55	10	17.3470000000000	24.6940000000000	62.3470000000000	100	55	10	10	10	31.4285000000000	52.8570000000000	76.4285000000000	100	100	100	55	10	10	10	42.1430000000000	74.2860000000000	87.1430000000000	100	100	100	100	100	55	10	10	10	10	10	10	10	10	10	38.4695000000000	66.9390000000000	83.4695000000000	100	100	100	93.8775000000000	87.7550000000000	43.8775000000000	0	0	0	0	0	0	0	0	0	0	0	0	0	0	0	0	0	0	0	0	0	0	0	0	0	0	0	0	0
0	0	0	0	0	0	0	0	0	0	0	0	0	0	0	0	0	0	0	0	0	0	0	0	0	0	0	0	0	0	0	0	0	0	35.6010000000000	71.2020000000000	85.6010000000000	100	100	100	69.3877500000000	38.7755000000000	24.3877500000000	10	55	100	98.9795000000000	97.9590000000000	76.4795000000000	55	77.5000000000000	100	55	10	13.6735000000000	17.3470000000000	58.6735000000000	100	55	10	10	10	31.4285000000000	52.8570000000000	76.4285000000000	100	100	100	59.0817500000000	18.1635000000000	14.0817500000000	10	26.0715000000000	42.1430000000000	48.5715000000000	55	64.5407500000000	74.0815000000000	87.0407500000000	100	77.5000000000000	55	33.0102500000000	11.0205000000000	10.5102500000000	10	10	10	10	10	24.2347500000000	38.4695000000000	51.0205000000000	63.5715000000000	81.7857500000000	100	71.9387500000000	43.8775000000000	21.9387500000000	0	0	0	0	0	0	0	0	0	0	0	0	0	0	0	0	0	0	0	0	0	0	0	0	0	0	0	0	0
0	0	0	0	0	0	0	0	0	0	0	0	0	0	0	0	0	0	0	0	0	0	0	0	0	0	0	0	0	0	0	0	0	0	21.2020000000000	42.4040000000000	71.2020000000000	100	100	100	57.1430000000000	14.2860000000000	12.1430000000000	10	55	100	97.9590000000000	95.9180000000000	52.9590000000000	10	55	100	55	10	10	10	55	100	55	10	10	10	31.4285000000000	52.8570000000000	76.4285000000000	100	100	100	63.1635000000000	26.3270000000000	18.1635000000000	10	10	10	10	10	29.0815000000000	48.1630000000000	74.0815000000000	100	100	100	56.0205000000000	12.0410000000000	11.0205000000000	10	10	10	10	10	10	10	18.5715000000000	27.1430000000000	63.5715000000000	100	50	0	0	0	0	0	0	0	0	0	0	0	0	0	0	0	0	0	0	0	0	0	0	0	0	0	0	0	0	0	0	0
0	0	0	0	0	0	0	0	0	0	0	0	0	0	0	0	0	0	0	0	0	0	0	0	0	0	0	0	0	0	0	0	0	0	10.6010000000000	21.2020000000000	35.6010000000000	50	75	100	78.5715000000000	57.1430000000000	33.5715000000000	10	55	100	76.4795000000000	52.9590000000000	31.4795000000000	10	32.5000000000000	55	32.5000000000000	10	10	10	55	100	55	10	10	10	20.7142500000000	31.4285000000000	65.7142500000000	100	100	100	74.9490000000000	49.8980000000000	29.9490000000000	10	10	10	10	10	19.5407500000000	29.0815000000000	64.5407500000000	100	100	100	55.5102500000000	11.0205000000000	10.5102500000000	10	22.2960000000000	34.5920000000000	44.7960000000000	55	55	55	59.2857500000000	63.5715000000000	56.7857500000000	50	25	0	0	0	0	0	0	0	0	0	0	0	0	0	0	0	0	0	0	0	0	0	0	0	0	0	0	0	0	0	0	0
0	0	0	0	0	0	0	0	0	0	0	0	0	0	0	0	0	0	0	0	0	0	0	0	0	0	0	0	0	0	0	0	0	0	0	0	0	0	50	100	100	100	55	10	55	100	55	10	10	10	10	10	10	10	10	10	55	100	55	10	10	10	10	10	55	100	100	100	86.7345000000000	73.4690000000000	41.7345000000000	10	10	10	10	10	10	10	55	100	100	100	55	10	10	10	34.5920000000000	59.1840000000000	79.5920000000000	100	100	100	100	100	50	0	0	0	0	0	0	0	0	0	0	0	0	0	0	0	0	0	0	0	0	0	0	0	0	0	0	0	0	0	0	0	0	0
0	0	0	0	0	0	0	0	0	0	0	0	0	0	0	0	0	0	0	0	0	0	0	0	0	0	0	0	0	0	0	0	0	0	0	0	0	0	25	50	74.3197500000000	98.6395000000000	76.8197500000000	55	77.5000000000000	100	55	10	10	10	10	10	10	10	10	10	46.4285000000000	82.8570000000000	46.4285000000000	10	10	10	14.5917500000000	19.1835000000000	59.5917500000000	100	100	100	93.3672500000000	86.7345000000000	48.3672500000000	10	10	10	10	10	20.4082500000000	30.8165000000000	65.4082500000000	100	77.5000000000000	55	32.5000000000000	10	32.5000000000000	55	67.2960000000000	79.5920000000000	89.7960000000000	100	100	100	83.6735000000000	67.3470000000000	33.6735000000000	0	0	0	0	0	0	0	0	0	0	0	0	0	0	0	0	0	0	0	0	0	0	0	0	0	0	0	0	0	0	0	0	0
0	0	0	0	0	0	0	0	0	0	0	0	0	0	0	0	0	0	0	0	0	0	0	0	0	0	0	0	0	0	0	0	0	0	0	0	0	0	0	0	48.6395000000000	97.2790000000000	98.6395000000000	100	100	100	55	10	10	10	10	10	10	10	10	10	37.8570000000000	65.7140000000000	37.8570000000000	10	10	10	19.1835000000000	28.3670000000000	64.1835000000000	100	100	100	100	100	55	10	10	10	10	10	30.8165000000000	51.6330000000000	75.8165000000000	100	55	10	10	10	55	100	100	100	100	100	100	100	67.3470000000000	34.6940000000000	17.3470000000000	0	0	0	0	0	0	0	0	0	0	0	0	0	0	0	0	0	0	0	0	0	0	0	0	0	0	0	0	0	0	0	0	0
0	0	0	0	0	0	0	0	0	0	0	0	0	0	0	0	0	0	0	0	0	0	0	0	0	0	0	0	0	0	0	0	0	0	0	0	0	0	0	0	24.3197500000000	48.6395000000000	58.8435000000000	69.0475000000000	84.5237500000000	100	77.5000000000000	55	34.4897500000000	13.9795000000000	30.2040000000000	46.4285000000000	28.2142500000000	10	10	10	23.9285000000000	37.8570000000000	23.9285000000000	10	10	10	14.5917500000000	19.1835000000000	59.5917500000000	100	100	100	100	100	63.5715000000000	27.1430000000000	21.0205000000000	14.8980000000000	12.4490000000000	10	38.6225000000000	67.2450000000000	83.6225000000000	100	55	10	32.0917500000000	54.1835000000000	77.0917500000000	100	100	100	100	100	75	50	33.6735000000000	17.3470000000000	8.67350000000000	0	0	0	0	0	0	0	0	0	0	0	0	0	0	0	0	0	0	0	0	0	0	0	0	0	0	0	0	0	0	0	0	0
0	0	0	0	0	0	0	0	0	0	0	0	0	0	0	0	0	0	0	0	0	0	0	0	0	0	0	0	0	0	0	0	0	0	0	0	0	0	0	0	0	0	19.0475000000000	38.0950000000000	69.0475000000000	100	100	100	58.9795000000000	17.9590000000000	50.4080000000000	82.8570000000000	46.4285000000000	10	10	10	10	10	10	10	10	10	10	10	55	100	100	100	100	100	72.1430000000000	44.2860000000000	32.0410000000000	19.7960000000000	14.8980000000000	10	46.4285000000000	82.8570000000000	91.4285000000000	100	55	10	54.1835000000000	98.3670000000000	99.1835000000000	100	100	100	100	100	50	0	0	0	0	0	0	0	0	0	0	0	0	0	0	0	0	0	0	0	0	0	0	0	0	0	0	0	0	0	0	0	0	0	0	0	0	0
0	0	0	0	0	0	0	0	0	0	0	0	0	0	0	0	0	0	0	0	0	0	0	0	0	0	0	0	0	0	0	0	0	0	0	0	0	0	0	0	0	0	9.52375000000000	19.0475000000000	34.5237500000000	50	50.7937500000000	51.5875000000000	55.2835000000000	58.9795000000000	75.2040000000000	91.4285000000000	73.2142500000000	55	48.5715000000000	42.1430000000000	26.0715000000000	10	10	10	10	10	32.5000000000000	55	77.5000000000000	100	100	100	80.3572500000000	60.7145000000000	43.9287500000000	27.1430000000000	21.0205000000000	14.8980000000000	12.4490000000000	10	50.7142500000000	91.4285000000000	95.7142500000000	100	77.5000000000000	55	77.0917500000000	99.1835000000000	99.5917500000000	100	82.9365000000000	65.8730000000000	57.9365000000000	50	25	0	0	0	0	0	0	0	0	0	0	0	0	0	0	0	0	0	0	0	0	0	0	0	0	0	0	0	0	0	0	0	0	0	0	0	0	0
0	0	0	0	0	0	0	0	0	0	0	0	0	0	0	0	0	0	0	0	0	0	0	0	0	0	0	0	0	0	0	0	0	0	0	0	0	0	0	0	0	0	0	0	0	0	1.58750000000000	3.17500000000000	51.5875000000000	100	100	100	100	100	87.1430000000000	74.2860000000000	42.1430000000000	10	10	10	10	10	55	100	100	100	100	100	60.7145000000000	21.4290000000000	15.7145000000000	10	10	10	10	10	55	100	100	100	100	100	100	100	100	100	65.8730000000000	31.7460000000000	15.8730000000000	0	0	0	0	0	0	0	0	0	0	0	0	0	0	0	0	0	0	0	0	0	0	0	0	0	0	0	0	0	0	0	0	0	0	0	0	0	0	0
0	0	0	0	0	0	0	0	0	0	0	0	0	0	0	0	0	0	0	0	0	0	0	0	0	0	0	0	0	0	0	0	0	0	0	0	0	0	0	0	0	0	0	0	0	0	0.793750000000000	1.58750000000000	25.7937500000000	50	60.5442500000000	71.0885000000000	85.5442500000000	100	93.5715000000000	87.1430000000000	48.5715000000000	10	10	10	28.8265000000000	47.6530000000000	65.3230000000000	82.9930000000000	91.4965000000000	100	100	100	57.8572500000000	15.7145000000000	35.3572500000000	55	38.9285000000000	22.8570000000000	16.4285000000000	10	50.7142500000000	91.4285000000000	95.7142500000000	100	100	100	82.9932500000000	65.9865000000000	57.9932500000000	50	32.9365000000000	15.8730000000000	7.93650000000000	0	0	0	0	0	0	0	0	0	0	0	0	0	0	0	0	0	0	0	0	0	0	0	0	0	0	0	0	0	0	0	0	0	0	0	0	0	0	0
0	0	0	0	0	0	0	0	0	0	0	0	0	0	0	0	0	0	0	0	0	0	0	0	0	0	0	0	0	0	0	0	0	0	0	0	0	0	0	0	0	0	0	0	0	0	0	0	0	0	21.0885000000000	42.1770000000000	71.0885000000000	100	100	100	55	10	10	10	47.6530000000000	85.3060000000000	75.6460000000000	65.9860000000000	82.9930000000000	100	100	100	55	10	55	100	67.8570000000000	35.7140000000000	22.8570000000000	10	46.4285000000000	82.8570000000000	91.4285000000000	100	100	100	65.9865000000000	31.9730000000000	15.9865000000000	0	0	0	0	0	0	0	0	0	0	0	0	0	0	0	0	0	0	0	0	0	0	0	0	0	0	0	0	0	0	0	0	0	0	0	0	0	0	0	0	0	0	0
0	0	0	0	0	0	0	0	0	0	0	0	0	0	0	0	0	0	0	0	0	0	0	0	0	0	0	0	0	0	0	0	0	0	0	0	0	0	0	0	0	0	0	0	0	0	0	0	0	0	10.5442500000000	21.0885000000000	35.5442500000000	50	55.9525000000000	61.9050000000000	58.4525000000000	55	55	55	73.8265000000000	92.6530000000000	62.8230000000000	32.9930000000000	41.4965000000000	50	75	100	77.5000000000000	55	77.5000000000000	100	83.9285000000000	67.8570000000000	56.0712500000000	44.2855000000000	67.8570000000000	91.4285000000000	95.7142500000000	100	80.9525000000000	61.9050000000000	38.9457500000000	15.9865000000000	7.99325000000000	0	0	0	0	0	0	0	0	0	0	0	0	0	0	0	0	0	0	0	0	0	0	0	0	0	0	0	0	0	0	0	0	0	0	0	0	0	0	0	0	0	0	0
0	0	0	0	0	0	0	0	0	0	0	0	0	0	0	0	0	0	0	0	0	0	0	0	0	0	0	0	0	0	0	0	0	0	0	0	0	0	0	0	0	0	0	0	0	0	0	0	0	0	0	0	0	0	11.9050000000000	23.8100000000000	61.9050000000000	100	100	100	100	100	50	0	0	0	50	100	100	100	100	100	100	100	89.2855000000000	78.5710000000000	89.2855000000000	100	100	100	61.9050000000000	23.8100000000000	11.9050000000000	0	0	0	0	0	0	0	0	0	0	0	0	0	0	0	0	0	0	0	0	0	0	0	0	0	0	0	0	0	0	0	0	0	0	0	0	0	0	0	0	0	0	0	0	0
0	0	0	0	0	0	0	0	0	0	0	0	0	0	0	0	0	0	0	0	0	0	0	0	0	0	0	0	0	0	0	0	0	0	0	0	0	0	0	0	0	0	0	0	0	0	0	0	0	0	0	0	0	0	5.95250000000000	11.9050000000000	30.9525000000000	50	50	50	50	50	25	0	0	0	29.7620000000000	59.5240000000000	59.5240000000000	59.5240000000000	59.5240000000000	59.5240000000000	65.3062500000000	71.0885000000000	59.9490000000000	48.8095000000000	54.1667500000000	59.5240000000000	54.7620000000000	50	30.9525000000000	11.9050000000000	5.95250000000000	0	0	0	0	0	0	0	0	0	0	0	0	0	0	0	0	0	0	0	0	0	0	0	0	0	0	0	0	0	0	0	0	0	0	0	0	0	0	0	0	0	0	0	0	0
0	0	0	0	0	0	0	0	0	0	0	0	0	0	0	0	0	0	0	0	0	0	0	0	0	0	0	0	0	0	0	0	0	0	0	0	0	0	0	0	0	0	0	0	0	0	0	0	0	0	0	0	0	0	0	0	0	0	0	0	0	0	0	0	0	0	9.52400000000000	19.0480000000000	19.0480000000000	19.0480000000000	19.0480000000000	19.0480000000000	30.6125000000000	42.1770000000000	30.6125000000000	19.0480000000000	19.0480000000000	19.0480000000000	9.52400000000000	0	0	0	0	0	0	0	0	0	0	0	0	0	0	0	0	0	0	0	0	0	0	0	0	0	0	0	0	0	0	0	0	0	0	0	0	0	0	0	0	0	0	0	0	0	0	0	0	0
0	0	0	0	0	0	0	0	0	0	0	0	0	0	0	0	0	0	0	0	0	0	0	0	0	0	0	0	0	0	0	0	0	0	0	0	0	0	0	0	0	0	0	0	0	0	0	0	0	0	0	0	0	0	0	0	0	0	0	0	0	0	0	0	0	0	4.76200000000000	9.52400000000000	9.52400000000000	9.52400000000000	9.52400000000000	9.52400000000000	15.3062500000000	21.0885000000000	15.3062500000000	9.52400000000000	9.52400000000000	9.52400000000000	4.76200000000000	0	0	0	0	0	0	0	0	0	0	0	0	0	0	0	0	0	0	0	0	0	0	0	0	0	0	0	0	0	0	0	0	0	0	0	0	0	0	0	0	0	0	0	0	0	0	0	0	0
0	0	0	0	0	0	0	0	0	0	0	0	0	0	0	0	0	0	0	0	0	0	0	0	0	0	0	0	0	0	0	0	0	0	0	0	0	0	0	0	0	0	0	0	0	0	0	0	0	0	0	0	0	0	0	0	0	0	0	0	0	0	0	0	0	0	0	0	0	0	0	0	0	0	0	0	0	0	0	0	0	0	0	0	0	0	0	0	0	0	0	0	0	0	0	0	0	0	0	0	0	0	0	0	0	0	0	0	0	0	0	0	0	0	0	0	0	0	0	0	0	0	0	0	0	0	0	0
0	0	0	0	0	0	0	0	0	0	0	0	0	0	0	0	0	0	0	0	0	0	0	0	0	0	0	0	0	0	0	0	0	0	0	0	0	0	0	0	0	0	0	0	0	0	0	0	0	0	0	0	0	0	0	0	0	0	0	0	0	0	0	0	0	0	0	0	0	0	0	0	0	0	0	0	0	0	0	0	0	0	0	0	0	0	0	0	0	0	0	0	0	0	0	0	0	0	0	0	0	0	0	0	0	0	0	0	0	0	0	0	0	0	0	0	0	0	0	0	0	0	0	0	0	0	0	0
0	0	0	0	0	0	0	0	0	0	0	0	0	0	0	0	0	0	0	0	0	0	0	0	0	0	0	0	0	0	0	0	0	0	0	0	0	0	0	0	0	0	0	0	0	0	0	0	0	0	0	0	0	0	0	0	0	0	0	0	0	0	0	0	0	0	0	0	0	0	0	0	0	0	0	0	0	0	0	0	0	0	0	0	0	0	0	0	0	0	0	0	0	0	0	0	0	0	0	0	0	0	0	0	0	0	0	0	0	0	0	0	0	0	0	0	0	0	0	0	0	0	0	0	0	0	0	0
0	0	0	0	0	0	0	0	0	0	0	0	0	0	0	0	0	0	0	0	0	0	0	0	0	0	0	0	0	0	0	0	0	0	0	0	0	0	0	0	0	0	0	0	0	0	0	0	0	0	0	0	0	0	0	0	0	0	0	0	0	0	0	0	0	0	0	0	0	0	0	0	0	0	0	0	0	0	0	0	0	0	0	0	0	0	0	0	0	0	0	0	0	0	0	0	0	0	0	0	0	0	0	0	0	0	0	0	0	0	0	0	0	0	0	0	0	0	0	0	0	0	0	0	0	0	0	0
0	0	0	0	0	0	0	0	0	0	0	0	0	0	0	0	0	0	0	0	0	0	0	0	0	0	0	0	0	0	0	0	0	0	0	0	0	0	0	0	0	0	0	0	0	0	0	0	0	0	0	0	0	0	0	0	0	0	0	0	0	0	0	0	0	0	0	0	0	0	0	0	0	0	0	0	0	0	0	0	0	0	0	0	0	0	0	0	0	0	0	0	0	0	0	0	0	0	0	0	0	0	0	0	0	0	0	0	0	0	0	0	0	0	0	0	0	0	0	0	0	0	0	0	0	0	0	0
0	0	0	0	0	0	0	0	0	0	0	0	0	0	0	0	0	0	0	0	0	0	0	0	0	0	0	0	0	0	0	0	0	0	0	0	0	0	0	0	0	0	0	0	0	0	0	0	0	0	0	0	0	0	0	0	0	0	0	0	0	0	0	0	0	0	0	0	0	0	0	0	0	0	0	0	0	0	0	0	0	0	0	0	0	0	0	0	0	0	0	0	0	0	0	0	0	0	0	0	0	0	0	0	0	0	0	0	0	0	0	0	0	0	0	0	0	0	0	0	0	0	0	0	0	0	0	0
0	0	0	0	0	0	0	0	0	0	0	0	0	0	0	0	0	0	0	0	0	0	0	0	0	0	0	0	0	0	0	0	0	0	0	0	0	0	0	0	0	0	0	0	0	0	0	0	0	0	0	0	0	0	0	0	0	0	0	0	0	0	0	0	0	0	0	0	0	0	0	0	0	0	0	0	0	0	0	0	0	0	0	0	0	0	0	0	0	0	0	0	0	0	0	0	0	0	0	0	0	0	0	0	0	0	0	0	0	0	0	0	0	0	0	0	0	0	0	0	0	0	0	0	0	0	0	0