0.000	0.000	0.000	0.000	0.000	0.000	0.000	0.000	0.000	0.000	0.000	0.000	0.000	0.000	0.000	0.000	0.000	0.000	0.000	0.000	0.000	0.000	0.000	0.000	0.000	0.000	0.000	0.000	0.000	0.000	0.000	0.000	0.000	0.000	0.000	0.000	0.000	0.000	0.000	0.000	0.000	0.000	0.000	0.000	0.000	0.000	0.000	0.000	0.000	0.000	0.000	0.000	0.000	0.000	0.000	0.000	0.000	0.000	0.000	0.000	0.000	0.000	0.000	0.000
0.000	0.000	0.000	0.000	0.000	0.000	0.000	0.000	0.000	0.000	0.000	0.000	0.000	0.000	0.000	0.000	0.000	0.000	0.000	0.000	0.000	0.000	0.000	0.000	0.000	0.000	0.000	0.000	0.000	0.000	0.000	0.000	0.000	0.000	0.000	0.000	0.000	0.000	0.000	0.000	0.000	0.000	0.000	0.000	0.000	0.000	0.000	0.000	0.000	0.000	0.000	0.000	0.000	0.000	0.000	0.000	0.000	0.000	0.000	0.000	0.000	0.000	0.000	0.000
0.000	0.000	0.000	0.000	0.000	0.000	0.000	0.000	0.000	0.000	0.000	0.000	0.000	0.000	0.000	0.000	0.000	0.000	0.000	0.000	0.000	0.000	0.000	0.000	0.000	0.000	0.000	0.000	0.000	0.000	0.000	0.000	0.000	0.000	0.000	0.000	0.000	0.000	0.000	0.000	0.000	0.000	0.000	0.000	0.000	0.000	0.000	0.000	0.000	0.000	0.000	0.000	0.000	0.000	0.000	0.000	0.000	0.000	0.000	0.000	0.000	0.000	0.000	0.000
0.000	0.000	0.000	0.000	0.000	0.000	0.000	0.000	0.000	0.000	0.000	0.000	0.000	0.000	0.000	0.000	0.000	0.000	0.000	0.000	0.000	0.000	0.000	0.000	0.000	0.000	0.000	0.000	14.286	14.286	14.286	14.286	0.000	8.163	46.939	14.286	14.286	0.000	0.000	0.000	0.000	0.000	0.000	0.000	0.000	0.000	0.000	0.000	0.000	0.000	0.000	0.000	0.000	0.000	0.000	0.000	0.000	0.000	0.000	0.000	0.000	0.000	0.000	0.000
0.000	0.000	0.000	0.000	0.000	0.000	0.000	0.000	0.000	0.000	0.000	0.000	0.000	0.000	0.000	0.000	0.000	0.000	0.000	0.000	0.000	0.000	0.000	0.000	19.048	100.000	100.000	100.000	100.000	100.000	100.000	100.000	47.619	100.000	100.000	100.000	100.000	100.000	100.000	2.721	0.000	0.000	0.000	0.000	0.000	0.000	0.000	0.000	0.000	0.000	0.000	0.000	0.000	0.000	0.000	0.000	0.000	0.000	0.000	0.000	0.000	0.000	0.000	0.000
0.000	0.000	0.000	0.000	0.000	0.000	0.000	0.000	0.000	0.000	0.000	0.000	0.000	0.000	0.000	0.000	0.000	0.000	0.000	0.000	0.000	0.000	27.438	100.000	100.000	100.000	100.000	100.000	100.000	65.714	87.755	100.000	100.000	100.000	100.000	100.000	100.000	100.000	100.000	100.000	100.000	1.134	0.000	0.000	0.000	0.000	0.000	0.000	0.000	0.000	0.000	0.000	0.000	0.000	0.000	0.000	0.000	0.000	0.000	0.000	0.000	0.000	0.000	0.000
0.000	0.000	0.000	0.000	0.000	0.000	0.000	0.000	0.000	0.000	0.000	0.000	0.000	0.000	0.000	0.000	0.000	0.000	0.000	0.000	0.000	28.571	100.000	100.000	100.000	100.000	100.000	100.000	100.000	49.796	10.000	100.000	100.000	100.000	84.082	10.000	10.000	10.000	95.102	100.000	100.000	100.000	28.571	0.000	0.000	0.000	0.000	0.000	0.000	0.000	0.000	0.000	0.000	0.000	0.000	0.000	0.000	0.000	0.000	0.000	0.000	0.000	0.000	0.000
0.000	0.000	0.000	0.000	0.000	0.000	0.000	0.000	0.000	0.000	0.000	0.000	0.000	0.000	0.000	0.000	0.000	0.000	0.000	0.000	31.746	100.000	100.000	100.000	100.000	100.000	100.000	52.857	10.000	10.000	10.000	84.286	100.000	100.000	32.857	10.000	10.000	10.000	10.000	100.000	100.000	100.000	100.000	31.746	0.000	0.000	0.000	0.000	0.000	0.000	0.000	0.000	0.000	0.000	0.000	0.000	0.000	0.000	0.000	0.000	0.000	0.000	0.000	0.000
0.000	0.000	0.000	0.000	0.000	0.000	0.000	0.000	0.000	0.000	0.000	0.000	0.000	0.000	0.000	0.000	0.000	0.000	0.000	0.000	100.000	100.000	67.347	100.000	100.000	55.102	10.000	10.000	10.000	44.286	100.000	100.000	100.000	100.000	10.000	10.000	10.000	10.000	10.000	100.000	100.000	12.653	10.000	100.000	94.104	0.000	0.000	0.000	0.000	0.000	0.000	0.000	0.000	0.000	0.000	0.000	0.000	0.000	0.000	0.000	0.000	0.000	0.000	0.000
0.000	0.000	0.000	0.000	0.000	0.000	0.000	0.000	0.000	0.000	0.000	0.000	0.000	0.000	0.000	0.000	0.000	0.000	0.000	100.000	100.000	100.000	10.000	100.000	100.000	10.000	10.000	10.000	22.857	100.000	100.000	100.000	100.000	100.000	44.286	10.000	10.000	10.000	10.000	87.143	100.000	10.000	100.000	100.000	100.000	36.735	0.000	0.000	0.000	0.000	0.000	0.000	0.000	0.000	0.000	0.000	0.000	0.000	0.000	0.000	0.000	0.000	0.000	0.000
0.000	0.000	0.000	0.000	0.000	0.000	0.000	0.000	0.000	0.000	0.000	0.000	0.000	0.000	0.000	0.000	0.000	0.000	40.816	100.000	100.000	100.000	10.000	100.000	100.000	44.694	10.000	10.000	100.000	100.000	100.000	100.000	100.000	100.000	100.000	10.000	10.000	10.000	10.000	10.000	10.000	10.000	100.000	100.000	100.000	100.000	38.549	0.000	0.000	0.000	0.000	0.000	0.000	0.000	0.000	0.000	0.000	0.000	0.000	0.000	0.000	0.000	0.000	0.000
0.000	0.000	0.000	0.000	0.000	0.000	0.000	0.000	0.000	0.000	0.000	0.000	0.000	0.000	0.000	0.000	0.000	42.404	100.000	100.000	100.000	100.000	10.000	100.000	100.000	100.000	10.000	10.000	100.000	100.000	34.490	100.000	100.000	100.000	100.000	100.000	10.000	10.000	10.000	10.000	10.000	10.000	100.000	100.000	100.000	100.000	100.000	0.000	0.000	0.000	0.000	0.000	0.000	0.000	0.000	0.000	0.000	0.000	0.000	0.000	0.000	0.000	0.000	0.000
0.000	0.000	0.000	0.000	0.000	0.000	0.000	0.000	0.000	0.000	0.000	0.000	0.000	0.000	0.000	0.000	43.537	100.000	100.000	100.000	100.000	10.000	10.000	10.000	100.000	100.000	10.000	10.000	10.000	10.000	10.000	100.000	100.000	100.000	100.000	100.000	10.000	10.000	10.000	10.000	10.000	10.000	100.000	100.000	100.000	100.000	100.000	100.000	0.000	0.000	0.000	0.000	0.000	0.000	0.000	0.000	0.000	0.000	0.000	0.000	0.000	0.000	0.000	0.000
0.000	0.000	0.000	0.000	0.000	0.000	0.000	0.000	0.000	0.000	0.000	0.000	0.000	0.000	0.000	89.116	100.000	100.000	100.000	100.000	100.000	100.000	10.000	10.000	14.898	100.000	10.000	10.000	10.000	10.000	10.000	100.000	100.000	100.000	100.000	10.000	10.000	10.000	10.000	10.000	10.000	10.000	100.000	100.000	41.020	10.000	54.898	100.000	71.429	0.000	0.000	0.000	0.000	0.000	0.000	0.000	0.000	0.000	0.000	0.000	0.000	0.000	0.000	0.000
0.000	0.000	0.000	0.000	0.000	0.000	0.000	0.000	0.000	0.000	0.000	0.000	0.000	0.000	0.000	100.000	100.000	15.714	35.714	100.000	100.000	10.000	42.857	97.143	10.000	15.714	10.000	10.000	10.000	10.000	10.000	100.000	100.000	100.000	100.000	30.000	10.000	10.000	10.000	10.000	10.000	95.714	100.000	97.143	10.000	10.000	10.000	100.000	100.000	0.000	0.000	0.000	0.000	0.000	0.000	0.000	0.000	0.000	0.000	0.000	0.000	0.000	0.000	0.000
0.000	0.000	0.000	0.000	0.000	0.000	0.000	0.000	0.000	0.000	0.000	0.000	0.000	0.000	66.667	100.000	51.020	10.000	10.000	10.000	10.000	10.000	14.286	93.878	10.000	10.000	10.000	10.000	10.000	10.000	10.000	100.000	100.000	100.000	100.000	100.000	35.714	10.000	10.000	10.000	10.000	10.000	35.714	10.000	16.122	100.000	100.000	100.000	100.000	66.667	0.000	0.000	0.000	0.000	0.000	0.000	0.000	0.000	0.000	0.000	0.000	0.000	0.000	0.000
0.000	0.000	0.000	0.000	0.000	0.000	0.000	0.000	0.000	0.000	0.000	0.000	0.000	0.000	100.000	100.000	10.000	10.000	10.000	10.000	10.000	10.000	10.000	10.000	10.000	10.000	10.000	10.000	10.000	78.571	78.571	100.000	100.000	100.000	100.000	100.000	100.000	10.000	10.000	10.000	10.000	10.000	10.000	79.592	100.000	100.000	31.429	47.755	100.000	100.000	0.000	0.000	0.000	0.000	0.000	0.000	0.000	0.000	0.000	0.000	0.000	0.000	0.000	0.000
0.000	0.000	0.000	0.000	0.000	0.000	0.000	0.000	0.000	0.000	0.000	0.000	0.000	50.113	100.000	100.000	44.490	10.000	10.000	10.000	10.000	10.000	10.000	10.000	10.000	10.000	10.000	10.000	40.000	100.000	100.000	100.000	100.000	100.000	100.000	100.000	35.714	10.000	10.000	10.000	10.000	10.000	10.000	10.000	10.000	10.000	10.000	10.000	10.000	100.000	92.744	0.000	0.000	0.000	0.000	0.000	0.000	0.000	0.000	0.000	0.000	0.000	0.000	0.000
0.000	0.000	0.000	0.000	0.000	0.000	0.000	0.000	0.000	0.000	0.000	0.000	0.000	100.000	100.000	35.714	10.000	10.000	10.000	10.000	10.000	10.000	10.000	10.000	10.000	10.000	10.000	10.000	10.000	100.000	100.000	100.000	100.000	100.000	100.000	100.000	100.000	10.000	10.000	10.000	10.000	10.000	10.000	10.000	10.000	10.000	87.143	100.000	100.000	100.000	100.000	0.000	0.000	0.000	0.000	0.000	0.000	0.000	0.000	0.000	0.000	0.000	0.000	0.000
0.000	0.000	0.000	0.000	0.000	0.000	0.000	0.000	0.000	0.000	0.000	0.000	0.000	100.000	100.000	100.000	97.959	100.000	100.000	100.000	100.000	91.429	10.000	10.000	10.000	10.000	10.000	10.000	10.000	100.000	65.102	18.571	100.000	100.000	10.000	72.857	18.571	10.000	10.000	10.000	10.000	10.000	10.000	10.000	10.000	10.000	10.000	18.571	16.122	100.000	100.000	51.701	0.000	0.000	0.000	0.000	0.000	0.000	0.000	0.000	0.000	0.000	0.000	0.000
0.000	0.000	0.000	0.000	0.000	0.000	0.000	0.000	0.000	0.000	0.000	0.000	0.000	100.000	100.000	100.000	100.000	100.000	100.000	100.000	100.000	10.000	10.000	10.000	10.000	10.000	10.000	10.000	10.000	10.000	10.000	10.000	100.000	100.000	10.000	10.000	10.000	10.000	10.000	10.000	10.000	10.000	10.000	10.000	10.000	95.714	95.714	95.714	95.714	100.000	100.000	57.143	0.000	0.000	0.000	0.000	0.000	0.000	0.000	0.000	0.000	0.000	0.000	0.000
0.000	0.000	0.000	0.000	0.000	0.000	0.000	0.000	0.000	0.000	0.000	0.000	57.143	100.000	100.000	74.286	100.000	100.000	100.000	100.000	100.000	100.000	100.000	10.000	10.000	10.000	10.000	10.000	10.000	10.000	10.000	52.857	100.000	100.000	10.000	10.000	10.000	10.000	10.000	10.000	10.000	10.000	10.000	100.000	100.000	100.000	100.000	100.000	100.000	100.000	100.000	100.000	0.000	0.000	0.000	0.000	0.000	0.000	0.000	0.000	0.000	0.000	0.000	0.000
0.000	0.000	0.000	0.000	0.000	0.000	0.000	0.000	0.000	0.000	0.000	0.000	100.000	100.000	100.000	10.000	75.306	27.143	10.000	10.000	10.000	10.000	10.000	10.000	10.000	10.000	10.000	10.000	10.000	10.000	10.000	100.000	100.000	100.000	10.000	10.000	10.000	10.000	10.000	10.000	10.000	10.000	10.000	10.000	10.000	10.000	10.000	10.000	10.000	42.857	100.000	100.000	0.000	0.000	0.000	0.000	0.000	0.000	0.000	0.000	0.000	0.000	0.000	0.000
0.000	0.000	0.000	0.000	0.000	0.000	0.000	0.000	0.000	0.000	0.000	0.000	100.000	94.694	97.143	100.000	10.000	10.000	10.000	10.000	10.000	10.000	10.000	10.000	10.000	10.000	10.000	10.000	10.000	10.000	10.000	100.000	100.000	100.000	10.000	10.000	10.000	10.000	10.000	10.000	10.000	10.000	10.000	10.000	18.571	18.571	18.571	100.000	100.000	100.000	100.000	100.000	0.000	0.000	0.000	0.000	0.000	0.000	0.000	0.000	0.000	0.000	0.000	0.000
0.000	0.000	0.000	0.000	0.000	0.000	0.000	0.000	0.000	0.000	0.000	0.000	100.000	44.286	10.000	10.000	10.000	10.000	10.000	10.000	10.000	10.000	10.000	10.000	10.000	10.000	10.000	10.000	10.000	10.000	10.000	100.000	100.000	100.000	10.000	10.000	10.000	10.000	10.000	10.000	10.000	10.000	10.000	100.000	100.000	100.000	100.000	100.000	100.000	87.143	10.000	100.000	7.483	0.000	0.000	0.000	0.000	0.000	0.000	0.000	0.000	0.000	0.000	0.000
0.000	0.000	0.000	0.000	0.000	0.000	0.000	0.000	0.000	0.000	0.000	0.000	100.000	100.000	10.000	10.000	10.000	10.000	10.000	10.000	10.000	10.000	10.000	10.000	10.000	10.000	10.000	10.000	10.000	10.000	10.000	10.000	91.837	82.857	10.000	10.000	10.000	23.061	27.143	10.000	10.000	10.000	10.000	100.000	100.000	82.857	10.000	10.000	10.000	10.000	10.000	58.367	52.381	0.000	0.000	0.000	0.000	0.000	0.000	0.000	0.000	0.000	0.000	0.000
0.000	0.000	0.000	0.000	0.000	0.000	0.000	0.000	0.000	0.000	0.000	52.381	100.000	100.000	100.000	51.020	10.000	10.000	10.000	10.000	10.000	10.000	10.000	10.000	10.000	10.000	10.000	10.000	10.000	10.000	10.000	10.000	10.000	10.000	10.000	10.000	10.000	100.000	27.143	10.000	10.000	10.000	10.000	10.000	10.000	10.000	10.000	10.000	10.000	10.000	18.163	100.000	100.000	0.000	0.000	0.000	0.000	0.000	0.000	0.000	0.000	0.000	0.000	0.000
0.000	0.000	0.000	0.000	0.000	0.000	0.000	0.000	0.000	0.000	0.000	52.381	85.306	90.204	100.000	100.000	100.000	10.000	10.000	10.000	10.000	10.000	10.000	10.000	10.000	10.000	10.000	100.000	100.000	10.000	10.000	10.000	10.000	10.000	10.000	10.000	10.000	100.000	27.143	10.000	10.000	10.000	10.000	10.000	10.000	10.000	10.000	10.000	10.000	10.000	100.000	100.000	86.531	0.000	0.000	0.000	0.000	0.000	0.000	0.000	0.000	0.000	0.000	0.000
0.000	0.000	0.000	0.000	0.000	0.000	0.000	0.000	0.000	0.000	0.000	52.381	100.000	10.000	10.000	10.000	10.000	10.000	10.000	10.000	10.000	10.000	10.000	10.000	10.000	10.000	31.429	100.000	100.000	10.000	10.000	10.000	10.000	10.000	10.000	10.000	31.429	100.000	27.143	10.000	10.000	10.000	10.000	10.000	10.000	10.000	10.000	17.143	100.000	100.000	100.000	10.000	10.000	0.000	0.000	0.000	0.000	0.000	0.000	0.000	0.000	0.000	0.000	0.000
0.000	0.000	0.000	0.000	0.000	0.000	0.000	0.000	0.000	0.000	0.000	52.381	100.000	100.000	21.429	10.000	10.000	10.000	10.000	10.000	10.000	10.000	10.000	10.000	10.000	10.000	31.429	100.000	100.000	10.000	10.000	10.000	10.000	10.000	10.000	10.000	74.286	100.000	10.000	10.000	10.000	10.000	10.000	10.000	10.000	10.000	10.000	100.000	65.714	47.143	10.000	10.000	70.816	47.619	0.000	0.000	0.000	0.000	0.000	0.000	0.000	0.000	0.000	0.000
0.000	0.000	0.000	0.000	0.000	0.000	0.000	0.000	0.000	0.000	0.000	100.000	100.000	100.000	100.000	100.000	48.571	17.347	10.000	10.000	10.000	10.000	10.000	10.000	10.000	10.000	31.429	100.000	100.000	10.000	10.000	10.000	10.000	10.000	10.000	10.000	74.286	100.000	10.000	10.000	10.000	10.000	10.000	10.000	10.000	10.000	10.000	10.000	10.000	10.000	68.163	100.000	100.000	100.000	0.000	0.000	0.000	0.000	0.000	0.000	0.000	0.000	0.000	0.000
0.000	0.000	0.000	0.000	0.000	0.000	0.000	0.000	0.000	0.000	0.000	100.000	100.000	100.000	100.000	100.000	100.000	100.000	10.000	10.000	10.000	10.000	10.000	10.000	10.000	10.000	31.429	100.000	85.714	10.000	10.000	10.000	57.143	10.000	10.000	10.000	43.673	100.000	10.000	10.000	10.000	10.000	10.000	10.000	10.000	10.000	10.000	10.000	10.000	40.000	100.000	100.000	100.000	100.000	0.000	0.000	0.000	0.000	0.000	0.000	0.000	0.000	0.000	0.000
0.000	0.000	0.000	0.000	0.000	0.000	0.000	0.000	0.000	0.000	0.000	100.000	100.000	82.041	100.000	100.000	100.000	18.163	10.000	10.000	10.000	10.000	10.000	10.000	10.000	10.000	31.429	100.000	10.000	10.000	10.000	10.000	57.143	10.000	10.000	10.000	10.000	100.000	18.980	10.000	10.000	10.000	10.000	10.000	10.000	10.000	10.000	10.000	10.000	100.000	100.000	100.000	100.000	100.000	22.449	0.000	0.000	0.000	0.000	0.000	0.000	0.000	0.000	0.000
0.000	0.000	0.000	0.000	0.000	0.000	0.000	0.000	0.000	0.000	0.000	100.000	100.000	10.000	10.000	10.000	10.000	10.000	10.000	10.000	10.000	10.000	10.000	10.000	10.000	10.000	31.429	100.000	10.000	10.000	10.000	10.000	81.633	32.041	10.000	10.000	10.000	100.000	27.143	10.000	10.000	10.000	10.000	10.000	10.000	10.000	10.000	10.000	10.000	100.000	100.000	77.959	10.000	100.000	42.857	0.000	0.000	0.000	0.000	0.000	0.000	0.000	0.000	0.000
0.000	0.000	0.000	0.000	0.000	0.000	0.000	0.000	0.000	0.000	0.000	52.381	100.000	100.000	65.714	10.000	10.000	10.000	10.000	10.000	10.000	10.000	10.000	10.000	10.000	10.000	31.429	34.490	10.000	10.000	10.000	52.857	100.000	48.571	10.000	10.000	10.000	10.000	16.531	10.000	10.000	10.000	10.000	10.000	10.000	10.000	10.000	10.000	10.000	10.000	10.000	10.000	10.000	100.000	0.000	0.000	0.000	0.000	0.000	0.000	0.000	0.000	0.000	0.000
0.000	0.000	0.000	0.000	0.000	0.000	0.000	0.000	0.000	0.000	0.000	52.381	100.000	100.000	100.000	100.000	100.000	75.714	70.000	15.714	10.000	10.000	10.000	10.000	10.000	10.000	10.000	10.000	10.000	10.000	10.000	24.286	100.000	48.571	10.000	10.000	10.000	10.000	10.000	10.000	10.000	10.000	10.000	10.000	10.000	10.000	10.000	10.000	10.000	10.000	10.000	35.714	100.000	100.000	0.000	0.000	0.000	0.000	0.000	0.000	0.000	0.000	0.000	0.000
0.000	0.000	0.000	0.000	0.000	0.000	0.000	0.000	0.000	0.000	0.000	52.381	63.265	35.714	100.000	100.000	100.000	100.000	100.000	18.571	10.000	10.000	10.000	10.000	10.000	10.000	10.000	10.000	10.000	10.000	10.000	10.000	100.000	100.000	10.000	10.000	10.000	10.000	10.000	10.000	10.000	10.000	10.000	10.000	10.000	10.000	10.000	10.000	10.000	100.000	100.000	100.000	100.000	100.000	0.000	0.000	0.000	0.000	0.000	0.000	0.000	0.000	0.000	0.000
0.000	0.000	0.000	0.000	0.000	0.000	0.000	0.000	0.000	0.000	0.000	52.381	100.000	10.000	10.000	10.000	10.000	10.000	10.000	10.000	10.000	10.000	10.000	10.000	10.000	10.000	10.000	10.000	10.000	10.000	10.000	100.000	100.000	100.000	10.000	10.000	10.000	10.000	10.000	10.000	10.000	10.000	10.000	10.000	10.000	10.000	10.000	10.000	84.694	100.000	100.000	100.000	100.000	100.000	0.000	0.000	0.000	0.000	0.000	0.000	0.000	0.000	0.000	0.000
0.000	0.000	0.000	0.000	0.000	0.000	0.000	0.000	0.000	0.000	0.000	9.977	100.000	82.857	10.000	10.000	10.000	10.000	10.000	10.000	10.000	10.000	10.000	10.000	10.000	10.000	10.000	10.000	10.000	10.000	10.000	100.000	100.000	48.571	10.000	10.000	10.000	10.000	10.000	10.000	10.000	10.000	10.000	10.000	10.000	10.000	10.000	10.000	10.000	10.000	10.000	10.000	100.000	100.000	0.000	0.000	0.000	0.000	0.000	0.000	0.000	0.000	0.000	0.000
0.000	0.000	0.000	0.000	0.000	0.000	0.000	0.000	0.000	0.000	0.000	0.000	100.000	100.000	100.000	100.000	100.000	100.000	11.837	10.000	10.000	10.000	10.000	10.000	10.000	10.000	10.000	10.000	10.000	10.000	10.000	100.000	100.000	100.000	92.041	10.000	10.000	10.000	10.000	10.000	10.000	10.000	10.000	10.000	10.000	10.000	10.000	10.000	10.000	10.000	10.000	43.061	100.000	100.000	0.000	0.000	0.000	0.000	0.000	0.000	0.000	0.000	0.000	0.000
0.000	0.000	0.000	0.000	0.000	0.000	0.000	0.000	0.000	0.000	0.000	0.000	57.143	100.000	100.000	18.571	12.041	10.000	10.000	10.000	10.000	10.000	10.000	10.000	10.000	10.000	10.000	10.000	10.000	10.000	10.000	100.000	100.000	100.000	10.000	10.000	10.000	10.000	10.000	10.000	10.000	10.000	10.000	10.000	10.000	10.000	10.000	10.000	10.000	10.000	10.000	100.000	100.000	100.000	0.000	0.000	0.000	0.000	0.000	0.000	0.000	0.000	0.000	0.000
0.000	0.000	0.000	0.000	0.000	0.000	0.000	0.000	0.000	0.000	0.000	0.000	57.143	100.000	11.429	10.000	10.000	10.000	10.000	10.000	10.000	10.000	10.000	10.000	10.000	10.000	10.000	10.000	10.000	10.000	10.000	100.000	100.000	100.000	10.000	10.000	10.000	10.000	10.000	10.000	10.000	10.000	10.000	10.000	10.000	10.000	10.000	10.000	10.000	10.000	10.000	51.020	100.000	100.000	0.000	0.000	0.000	0.000	0.000	0.000	0.000	0.000	0.000	0.000
0.000	0.000	0.000	0.000	0.000	0.000	0.000	0.000	0.000	0.000	0.000	0.000	57.143	100.000	100.000	100.000	100.000	100.000	100.000	18.571	10.000	10.000	10.000	10.000	10.000	10.000	10.000	10.000	10.000	44.286	100.000	100.000	100.000	100.000	100.000	40.000	10.000	10.000	10.000	10.000	10.000	10.000	10.000	10.000	10.000	10.000	10.000	100.000	100.000	10.000	10.000	10.000	100.000	100.000	0.000	0.000	0.000	0.000	0.000	0.000	0.000	0.000	0.000	0.000
0.000	0.000	0.000	0.000	0.000	0.000	0.000	0.000	0.000	0.000	0.000	0.000	0.000	100.000	100.000	100.000	100.000	100.000	100.000	100.000	10.000	10.000	10.000	10.000	10.000	10.000	10.000	10.000	10.000	42.653	100.000	100.000	100.000	97.551	10.000	10.000	10.000	10.000	10.000	10.000	10.000	10.000	10.000	10.000	10.000	10.000	10.000	100.000	100.000	100.000	100.000	100.000	100.000	47.619	0.000	0.000	0.000	0.000	0.000	0.000	0.000	0.000	0.000	0.000
0.000	0.000	0.000	0.000	0.000	0.000	0.000	0.000	0.000	0.000	0.000	0.000	0.000	100.000	100.000	100.000	100.000	100.000	21.633	10.000	10.000	10.000	10.000	10.000	10.000	10.000	10.000	10.000	10.000	10.000	10.000	100.000	100.000	48.571	10.000	15.714	10.000	10.000	10.000	10.000	10.000	10.000	10.000	10.000	10.000	10.000	10.000	29.388	100.000	100.000	100.000	100.000	100.000	0.000	0.000	0.000	0.000	0.000	0.000	0.000	0.000	0.000	0.000	0.000
0.000	0.000	0.000	0.000	0.000	0.000	0.000	0.000	0.000	0.000	0.000	0.000	0.000	61.905	100.000	100.000	87.143	10.000	10.000	10.000	10.000	10.000	10.000	10.000	10.000	10.000	100.000	10.000	10.000	10.000	10.000	52.857	100.000	100.000	17.959	100.000	100.000	81.633	100.000	10.000	10.000	10.000	10.000	10.000	10.000	10.000	10.000	10.000	10.000	87.143	100.000	100.000	44.898	0.000	0.000	0.000	0.000	0.000	0.000	0.000	0.000	0.000	0.000	0.000
0.000	0.000	0.000	0.000	0.000	0.000	0.000	0.000	0.000	0.000	0.000	0.000	0.000	0.000	100.000	100.000	10.000	10.000	10.000	10.000	10.000	10.000	10.000	10.000	10.000	10.000	100.000	79.184	27.143	10.000	10.000	52.857	100.000	100.000	100.000	100.000	100.000	100.000	23.878	10.000	10.000	10.000	10.000	10.000	10.000	27.143	23.878	10.000	10.000	10.000	37.755	100.000	0.000	0.000	0.000	0.000	0.000	0.000	0.000	0.000	0.000	0.000	0.000	0.000
0.000	0.000	0.000	0.000	0.000	0.000	0.000	0.000	0.000	0.000	0.000	0.000	0.000	0.000	0.000	100.000	47.755	10.000	10.000	10.000	10.000	10.000	10.000	31.429	10.000	10.000	26.327	100.000	100.000	100.000	22.245	52.857	100.000	100.000	100.000	100.000	100.000	83.673	10.000	10.000	10.000	10.000	10.000	10.000	10.000	22.857	100.000	100.000	100.000	100.000	100.000	43.537	0.000	0.000	0.000	0.000	0.000	0.000	0.000	0.000	0.000	0.000	0.000	0.000
0.000	0.000	0.000	0.000	0.000	0.000	0.000	0.000	0.000	0.000	0.000	0.000	0.000	0.000	0.000	71.429	100.000	47.959	32.041	100.000	100.000	10.000	10.000	100.000	35.714	10.000	10.000	28.367	74.286	100.000	100.000	100.000	100.000	100.000	100.000	100.000	81.633	10.000	10.000	35.714	10.000	10.000	10.000	10.000	10.000	10.000	100.000	100.000	100.000	100.000	100.000	0.000	0.000	0.000	0.000	0.000	0.000	0.000	0.000	0.000	0.000	0.000	0.000	0.000
0.000	0.000	0.000	0.000	0.000	0.000	0.000	0.000	0.000	0.000	0.000	0.000	0.000	0.000	0.000	0.000	100.000	100.000	100.000	100.000	100.000	10.000	14.286	100.000	100.000	10.000	10.000	10.000	10.000	44.286	100.000	100.000	100.000	100.000	10.000	10.000	10.000	10.000	88.571	100.000	100.000	10.000	10.000	10.000	10.000	10.000	10.000	77.143	100.000	100.000	87.302	0.000	0.000	0.000	0.000	0.000	0.000	0.000	0.000	0.000	0.000	0.000	0.000	0.000
0.000	0.000	0.000	0.000	0.000	0.000	0.000	0.000	0.000	0.000	0.000	0.000	0.000	0.000	0.000	0.000	76.190	100.000	100.000	100.000	100.000	10.000	46.939	100.000	100.000	82.857	10.000	35.714	100.000	100.000	65.714	82.041	100.000	100.000	10.000	10.000	10.000	36.122	100.000	100.000	68.980	10.000	10.000	10.000	18.571	100.000	100.000	57.551	100.000	100.000	0.000	0.000	0.000	0.000	0.000	0.000	0.000	0.000	0.000	0.000	0.000	0.000	0.000	0.000
0.000	0.000	0.000	0.000	0.000	0.000	0.000	0.000	0.000	0.000	0.000	0.000	0.000	0.000	0.000	0.000	0.000	100.000	100.000	100.000	63.265	10.000	100.000	100.000	100.000	100.000	10.000	24.694	100.000	10.000	10.000	52.857	100.000	100.000	10.000	10.000	74.286	100.000	100.000	100.000	10.000	10.000	10.000	10.000	10.000	66.939	100.000	100.000	87.755	0.000	0.000	0.000	0.000	0.000	0.000	0.000	0.000	0.000	0.000	0.000	0.000	0.000	0.000	0.000
0.000	0.000	0.000	0.000	0.000	0.000	0.000	0.000	0.000	0.000	0.000	0.000	0.000	0.000	0.000	0.000	0.000	42.404	100.000	100.000	14.286	10.000	100.000	95.918	10.000	100.000	10.000	10.000	100.000	10.000	10.000	52.857	100.000	100.000	26.327	10.000	10.000	10.000	48.163	100.000	100.000	12.041	10.000	10.000	10.000	10.000	27.143	100.000	0.000	0.000	0.000	0.000	0.000	0.000	0.000	0.000	0.000	0.000	0.000	0.000	0.000	0.000	0.000	0.000
0.000	0.000	0.000	0.000	0.000	0.000	0.000	0.000	0.000	0.000	0.000	0.000	0.000	0.000	0.000	0.000	0.000	0.000	0.000	100.000	100.000	10.000	100.000	10.000	10.000	10.000	10.000	10.000	100.000	10.000	10.000	10.000	100.000	100.000	73.469	10.000	10.000	10.000	10.000	100.000	100.000	10.000	10.000	59.184	100.000	100.000	100.000	0.000	0.000	0.000	0.000	0.000	0.000	0.000	0.000	0.000	0.000	0.000	0.000	0.000	0.000	0.000	0.000	0.000
0.000	0.000	0.000	0.000	0.000	0.000	0.000	0.000	0.000	0.000	0.000	0.000	0.000	0.000	0.000	0.000	0.000	0.000	0.000	0.000	97.279	100.000	100.000	10.000	10.000	10.000	10.000	10.000	65.714	10.000	10.000	28.367	100.000	100.000	100.000	10.000	10.000	10.000	51.633	100.000	10.000	10.000	100.000	100.000	100.000	100.000	34.694	0.000	0.000	0.000	0.000	0.000	0.000	0.000	0.000	0.000	0.000	0.000	0.000	0.000	0.000	0.000	0.000	0.000
0.000	0.000	0.000	0.000	0.000	0.000	0.000	0.000	0.000	0.000	0.000	0.000	0.000	0.000	0.000	0.000	0.000	0.000	0.000	0.000	0.000	38.095	100.000	100.000	17.959	82.857	10.000	10.000	10.000	10.000	10.000	10.000	100.000	100.000	100.000	44.286	19.796	10.000	82.857	100.000	10.000	98.367	100.000	100.000	100.000	0.000	0.000	0.000	0.000	0.000	0.000	0.000	0.000	0.000	0.000	0.000	0.000	0.000	0.000	0.000	0.000	0.000	0.000	0.000
0.000	0.000	0.000	0.000	0.000	0.000	0.000	0.000	0.000	0.000	0.000	0.000	0.000	0.000	0.000	0.000	0.000	0.000	0.000	0.000	0.000	0.000	0.000	3.175	100.000	100.000	100.000	74.286	10.000	10.000	10.000	100.000	100.000	100.000	21.429	10.000	10.000	10.000	100.000	100.000	100.000	100.000	100.000	31.746	0.000	0.000	0.000	0.000	0.000	0.000	0.000	0.000	0.000	0.000	0.000	0.000	0.000	0.000	0.000	0.000	0.000	0.000	0.000	0.000
0.000	0.000	0.000	0.000	0.000	0.000	0.000	0.000	0.000	0.000	0.000	0.000	0.000	0.000	0.000	0.000	0.000	0.000	0.000	0.000	0.000	0.000	0.000	0.000	0.000	42.177	100.000	100.000	10.000	10.000	85.306	65.986	100.000	100.000	10.000	100.000	35.714	10.000	82.857	100.000	100.000	31.973	0.000	0.000	0.000	0.000	0.000	0.000	0.000	0.000	0.000	0.000	0.000	0.000	0.000	0.000	0.000	0.000	0.000	0.000	0.000	0.000	0.000	0.000
0.000	0.000	0.000	0.000	0.000	0.000	0.000	0.000	0.000	0.000	0.000	0.000	0.000	0.000	0.000	0.000	0.000	0.000	0.000	0.000	0.000	0.000	0.000	0.000	0.000	0.000	0.000	23.810	100.000	100.000	100.000	0.000	0.000	100.000	100.000	100.000	100.000	78.571	100.000	100.000	23.810	0.000	0.000	0.000	0.000	0.000	0.000	0.000	0.000	0.000	0.000	0.000	0.000	0.000	0.000	0.000	0.000	0.000	0.000	0.000	0.000	0.000	0.000	0.000
0.000	0.000	0.000	0.000	0.000	0.000	0.000	0.000	0.000	0.000	0.000	0.000	0.000	0.000	0.000	0.000	0.000	0.000	0.000	0.000	0.000	0.000	0.000	0.000	0.000	0.000	0.000	0.000	0.000	0.000	0.000	0.000	0.000	19.048	19.048	19.048	42.177	19.048	19.048	0.000	0.000	0.000	0.000	0.000	0.000	0.000	0.000	0.000	0.000	0.000	0.000	0.000	0.000	0.000	0.000	0.000	0.000	0.000	0.000	0.000	0.000	0.000	0.000	0.000
0.000	0.000	0.000	0.000	0.000	0.000	0.000	0.000	0.000	0.000	0.000	0.000	0.000	0.000	0.000	0.000	0.000	0.000	0.000	0.000	0.000	0.000	0.000	0.000	0.000	0.000	0.000	0.000	0.000	0.000	0.000	0.000	0.000	0.000	0.000	0.000	0.000	0.000	0.000	0.000	0.000	0.000	0.000	0.000	0.000	0.000	0.000	0.000	0.000	0.000	0.000	0.000	0.000	0.000	0.000	0.000	0.000	0.000	0.000	0.000	0.000	0.000	0.000	0.000
0.000	0.000	0.000	0.000	0.000	0.000	0.000	0.000	0.000	0.000	0.000	0.000	0.000	0.000	0.000	0.000	0.000	0.000	0.000	0.000	0.000	0.000	0.000	0.000	0.000	0.000	0.000	0.000	0.000	0.000	0.000	0.000	0.000	0.000	0.000	0.000	0.000	0.000	0.000	0.000	0.000	0.000	0.000	0.000	0.000	0.000	0.000	0.000	0.000	0.000	0.000	0.000	0.000	0.000	0.000	0.000	0.000	0.000	0.000	0.000	0.000	0.000	0.000	0.000
0.000	0.000	0.000	0.000	0.000	0.000	0.000	0.000	0.000	0.000	0.000	0.000	0.000	0.000	0.000	0.000	0.000	0.000	0.000	0.000	0.000	0.000	0.000	0.000	0.000	0.000	0.000	0.000	0.000	0.000	0.000	0.000	0.000	0.000	0.000	0.000	0.000	0.000	0.000	0.000	0.000	0.000	0.000	0.000	0.000	0.000	0.000	0.000	0.000	0.000	0.000	0.000	0.000	0.000	0.000	0.000	0.000	0.000	0.000	0.000	0.000	0.000	0.000	0.000
0.000	0.000	0.000	0.000	0.000	0.000	0.000	0.000	0.000	0.000	0.000	0.000	0.000	0.000	0.000	0.000	0.000	0.000	0.000	0.000	0.000	0.000	0.000	0.000	0.000	0.000	0.000	0.000	0.000	0.000	0.000	0.000	0.000	0.000	0.000	0.000	0.000	0.000	0.000	0.000	0.000	0.000	0.000	0.000	0.000	0.000	0.000	0.000	0.000	0.000	0.000	0.000	0.000	0.000	0.000	0.000	0.000	0.000	0.000	0.000	0.000	0.000	0.000	0.000

